NaN 600 596.73 593.46 590.19 586.92 583.65 580.38 577.11 573.84 570.57 567.3 564.03 560.76 557.49 554.22 550.95 547.68 544.41 541.14 537.87 534.6 531.33 528.06 524.79 521.52 518.25 514.98 511.71 508.44 505.17 501.9 498.63 495.36 492.09 488.82 485.55 482.28 479.01 475.74 472.47 469.2 465.93 462.66 459.39 456.12 452.85 449.58 446.31 443.04 439.77 436.5 433.23 429.96 426.69 423.42 420.15 416.88 413.61 410.34 407.07 403.8 400.53 397.26 393.99 390.72 387.45 384.18 380.91 377.64 374.37 371.1 367.83 364.56 361.29 358.02 354.75 351.48 348.21 344.94 341.67 338.4 335.13 331.86 328.59 325.32 322.05 318.78 315.51 312.24 308.97 305.7 302.43 299.16 295.89 292.62 289.35 286.08 282.81 279.54 276.27 273 269.73 266.46 263.19 259.92 256.65 253.38 250.11 246.84 243.57 240.3 237.03 233.76 230.49 227.22 223.95 220.68
NaN NaN NaN NaN NaN NaN NaN NaN NaN NaN NaN NaN NaN NaN NaN NaN NaN NaN NaN NaN NaN NaN NaN NaN NaN NaN NaN NaN NaN NaN NaN NaN NaN NaN NaN NaN NaN NaN NaN NaN NaN NaN NaN NaN NaN NaN NaN NaN NaN NaN NaN NaN NaN NaN NaN NaN NaN NaN NaN NaN NaN NaN NaN NaN NaN NaN NaN NaN NaN NaN NaN NaN NaN NaN NaN NaN NaN NaN NaN NaN NaN NaN NaN NaN NaN NaN NaN NaN NaN NaN NaN NaN NaN NaN NaN NaN NaN NaN NaN NaN NaN NaN NaN NaN NaN NaN NaN NaN NaN NaN NaN NaN NaN NaN NaN NaN NaN NaN
NaN NaN NaN NaN NaN NaN NaN NaN NaN NaN NaN NaN NaN NaN NaN NaN NaN NaN NaN NaN NaN NaN NaN NaN NaN NaN NaN NaN NaN NaN NaN NaN NaN NaN NaN NaN NaN NaN NaN NaN NaN NaN NaN NaN NaN NaN NaN NaN NaN NaN NaN NaN NaN NaN NaN NaN NaN NaN NaN NaN NaN NaN NaN NaN NaN NaN NaN NaN NaN NaN NaN NaN NaN NaN NaN NaN NaN NaN NaN NaN NaN NaN NaN NaN NaN NaN NaN NaN NaN NaN NaN NaN NaN NaN NaN NaN NaN NaN NaN NaN NaN NaN NaN NaN NaN NaN NaN NaN NaN NaN NaN NaN NaN NaN NaN NaN NaN NaN
210.901 0 0 0 0 0 0 0 0 0 0 0 0 0 0 0 0 0 0 0 0 0 0 0 0 0 0 0 0 0 0 0 0 0 0 0 0 0 0 0 0 0 0 0 0 0 0 0 0 0 0 0 0 0 0 0 0 0 0 0 0 0 0 0 0 0 0 0 0 0 0 0 0 0 0 0 0 0 0 0 0 0 0 0 0 0 0 0 0 0 0 0 0 0 0 0 0 0 0 0 0 0 0 0 0 0 0 0 0 0 0 0 0 0 0 0 0 0
214.065 0 0 0 0 0 0 0 0 0 0 0 0 0 0 0 0 0 0 0 0 0 0 0 0 0 0 0 0 0 0 0 0 0 0 0 0 0 0 0 0 0 0 0 0 0 0 0 0 0 0 0 0 0 0 0 0 0 0 0 0 0 0 0 0 0 0 0 0 0 0 0 0 0 0 0 0 0 0 0 0 0 0 0 0 0 0 0 0 0 0 0 0 0 0 0 0 0 0 0 0 0 0 0 0 0 0 0 0 0 0 0 0 0 0 0 0 0
217.232 0 0 0 0 0 0 0 0 0 0 0 0 0 0 0 0 0 0 0 0 0 0 0 0 0 0 0 0 0 0 0 0 0 0 0 0 0 0 0 0 0 0 0 0 0 0 0 0 0 0 0 0 0 0 0 0 0 0 0 0 0 0 0 0 0 0 0 0 0 0 0 0 0 0 0 0 0 0 0 0 0 0 0 0 0 0 0 0 0 0 0 0 0 0 0 0 0 0 0 0 0 0 0 0 0 0 0 0 0 0 0 0 0 0 0 0 0
220.402 0 0 0 0 0 0 0 0 0 0 0 0 0 0 0 0 0 0 0 0 0 0 0 0 0 0 0 0 0 0 0 0 0 0 0 0 0 0 0 0 0 0 0 0 0 0 0 0 0 0 0 0 0 0 0 0 0 0 0 0 0 0 0 0 0 0 0 0 0 0 0 0 0 0 0 0 0 0 0 0 0 0 0 0 0 0 0 0 0 0 0 0 0 0 0 0 0 0 0 0 0 0 0 0 0 0 0 0 0 0 0 0 0 0 0 0 0
223.574 0 0 0 0 0 0 0 0 0 0 0 0 0 0 0 0 0 0 0 0 0 0 0 0 0 0 0 0 0 0 0 0 0 0 0 0 0 0 0 0 0 0 0 0 0 0 0 0 0 0 0 0 0 0 0 0 0 0 0 0 0 0 0 0 0 0 0 0 0 0 0 0 0 0 0 0 0 0 0 0 0 0 0 0 0 0 0 0 0 0 0 0 0 0 0 0 0 0 0 0 0 0 0 0 0 0 0 0 0 0 0 0 0 0 0 0 0
226.748 0 0 0 0 0 0 0 0 0 0 0 0 0 0 0 0 0 0 0 0 0 0 0 0 0 0 0 0 0 0 0 0 0 0 0 0 0 0 0 0 0 0 0 0 0 0 0 0 0 0 0 0 0 0 0 0 0 0 0 0 0 0 0 0 0 0 0 0 0 0 0 0 0 0 0 0 0 0 0 0 0 0 0 0 0 0 0 0 0 0 0 0 0 0 0 0 0 0 0 0 0 0 0 0 0 0 0 0 0 0 0 0 0 0 0 0 0
229.925 0 0 0 0 0 0 0 0 0 0 0 0 0 0 0 0 0 0 0 0 0 0 0 0 0 0 0 0 0 0 0 0 0 0 0 0 0 0 0 0 0 0 0 0 0 0 0 0 0 0 0 0 0 0 0 0 0 0 0 0 0 0 0 0 0 0 0 0 0 0 0 0 0 0 0 0 0 0 0 0 0 0 0 0 0 0 0 0 0 0 0 0 0 0 0 0 0 0 0 0 0 0 0 0 0 0 0 0 0 0 0 0 0 0 0 0 0
233.104 0 0 0 0 0 0 0 0 0 0 0 0 0 0 0 0 0 0 0 0 0 0 0 0 0 0 0 0 0 0 0 0 0 0 0 0 0 0 0 0 0 0 0 0 0 0 0 0 0 0 0 0 0 0 0 0 0 0 0 0 0 0 0 0 0 0 0 0 0 0 0 0 0 0 0 0 0 0 0 0 0 0 0 0 0 0 0 0 0 0 0 0 0 0 0 0 0 0 0 0 0 0 0 0 0 0 0 0 0 0 0 0 0 0 0 0 6.507910748
236.285 0 0 0 0 0 0 0 0 0 0 0 0 0 0 0 0 0 0 0 0 0 0 0 0 0 0 0 0 0 0 0 0 0 0 0 0 0 0 0 0 0 0 0 0 0 0 0 0 0 0 0 0 0 0 0 0 0 0 0 0 0 0 0 0 0 0 0 0 0 0 0 0 0 0 0 0 0 0 0 0 0 0 0 0 0 0 0 0 0 0 0 0 0 0 0 0 0 0 0 0 0 0 0 0 0 0 0 0 0 0 0 0 0 0 0 -1.084403761 -4.883803986
239.469 0 0 0 0 0 0 0 0 0 0 0 0 0 0 0 0 0 0 0 0 0 0 0 0 0 0 0 0 0 0 0 0 0 0 0 0 0 0 0 0 0 0 0 0 0 0 0 0 0 0 0 0 0 0 0 0 0 0 0 0 0 0 0 0 0 0 0 0 0 0 0 0 0 0 0 0 0 0 0 0 0 0 0 0 0 0 0 0 0 0 0 0 0 0 0 0 0 0 0 0 0 0 0 0 0 0 0 0 0 0 0 0 0 0 0.327683524 5.00991168 -2.431494307
242.655 0 0 0 0 0 0 0 0 0 0 0 0 0 0 0 0 0 0 0 0 0 0 0 0 0 0 0 0 0 0 0 0 0 0 0 0 0 0 0 0 0 0 0 0 0 0 0 0 0 0 0 0 0 0 0 0 0 0 0 0 0 0 0 0 0 0 0 0 0 0 0 0 0 0 0 0 0 0 0 0 0 0 0 0 0 0 0 0 0 0 0 0 0 0 0 0 0 0 0 0 0 0 0 0 0 0 0 0 0 0 0 0 0 -0.259140246 -0.10915539 -4.137919996 -26.00743955
245.844 0 0 0 0 0 0 0 0 0 0 0 0 0 0 0 0 0 0 0 0 0 0 0 0 0 0 0 0 0 0 0 0 0 0 0 0 0 0 0 0 0 0 0 0 0 0 0 0 0 0 0 0 0 0 0 0 0 0 0 0 0 0 0 0 0 0 0 0 0 0 0 0 0 0 0 0 0 0 0 0 0 0 0 0 0 0 0 0 0 0 0 0 0 0 0 0 0 0 0 0 0 0 0 0 0 0 0 0 0 0 0 0 0.060710953 0.138255691 1.414731646 -3.904459376 -2.440280731
249.035 0 0 0 0 0 0 0 0 0 0 0 0 0 0 0 0 0 0 0 0 0 0 0 0 0 0 0 0 0 0 0 0 0 0 0 0 0 0 0 0 0 0 0 0 0 0 0 0 0 0 0 0 0 0 0 0 0 0 0 0 0 0 0 0 0 0 0 0 0 0 0 0 0 0 0 0 0 0 0 0 0 0 0 0 0 0 0 0 0 0 0 0 0 0 0 0 0 0 0 0 0 0 0 0 0 0 0 0 0 0 0 0.044603339 -0.154828495 0.069783318 0.820682459 1.736144574 7.307367238
252.228 0 0 0 0 0 0 0 0 0 0 0 0 0 0 0 0 0 0 0 0 0 0 0 0 0 0 0 0 0 0 0 0 0 0 0 0 0 0 0 0 0 0 0 0 0 0 0 0 0 0 0 0 0 0 0 0 0 0 0 0 0 0 0 0 0 0 0 0 0 0 0 0 0 0 0 0 0 0 0 0 0 0 0 0 0 0 0 0 0 0 0 0 0 0 0 0 0 0 0 0 0 0 0 0 0 0 0 0 0 0 0.018249123 -0.022694919 -0.032033443 -0.026801658 -0.518017687 3.290104361 0.639431659
255.423 0 0 0 0 0 0 0 0 0 0 0 0 0 0 0 0 0 0 0 0 0 0 0 0 0 0 0 0 0 0 0 0 0 0 0 0 0 0 0 0 0 0 0 0 0 0 0 0 0 0 0 0 0 0 0 0 0 0 0 0 0 0 0 0 0 0 0 0 0 0 0 0 0 0 0 0 0 0 0 0 0 0 0 0 0 0 0 0 0 0 0 0 0 0 0 0 0 0 0 0 0 0 0 0 0 0 0 0 0 -0.010679718 0.004458716 0.013564354 0.000421 0.269730497 1.292465614 -0.70705457 5.329354462
258.621 0 0 0 0 0 0 0 0 0 0 0 0 0 0 0 0 0 0 0 0 0 0 0 0 0 0 0 0 0 0 0 0 0 0 0 0 0 0 0 0 0 0 0 0 0 0 0 0 0 0 0 0 0 0 0 0 0 0 0 0 0 0 0 0 0 0 0 0 0 0 0 0 0 0 0 0 0 0 0 0 0 0 0 0 0 0 0 0 0 0 0 0 0 0 0 0 0 0 0 0 0 0 0 0 0 0 0 0 -0.01065073 -0.001784277 0.003392911 -0.034156348 0.023169512 -0.029026509 0.369729079 3.133847439 11.02026822
261.821 0 0 0 0 0 0 0 0 0 0 0 0 0 0 0 0 0 0 0 0 0 0 0 0 0 0 0 0 0 0 0 0 0 0 0 0 0 0 0 0 0 0 0 0 0 0 0 0 0 0 0 0 0 0 0 0 0 0 0 0 0 0 0 0 0 0 0 0 0 0 0 0 0 0 0 0 0 0 0 0 0 0 0 0 0 0 0 0 0 0 0 0 0 0 0 0 0 0 0 0 0 0 0 0 0 0 0 0.010645434 0.022140694 -0.043818302 -0.003853975 0.023129622 -0.01175928 0.409881004 0.190053542 -2.105253712 -1.438383513
265.023 0 0 0 0 0 0 0 0 0 0 0 0 0 0 0 0 0 0 0 0 0 0 0 0 0 0 0 0 0 0 0 0 0 0 0 0 0 0 0 0 0 0 0 0 0 0 0 0 0 0 0 0 0 0 0 0 0 0 0 0 0 0 0 0 0 0 0 0 0 0 0 0 0 0 0 0 0 0 0 0 0 0 0 0 0 0 0 0 0 0 0 0 0 0 0 0 0 0 0 0 0 0 0 0 0 0 0.009402646 0.001108015 0.004152181 0.00651768 0.057434416 -0.034991045 0.037310745 0.509596851 1.501859791 -1.813767905 1.488471395
268.228 0 0 0 0 0 0 0 0 0 0 0 0 0 0 0 0 0 0 0 0 0 0 0 0 0 0 0 0 0 0 0 0 0 0 0 0 0 0 0 0 0 0 0 0 0 0 0 0 0 0 0 0 0 0 0 0 0 0 0 0 0 0 0 0 0 0 0 0 0 0 0 0 0 0 0 0 0 0 0 0 0 0 0 0 0 0 0 0 0 0 0 0 0 0 0 0 0 0 0 0 0 0 0 0 0 -0.015225349 -0.009120564 0.014806126 -0.02638852 -0.000517 -0.057646556 -0.020961777 0.006386743 -0.195318444 -2.048062324 -4.303153575 -13.02755053
271.434 0 0 0 0 0 0 0 0 0 0 0 0 0 0 0 0 0 0 0 0 0 0 0 0 0 0 0 0 0 0 0 0 0 0 0 0 0 0 0 0 0 0 0 0 0 0 0 0 0 0 0 0 0 0 0 0 0 0 0 0 0 0 0 0 0 0 0 0 0 0 0 0 0 0 0 0 0 0 0 0 0 0 0 0 0 0 0 0 0 0 0 0 0 0 0 0 0 0 0 0 0 0 0 0 -0.000513 0.00133926 0.008674643 -0.011486164 -0.025420353 -0.040531096 -0.006680355 -0.039710793 0.012947282 0.049574453 -0.418703291 -1.253445068 -12.48375183
274.643 0 0 0 0 0 0 0 0 0 0 0 0 0 0 0 0 0 0 0 0 0 0 0 0 0 0 0 0 0 0 0 0 0 0 0 0 0 0 0 0 0 0 0 0 0 0 0 0 0 0 0 0 0 0 0 0 0 0 0 0 0 0 0 0 0 0 0 0 0 0 0 0 0 0 0 0 0 0 0 0 0 0 0 0 0 0 0 0 0 0 0 0 0 0 0 0 0 0 0 0 0 0 0 -0.003927824 0.002323838 -0.009649295 0.007012551 0.00825907 -0.017912265 0.015940596 0.03245017 -0.043299638 0.019702204 0.067230028 -1.689836917 5.508524393 -15.79627691
277.854 0 0 0 0 0 0 0 0 0 0 0 0 0 0 0 0 0 0 0 0 0 0 0 0 0 0 0 0 0 0 0 0 0 0 0 0 0 0 0 0 0 0 0 0 0 0 0 0 0 0 0 0 0 0 0 0 0 0 0 0 0 0 0 0 0 0 0 0 0 0 0 0 0 0 0 0 0 0 0 0 0 0 0 0 0 0 0 0 0 0 0 0 0 0 0 0 0 0 0 0 0 0 0.004489378 0.007031328 0.006396206 -0.007905501 -0.015930947 -0.008703501 -0.003596452 0.015987321 0.008596918 0.021803264 0.013226562 -0.101284619 2.125598997 2.971680016 -3.960613903
281.068 0 0 0 0 0 0 0 0 0 0 0 0 0 0 0 0 0 0 0 0 0 0 0 0 0 0 0 0 0 0 0 0 0 0 0 0 0 0 0 0 0 0 0 0 0 0 0 0 0 0 0 0 0 0 0 0 0 0 0 0 0 0 0 0 0 0 0 0 0 0 0 0 0 0 0 0 0 0 0 0 0 0 0 0 0 0 0 0 0 0 0 0 0 0 0 0 0 0 0 0 0 0.007861626 0.015327522 0.012740044 0.010873145 0.006303936 0.00291055 -0.005061796 0.010807347 0.029677122 0.001712593 0.006183 0.019689035 0.117595445 0.370767923 -4.866897935 3.155236606
284.283 0 0 0 0 0 0 0 0 0 0 0 0 0 0 0 0 0 0 0 0 0 0 0 0 0 0 0 0 0 0 0 0 0 0 0 0 0 0 0 0 0 0 0 0 0 0 0 0 0 0 0 0 0 0 0 0 0 0 0 0 0 0 0 0 0 0 0 0 0 0 0 0 0 0 0 0 0 0 0 0 0 0 0 0 0 0 0 0 0 0 0 0 0 0 0 0 0 0 0 0 0.015366623 0.009545239 0.009023587 0.007592377 0.009883222 0.020730649 0.007477421 0.004259051 0.014943335 0.051304908 0.021950946 0.116245335 0.149096894 0.132754878 1.305229505 7.740684702 32.01958913
287.501 0 0 0 0 0 0 0 0 0 0 0 0 0 0 0 0 0 0 0 0 0 0 0 0 0 0 0 0 0 0 0 0 0 0 0 0 0 0 0 0 0 0 0 0 0 0 0 0 0 0 0 0 0 0 0 0 0 0 0 0 0 0 0 0 0 0 0 0 0 0 0 0 0 0 0 0 0 0 0 0 0 0 0 0 0 0 0 0 0 0 0 0 0 0 0 0 0 0 0 0.024172661 0.026518132 0.019266456 0.022257448 0.013088377 0.02060227 0.027608215 0.012114201 0.030660419 0.02536741 0.031111426 0.06018486 0.103003166 0.032095996 0.361636923 0.826605185 1.66241792 14.6953267
290.72 0 0 0 0 0 0 0 0 0 0 0 0 0 0 0 0 0 0 0 0 0 0 0 0 0 0 0 0 0 0 0 0 0 0 0 0 0 0 0 0 0 0 0 0 0 0 0 0 0 0 0 0 0 0 0 0 0 0 0 0 0 0 0 0 0 0 0 0 0 0 0 0 0 0 0 0 0 0 0 0 0 0 0 0 0 0 0 0 0 0 0 0 0 0 0 0 0 0 0.020267273 0.024838317 0.025194411 0.019401584 0.018399234 0.005008526 0.017219004 0.023522898 0.018605903 0.017397378 0.011774183 0.044836857 0.092014684 0.023843215 0.050469451 0.16162609 0.559399741 1.421647874 -9.881171358
293.942 0 0 0 0 0 0 0 0 0 0 0 0 0 0 0 0 0 0 0 0 0 0 0 0 0 0 0 0 0 0 0 0 0 0 0 0 0 0 0 0 0 0 0 0 0 0 0 0 0 0 0 0 0 0 0 0 0 0 0 0 0 0 0 0 0 0 0 0 0 0 0 0 0 0 0 0 0 0 0 0 0 0 0 0 0 0 0 0 0 0 0 0 0 0 0 0 0 0.023870842 0.023100056 0.028753102 0.03461423 0.031256114 0.012307321 0.021192895 0.021624706 0.023487439 0.017164551 0.014123686 0.002051573 0.007045432 0.030778561 -0.046920322 -0.024868083 -0.063689547 0.450207853 3.41277652 -11.9810188
297.166 0 0 0 0 0 0 0 0 0 0 0 0 0 0 0 0 0 0 0 0 0 0 0 0 0 0 0 0 0 0 0 0 0 0 0 0 0 0 0 0 0 0 0 0 0 0 0 0 0 0 0 0 0 0 0 0 0 0 0 0 0 0 0 0 0 0 0 0 0 0 0 0 0 0 0 0 0 0 0 0 0 0 0 0 0 0 0 0 0 0 0 0 0 0 0 0 0.020336701 0.023101737 0.030749629 0.035845815 0.032798143 0.01298221 0.038186958 0.035180089 0.022117334 0.020697905 0.029671773 0.025875229 0.03168573 0.031759504 0.076784769 0.0840472 0.239579758 0.692030732 1.137525627 1.192560118 -19.97853394
300.392 0 0 0 0 0 0 0 0 0 0 0 0 0 0 0 0 0 0 0 0 0 0 0 0 0 0 0 0 0 0 0 0 0 0 0 0 0 0 0 0 0 0 0 0 0 0 0 0 0 0 0 0 0 0 0 0 0 0 0 0 0 0 0 0 0 0 0 0 0 0 0 0 0 0 0 0 0 0 0 0 0 0 0 0 0 0 0 0 0 0 0 0 0 0 0 0.00861439 0.01419796 0.024036769 0.030811277 0.039378905 0.032686661 0.03030995 0.036166405 0.03099037 0.033620875 0.028979926 0.04632061 0.032135445 0.044886507 0.026643138 0.049305458 0.017327402 0.018362716 0.015828453 -1.474216724 2.367199298 2.217035493
303.62 0 0 0 0 0 0 0 0 0 0 0 0 0 0 0 0 0 0 0 0 0 0 0 0 0 0 0 0 0 0 0 0 0 0 0 0 0 0 0 0 0 0 0 0 0 0 0 0 0 0 0 0 0 0 0 0 0 0 0 0 0 0 0 0 0 0 0 0 0 0 0 0 0 0 0 0 0 0 0 0 0 0 0 0 0 0 0 0 0 0 0 0 0 0 0.006285994 0.011568913 0.016744094 0.036609952 0.037678935 0.035044324 0.042512726 0.033708924 0.029796214 0.031759654 0.032941871 0.030086835 0.02440508 0.042309629 0.050682984 0.062829599 0.090203196 0.1606014 -0.024263487 -0.046553656 0.000797 1.963985477 5.124410883
306.85 0 0 0 0 0 0 0 0 0 0 0 0 0 0 0 0 0 0 0 0 0 0 0 0 0 0 0 0 0 0 0 0 0 0 0 0 0 0 0 0 0 0 0 0 0 0 0 0 0 0 0 0 0 0 0 0 0 0 0 0 0 0 0 0 0 0 0 0 0 0 0 0 0 0 0 0 0 0 0 0 0 0 0 0 0 0 0 0 0 0 0 0 0 0.006119714 0.004442297 0.014324752 0.021512784 0.03760484 0.027245134 0.049549763 0.041901825 0.037878102 0.039813992 0.036517571 0.035195996 0.039246687 0.049762532 0.049423837 0.062284243 0.030561522 0.074707182 0.089292767 0.17697604 0.140631185 1.669547367 4.136503228 4.406621507
310.082 0 0 0 0 0 0 0 0 0 0 0 0 0 0 0 0 0 0 0 0 0 0 0 0 0 0 0 0 0 0 0 0 0 0 0 0 0 0 0 0 0 0 0 0 0 0 0 0 0 0 0 0 0 0 0 0 0 0 0 0 0 0 0 0 0 0 0 0 0 0 0 0 0 0 0 0 0 0 0 0 0 0 0 0 0 0 0 0 0 0 0 0 0.002946286 0.002840204 0.007988494 0.010206961 0.016467108 0.022316135 0.028152559 0.033603032 0.034251377 0.0302007 0.023716208 0.025648255 0.021172152 0.026151436 0.034820217 0.039035652 0.043504016 0.008890546 0.034991889 -0.045937445 -0.048745764 -0.077995433 -0.833534266 -8.054717795 -19.82927317
313.316 0 0 0 0 0 0 0 0 0 0 0 0 0 0 0 0 0 0 0 0 0 0 0 0 0 0 0 0 0 0 0 0 0 0 0 0 0 0 0 0 0 0 0 0 0 0 0 0 0 0 0 0 0 0 0 0 0 0 0 0 0 0 0 0 0 0 0 0 0 0 0 0 0 0 0 0 0 0 0 0 0 0 0 0 0 0 0 0 0 0 0 0.007730174 0.007704779 0.011215872 0.012540185 0.014477699 0.02048123 0.022906095 0.030616976 0.042508575 0.035921339 0.040077304 0.031904854 0.031103852 0.034813649 0.044101896 0.03806319 0.05111563 0.057840393 0.051489989 0.033575372 0.112832174 0.104209594 0.17275907 1.283616841 5.541142156 22.90096908
316.553 0 0 0 0 0 0 0 0 0 0 0 0 0 0 0 0 0 0 0 0 0 0 0 0 0 0 0 0 0 0 0 0 0 0 0 0 0 0 0 0 0 0 0 0 0 0 0 0 0 0 0 0 0 0 0 0 0 0 0 0 0 0 0 0 0 0 0 0 0 0 0 0 0 0 0 0 0 0 0 0 0 0 0 0 0 0 0 0 0 0 0.00696991 0.007238252 0.007875566 0.015116793 0.012711844 0.014212961 0.025687738 0.034267888 0.035064671 0.039438323 0.042787453 0.038430234 0.037483443 0.031910574 0.037067438 0.04742967 0.057114177 0.0576537 0.056433996 0.070055565 0.082286066 0.099407763 0.142492643 0.491546275 1.596813116 2.404406237 -11.95525939
319.791 0 0 0 0 0 0 0 0 0 0 0 0 0 0 0 0 0 0 0 0 0 0 0 0 0 0 0 0 0 0 0 0 0 0 0 0 0 0 0 0 0 0 0 0 0 0 0 0 0 0 0 0 0 0 0 0 0 0 0 0 0 0 0 0 0 0 0 0 0 0 0 0 0 0 0 0 0 0 0 0 0 0 0 0 0 0 0 0 0 0.006697182 0.008511864 0.006366824 0.010235068 0.007962862 0.013680214 0.016714142 0.016345125 0.028919083 0.033879883 0.034119338 0.03785292 0.039181843 0.031560247 0.039362576 0.030771352 0.040344731 0.040215244 0.052389026 0.044403343 0.068369534 0.105369588 0.129233153 0.056026412 0.095555013 0.551048322 0.802893998 19.51862132
323.031 0 0 0 0 0 0 0 0 0 0 0 0 0 0 0 0 0 0 0 0 0 0 0 0 0 0 0 0 0 0 0 0 0 0 0 0 0 0 0 0 0 0 0 0 0 0 0 0 0 0 0 0 0 0 0 0 0 0 0 0 0 0 0 0 0 0 0 0 0 0 0 0 0 0 0 0 0 0 0 0 0 0 0 0 0 0 0 0 0.00812075 0.006624387 0.012949625 0.011669894 0.010747209 0.015210415 0.017712732 0.018907029 0.024634206 0.038665995 0.035821947 0.036199903 0.03386322 0.039161177 0.037499819 0.03066621 0.030138058 0.034822909 0.042786278 0.055741506 0.061574661 0.058706453 0.029926312 0.054208021 -0.070145442 0.097832613 0.204518917 1.836759667 -9.994607422
326.273 0 0 0 0 0 0 0 0 0 0 0 0 0 0 0 0 0 0 0 0 0 0 0 0 0 0 0 0 0 0 0 0 0 0 0 0 0 0 0 0 0 0 0 0 0 0 0 0 0 0 0 0 0 0 0 0 0 0 0 0 0 0 0 0 0 0 0 0 0 0 0 0 0 0 0 0 0 0 0 0 0 0 0 0 0 0 0 0.006150226 0.00943329 0.010437261 0.010035735 0.014233915 0.01681215 0.016878148 0.018692959 0.02404639 0.037473048 0.038911748 0.04206107 0.035066205 0.036193618 0.040992284 0.032516332 0.037168793 0.042267767 0.036406195 0.048834832 0.057210739 0.060322788 0.07928502 0.068194275 0.135866176 0.065479784 0.318467159 0.738422623 1.279950103 -0.788774548
329.517 0 0 0 0 0 0 0 0 0 0 0 0 0 0 0 0 0 0 0 0 0 0 0 0 0 0 0 0 0 0 0 0 0 0 0 0 0 0 0 0 0 0 0 0 0 0 0 0 0 0 0 0 0 0 0 0 0 0 0 0 0 0 0 0 0 0 0 0 0 0 0 0 0 0 0 0 0 0 0 0 0 0 0 0 0 0 0.007808283 0.007840591 0.009621909 0.013365367 0.015006327 0.016143473 0.016672898 0.015188359 0.022556917 0.028595269 0.033085336 0.041659301 0.034580076 0.041820505 0.043886677 0.037728991 0.039700358 0.030079954 0.0442601 0.034405432 0.046463969 0.052405996 0.049807292 0.074391273 0.046941978 0.069274363 0.013339229 0.23908935 0.429056666 4.293044566 -2.423151846
332.763 0 0 0 0 0 0 0 0 0 0 0 0 0 0 0 0 0 0 0 0 0 0 0 0 0 0 0 0 0 0 0 0 0 0 0 0 0 0 0 0 0 0 0 0 0 0 0 0 0 0 0 0 0 0 0 0 0 0 0 0 0 0 0 0 0 0 0 0 0 0 0 0 0 0 0 0 0 0 0 0 0 0 0 0 0 0.007566116 0.009459212 0.010169477 0.011536464 0.015131393 0.01979354 0.02137717 0.02100066 0.022926522 0.028083885 0.031979016 0.037764304 0.040350919 0.042141759 0.040882274 0.040566783 0.036786886 0.043427547 0.041224743 0.046025228 0.038659555 0.053011781 0.060213488 0.070508051 0.074279551 0.118011088 0.105337141 0.250231627 0.450178053 1.741790489 1.735547914 -0.004887944
336.011 0 0 0 0 0 0 0 0 0 0 0 0 0 0 0 0 0 0 0 0 0 0 0 0 0 0 0 0 0 0 0 0 0 0 0 0 0 0 0 0 0 0 0 0 0 0 0 0 0 0 0 0 0 0 0 0 0 0 0 0 0 0 0 0 0 0 0 0 0 0 0 0 0 0 0 0 0 0 0 0 0 0 0 0 0.004792411 0.006911986 0.009800031 0.01028002 0.014828993 0.014931621 0.01998457 0.022334094 0.026697184 0.02946586 0.033007855 0.034303261 0.0342348 0.039002825 0.040636955 0.041511397 0.039197573 0.0381435 0.032105284 0.03545506 0.041174903 0.039471121 0.040421115 0.057113924 0.055093746 0.058085252 0.118380705 0.11210627 0.040753729 0.139074742 0.92864029 0.001865327 -18.79418813
339.261 0 0 0 0 0 0 0 0 0 0 0 0 0 0 0 0 0 0 0 0 0 0 0 0 0 0 0 0 0 0 0 0 0 0 0 0 0 0 0 0 0 0 0 0 0 0 0 0 0 0 0 0 0 0 0 0 0 0 0 0 0 0 0 0 0 0 0 0 0 0 0 0 0 0 0 0 0 0 0 0 0 0 0 0.004491763 0.004141412 0.009849799 0.011595735 0.014193952 0.015984232 0.018823682 0.020829606 0.026895525 0.027855364 0.03243011 0.036563208 0.034883292 0.045314534 0.041167616 0.043484568 0.04104037 0.044263972 0.043763693 0.037400438 0.042408542 0.040319563 0.042613771 0.055767886 0.053318678 0.070775149 0.060341935 0.100787857 0.099389539 0.230831338 0.069661725 0.656687885 -5.460582824 15.53868966
342.512 0 0 0 0 0 0 0 0 0 0 0 0 0 0 0 0 0 0 0 0 0 0 0 0 0 0 0 0 0 0 0 0 0 0 0 0 0 0 0 0 0 0 0 0 0 0 0 0 0 0 0 0 0 0 0 0 0 0 0 0 0 0 0 0 0 0 0 0 0 0 0 0 0 0 0 0 0 0 0 0 0 0 0.005086855 0.007535278 0.008389103 0.011395887 0.014292575 0.016887543 0.020966409 0.018761949 0.023425537 0.025632006 0.032297674 0.036108882 0.035444178 0.040718352 0.039506759 0.040783427 0.042303566 0.040851455 0.037867896 0.040387478 0.038227773 0.043082187 0.029841141 0.037907647 0.035053795 0.048552401 0.056083537 0.085851674 0.063921135 0.009747201 -0.074889078 0.157214313 -1.75600709 -1.532719651 -14.75815292
345.766 0 0 0 0 0 0 0 0 0 0 0 0 0 0 0 0 0 0 0 0 0 0 0 0 0 0 0 0 0 0 0 0 0 0 0 0 0 0 0 0 0 0 0 0 0 0 0 0 0 0 0 0 0 0 0 0 0 0 0 0 0 0 0 0 0 0 0 0 0 0 0 0 0 0 0 0 0 0 0 0 0 0.007416827 0.006645483 0.009805568 0.011410218 0.0147748 0.015447779 0.020434081 0.023580628 0.020470059 0.03131026 0.027706876 0.035538441 0.038730843 0.038818072 0.044135578 0.044541371 0.041423995 0.047048116 0.047465374 0.038968106 0.039074428 0.04484437 0.044254597 0.043222685 0.041759614 0.047869579 0.056761006 0.060363603 0.063320143 0.082410199 0.087643852 6.78e-05 -0.140801766 -1.272294549 -1.560482805 -7.446491767
349.021 0 0 0 0 0 0 0 0 0 0 0 0 0 0 0 0 0 0 0 0 0 0 0 0 0 0 0 0 0 0 0 0 0 0 0 0 0 0 0 0 0 0 0 0 0 0 0 0 0 0 0 0 0 0 0 0 0 0 0 0 0 0 0 0 0 0 0 0 0 0 0 0 0 0 0 0 0 0 0 0 0.006111028 0.005348865 0.009447688 0.01246106 0.014104564 0.015054056 0.020063514 0.021209934 0.02116078 0.025284995 0.033919766 0.033877827 0.035159312 0.037440778 0.043623204 0.042910293 0.042907065 0.043776398 0.043122319 0.046063619 0.043717167 0.045781339 0.039573839 0.039586825 0.046828214 0.039844721 0.042845867 0.061501806 0.08184148 0.085561512 0.018210567 0.072404458 0.090627392 -0.071361466 -0.673648244 -4.491860764 -10.08603413
352.278 0 0 0 0 0 0 0 0 0 0 0 0 0 0 0 0 0 0 0 0 0 0 0 0 0 0 0 0 0 0 0 0 0 0 0 0 0 0 0 0 0 0 0 0 0 0 0 0 0 0 0 0 0 0 0 0 0 0 0 0 0 0 0 0 0 0 0 0 0 0 0 0 0 0 0 0 0 0 0 0.007920076 0.008676505 0.008355673 0.014591164 0.015490307 0.017494919 0.017939675 0.02017493 0.022373055 0.024875811 0.031617864 0.03691606 0.038666432 0.039665922 0.043008935 0.046856486 0.047470004 0.045640749 0.047976768 0.048303908 0.048869868 0.04514477 0.040589733 0.045856151 0.043846178 0.053893223 0.063443908 0.061038764 0.059815153 0.092772962 0.074601673 0.088838822 0.17437338 0.248629532 -0.290922752 -1.374064629 1.607807719 -27.38099903
355.537 0 0 0 0 0 0 0 0 0 0 0 0 0 0 0 0 0 0 0 0 0 0 0 0 0 0 0 0 0 0 0 0 0 0 0 0 0 0 0 0 0 0 0 0 0 0 0 0 0 0 0 0 0 0 0 0 0 0 0 0 0 0 0 0 0 0 0 0 0 0 0 0 0 0 0 0 0 0 0.007104926 0.009675895 0.011773766 0.014095722 0.014811279 0.017960953 0.020538779 0.026352412 0.020370935 0.024065654 0.032232852 0.037426638 0.038576377 0.041347826 0.04245936 0.042508915 0.051105151 0.048543828 0.053430622 0.049413446 0.047457303 0.052615545 0.051777833 0.054852908 0.053123351 0.058418576 0.060951584 0.072865311 0.067387518 0.102106381 0.078351618 0.095530263 0.118336196 0.037511141 0.02168185 0.369385952 1.336154788 2.088000641 2.594142838
358.798 0 0 0 0 0 0 0 0 0 0 0 0 0 0 0 0 0 0 0 0 0 0 0 0 0 0 0 0 0 0 0 0 0 0 0 0 0 0 0 0 0 0 0 0 0 0 0 0 0 0 0 0 0 0 0 0 0 0 0 0 0 0 0 0 0 0 0 0 0 0 0 0 0 0 0 0 0 0.007437932 0.007531383 0.010133952 0.013023501 0.013903895 0.014399755 0.017116014 0.023430797 0.022849843 0.029129194 0.030427278 0.032769058 0.040476737 0.040705386 0.046563644 0.048603675 0.042795257 0.050922178 0.051028465 0.047788387 0.049991885 0.046098394 0.0553824 0.047569005 0.050376196 0.058185221 0.060766819 0.059143394 0.06850921 0.073204547 0.069103905 0.073665581 0.057773759 0.047565161 -0.017130602 0.051102626 1.12e-05 -0.000478 -6.589642642 -30.76124259
362.061 0 0 0 0 0 0 0 0 0 0 0 0 0 0 0 0 0 0 0 0 0 0 0 0 0 0 0 0 0 0 0 0 0 0 0 0 0 0 0 0 0 0 0 0 0 0 0 0 0 0 0 0 0 0 0 0 0 0 0 0 0 0 0 0 0 0 0 0 0 0 0 0 0 0 0 0 0.004765682 0.007516738 0.009758772 0.01240169 0.014358389 0.01770904 0.021613672 0.022559505 0.027302915 0.029787517 0.03014599 0.037243514 0.037983051 0.042364448 0.041893036 0.042674371 0.049732218 0.047852687 0.047511283 0.04866591 0.051860205 0.053427706 0.05594107 0.053984493 0.055782892 0.051363422 0.05830967 0.058068375 0.064563208 0.059085236 0.067058413 0.088325782 0.100340293 0.079832447 0.055765231 0.076661841 0.059041968 -0.358535047 -1.244305128 -4.275947235 -47.95194388
365.325 0 0 0 0 0 0 0 0 0 0 0 0 0 0 0 0 0 0 0 0 0 0 0 0 0 0 0 0 0 0 0 0 0 0 0 0 0 0 0 0 0 0 0 0 0 0 0 0 0 0 0 0 0 0 0 0 0 0 0 0 0 0 0 0 0 0 0 0 0 0 0 0 0 0 0 0.00719982 0.007577313 0.009791108 0.01546968 0.0176046 0.018638574 0.022087387 0.025077898 0.026168258 0.034790586 0.03172048 0.037688806 0.040976594 0.04277675 0.043836974 0.048326074 0.050616718 0.051498288 0.053880169 0.05555982 0.058250817 0.060174732 0.05758177 0.058747849 0.058165294 0.067987811 0.07322884 0.066465747 0.069687149 0.081707277 0.083332796 0.086107245 0.099113422 0.105890508 0.113901737 0.123744482 0.122628551 0.163306841 0.532150625 0.956099546 1.90257781 10.7240677
368.591 0 0 0 0 0 0 0 0 0 0 0 0 0 0 0 0 0 0 0 0 0 0 0 0 0 0 0 0 0 0 0 0 0 0 0 0 0 0 0 0 0 0 0 0 0 0 0 0 0 0 0 0 0 0 0 0 0 0 0 0 0 0 0 0 0 0 0 0 0 0 0 0 0 0 0.003958312 0.006097727 0.008225957 0.01044547 0.015722359 0.019904955 0.021892735 0.024967305 0.028456283 0.028634494 0.028596432 0.036522672 0.038885009 0.041878954 0.043344946 0.045247598 0.049888575 0.053025105 0.052157888 0.054681172 0.052975888 0.059759663 0.057146895 0.059942775 0.054030032 0.050834669 0.059175355 0.054118191 0.069419865 0.072696272 0.066145536 0.091162786 0.084960081 0.101204847 0.07351927 0.092593345 0.129916615 -0.03152621 -0.133966423 -0.457248092 -1.678113088 -3.849331093 -35.88084319
371.859 0 0 0 0 0 0 0 0 0 0 0 0 0 0 0 0 0 0 0 0 0 0 0 0 0 0 0 0 0 0 0 0 0 0 0 0 0 0 0 0 0 0 0 0 0 0 0 0 0 0 0 0 0 0 0 0 0 0 0 0 0 0 0 0 0 0 0 0 0 0 0 0 0 0.010328094 0.009071362 0.010887766 0.016422254 0.018644189 0.021367937 0.025243791 0.026862626 0.029363152 0.033771106 0.036799794 0.042342925 0.042241887 0.046581527 0.05004723 0.049635024 0.055224517 0.059155158 0.061352961 0.058992991 0.063266722 0.06442753 0.067015964 0.068909331 0.063325468 0.073094299 0.0747804 0.077995943 0.081594232 0.082445354 0.093490133 0.093133477 0.107376504 0.105739236 0.123166121 0.144938758 0.167525978 0.180733804 0.232424738 0.313397588 0.745007724 3.364748489 6.011295478 15.27625406
375.128 0 0 0 0 0 0 0 0 0 0 0 0 0 0 0 0 0 0 0 0 0 0 0 0 0 0 0 0 0 0 0 0 0 0 0 0 0 0 0 0 0 0 0 0 0 0 0 0 0 0 0 0 0 0 0 0 0 0 0 0 0 0 0 0 0 0 0 0 0 0 0 0 0.00495522 0.009859205 0.009386816 0.010503036 0.016478668 0.019758878 0.02362036 0.026037019 0.029342891 0.033800227 0.037688384 0.034519124 0.042813879 0.045042077 0.049059136 0.051186195 0.05519833 0.059761743 0.060219637 0.059884381 0.065093343 0.064788267 0.06315793 0.071917255 0.068341335 0.067965167 0.065157186 0.067500227 0.073938084 0.0850791 0.069326 0.088714392 0.100591673 0.106986522 0.096257045 0.108481515 0.142150383 0.157239017 0.169675189 0.081289003 0.089854636 0.076584025 -0.180681158 -1.697382385 1.798523522
378.399 0 0 0 0 0 0 0 0 0 0 0 0 0 0 0 0 0 0 0 0 0 0 0 0 0 0 0 0 0 0 0 0 0 0 0 0 0 0 0 0 0 0 0 0 0 0 0 0 0 0 0 0 0 0 0 0 0 0 0 0 0 0 0 0 0 0 0 0 0 0 0 0.007747746 0.007955908 0.009071047 0.014845159 0.014713775 0.020507194 0.023250689 0.026717915 0.030860542 0.032543727 0.034126428 0.040751019 0.044420428 0.047687004 0.049090092 0.053289006 0.054125957 0.057804758 0.057845529 0.061933317 0.063455665 0.065930819 0.066686057 0.069539666 0.067183507 0.070461311 0.068520926 0.070446287 0.076243445 0.082337212 0.085803355 0.08246223 0.10297797 0.107363255 0.10309218 0.121582194 0.138405394 0.151299735 0.129817219 0.182435996 0.194856344 0.154873915 0.490893149 1.010109474 3.803408386 22.20644482
381.672 0 0 0 0 0 0 0 0 0 0 0 0 0 0 0 0 0 0 0 0 0 0 0 0 0 0 0 0 0 0 0 0 0 0 0 0 0 0 0 0 0 0 0 0 0 0 0 0 0 0 0 0 0 0 0 0 0 0 0 0 0 0 0 0 0 0 0 0 0 0 0.003943312 0.007156185 0.008086122 0.010046088 0.011674304 0.015452197 0.01668231 0.023347564 0.027910468 0.029341212 0.03566225 0.03688147 0.042411687 0.044039516 0.048001405 0.048355221 0.054129546 0.052220269 0.056826516 0.058478152 0.061267887 0.060624571 0.064396065 0.066254612 0.066040706 0.066829177 0.066654665 0.067681847 0.068718359 0.071783217 0.069854971 0.07577139 0.079094611 0.083870423 0.096663264 0.104047322 0.118622687 0.129264808 0.10339878 0.059484108 0.06908584 0.034847625 -0.301722358 -0.527502623 -1.659805845 -6.398899068 -21.29070304
384.947 0 0 0 0 0 0 0 0 0 0 0 0 0 0 0 0 0 0 0 0 0 0 0 0 0 0 0 0 0 0 0 0 0 0 0 0 0 0 0 0 0 0 0 0 0 0 0 0 0 0 0 0 0 0 0 0 0 0 0 0 0 0 0 0 0 0 0 0 0 0.008501317 0.00494306 0.007621182 0.011031078 0.012665626 0.016895661 0.020881089 0.025504779 0.030069128 0.032830816 0.034779092 0.041511852 0.04433873 0.049649431 0.051517318 0.050015778 0.057178633 0.057442477 0.061999316 0.062057839 0.066573227 0.066075178 0.069695937 0.071030517 0.073124144 0.074441626 0.071757979 0.073108469 0.075100851 0.07811286 0.074632858 0.076927008 0.089668466 0.090786003 0.108903613 0.10375991 0.112452201 0.125321447 0.139222674 0.161481556 0.139558046 0.087777898 0.20385029 0.3514256 0.131278988 -0.174739192 -5.890206504 -9.682223388
388.223 0 0 0 0 0 0 0 0 0 0 0 0 0 0 0 0 0 0 0 0 0 0 0 0 0 0 0 0 0 0 0 0 0 0 0 0 0 0 0 0 0 0 0 0 0 0 0 0 0 0 0 0 0 0 0 0 0 0 0 0 0 0 0 0 0 0 0 0 0.005185628 0.004975185 0.008644299 0.01038717 0.013239437 0.015041101 0.02009278 0.022165753 0.025105632 0.032322081 0.034645073 0.040719037 0.042969458 0.043897054 0.050659101 0.052481507 0.054076587 0.057229436 0.05925409 0.062549347 0.064372321 0.064004483 0.066780159 0.069167251 0.070896655 0.07068448 0.069557061 0.072086452 0.074556294 0.072612313 0.073503607 0.071722478 0.082706105 0.084096732 0.08764261 0.089683352 0.108318505 0.09317146 0.119479806 0.11725963 0.135165993 0.119387246 0.124578027 0.044579683 -0.057916683 -0.241155329 -1.341915118 -4.448714137 -35.78593082
391.5 0 0 0 0 0 0 0 0 0 0 0 0 0 0 0 0 0 0 0 0 0 0 0 0 0 0 0 0 0 0 0 0 0 0 0 0 0 0 0 0 0 0 0 0 0 0 0 0 0 0 0 0 0 0 0 0 0 0 0 0 0 0 0 0 0 0 0 0.009279346 0.009162774 0.008612532 0.012227384 0.016402825 0.018859308 0.023160238 0.025722707 0.028706867 0.035551324 0.036211805 0.037123231 0.041905798 0.048469518 0.05372495 0.055875557 0.055825679 0.062496084 0.061899017 0.066683885 0.069385485 0.069645204 0.073159996 0.069331858 0.07115755 0.074865408 0.076368546 0.073259159 0.075745733 0.079766521 0.080200998 0.085329403 0.085553931 0.088571438 0.104001471 0.102558593 0.117847282 0.117374353 0.125147711 0.150649463 0.157595259 0.142758735 0.177981196 0.218455692 0.301898021 0.476271845 0.564279063 2.461920141 1.376034077 9.416798677
394.78 0 0 0 0 0 0 0 0 0 0 0 0 0 0 0 0 0 0 0 0 0 0 0 0 0 0 0 0 0 0 0 0 0 0 0 0 0 0 0 0 0 0 0 0 0 0 0 0 0 0 0 0 0 0 0 0 0 0 0 0 0 0 0 0 0 0 0.009665521 0.007384528 0.00882561 0.010923401 0.012444795 0.018192001 0.019860603 0.024738587 0.0282745 0.030293757 0.035898771 0.040243928 0.04212306 0.04951253 0.05269802 0.053513115 0.054806287 0.059698662 0.063835558 0.062437184 0.066903762 0.071182139 0.067752173 0.0673622 0.071226778 0.071908707 0.076526371 0.077406987 0.074827329 0.077207519 0.080361823 0.08089542 0.08086367 0.091181974 0.093555028 0.094819345 0.101069867 0.101986722 0.111554077 0.125576047 0.144551019 0.157910822 0.143565087 0.139369421 0.189736447 0.146904867 0.176804932 0.434762031 -0.282541971 2.518396338 1.700591354
398.061 0 0 0 0 0 0 0 0 0 0 0 0 0 0 0 0 0 0 0 0 0 0 0 0 0 0 0 0 0 0 0 0 0 0 0 0 0 0 0 0 0 0 0 0 0 0 0 0 0 0 0 0 0 0 0 0 0 0 0 0 0 0 0 0 0 0.003800674 0.005039877 0.005984796 0.011154499 0.014394271 0.015846411 0.020175865 0.023228696 0.028144572 0.031330043 0.034033281 0.040784902 0.041618492 0.045854605 0.051778963 0.052556039 0.056290789 0.058421283 0.060375583 0.063840427 0.062948963 0.068765381 0.069204009 0.071242992 0.072275996 0.07405422 0.072829149 0.077277412 0.07549074 0.074705027 0.074586736 0.075923481 0.081742446 0.082061122 0.08514556 0.089582834 0.093287225 0.099890863 0.103968213 0.117817528 0.121973152 0.128844163 0.138551122 0.1342208 0.146763936 0.151096295 0.207787398 0.398351563 0.644259759 0.618498951 -6.988267451 9.255441434
401.343 0 0 0 0 0 0 0 0 0 0 0 0 0 0 0 0 0 0 0 0 0 0 0 0 0 0 0 0 0 0 0 0 0 0 0 0 0 0 0 0 0 0 0 0 0 0 0 0 0 0 0 0 0 0 0 0 0 0 0 0 0 0 0 0 0.002206108 -0.000464 0.007435302 0.008440198 0.010318324 0.014088682 0.017793905 0.019265648 0.023030037 0.027622312 0.031885733 0.034763618 0.039926095 0.045364905 0.0489704 0.04948484 0.056175365 0.057387996 0.060710145 0.061535757 0.061550446 0.064442714 0.065047883 0.068974263 0.069426458 0.073064862 0.072231533 0.07107631 0.074572318 0.070208592 0.07511715 0.075882177 0.07715034 0.077127348 0.082172542 0.080265959 0.079810178 0.087150165 0.09734124 0.105913057 0.111073297 0.116339721 0.126925625 0.137530893 0.131918779 0.126108633 0.091806312 0.058747877 0.055260239 -0.229746998 -1.890806307 -1.336035212 -24.11940508
404.627 0 0 0 0 0 0 0 0 0 0 0 0 0 0 0 0 0 0 0 0 0 0 0 0 0 0 0 0 0 0 0 0 0 0 0 0 0 0 0 0 0 0 0 0 0 0 0 0 0 0 0 0 0 0 0 0 0 0 0 0 0 0 0 0.00624865 0.005730434 0.010013531 0.008664317 0.010991843 0.013164505 0.01764456 0.020940061 0.025605951 0.025814754 0.032276304 0.036003521 0.03974127 0.045046166 0.05138161 0.052136525 0.055918975 0.058646838 0.06325029 0.061292013 0.068042659 0.066682752 0.06586106 0.068093623 0.072576533 0.073855931 0.073535778 0.077121249 0.076710561 0.075984558 0.077517517 0.076710454 0.07885358 0.077948881 0.078714355 0.077930772 0.083148433 0.090842473 0.093312919 0.100204248 0.109906387 0.11598982 0.135884955 0.138490442 0.153666653 0.15932234 0.154488685 0.148744973 0.201333285 0.165160998 -0.176078734 0.054669105 2.2207268 17.42448217
407.912 0 0 0 0 0 0 0 0 0 0 0 0 0 0 0 0 0 0 0 0 0 0 0 0 0 0 0 0 0 0 0 0 0 0 0 0 0 0 0 0 0 0 0 0 0 0 0 0 0 0 0 0 0 0 0 0 0 0 0 0 0 0 0.007182648 0.005102911 0.00617215 0.00699733 0.012897963 0.015086808 0.015484075 0.020187534 0.023086955 0.025417937 0.030562091 0.033578199 0.038303246 0.04185991 0.044893885 0.049795427 0.056263122 0.057465676 0.061248409 0.063015856 0.067284644 0.067932423 0.071426477 0.072756489 0.070751619 0.076977969 0.074574398 0.076318412 0.074484325 0.076982079 0.074961675 0.080032819 0.080549264 0.079379438 0.0797855 0.087105929 0.084300291 0.088804149 0.093614337 0.090781122 0.104123988 0.107056409 0.125232961 0.128249722 0.138693598 0.146852346 0.145040533 0.129438025 0.148071528 0.164855258 0.335571105 0.543561138 -0.496083844 -0.218006641 -8.241379737
411.2 0 0 0 0 0 0 0 0 0 0 0 0 0 0 0 0 0 0 0 0 0 0 0 0 0 0 0 0 0 0 0 0 0 0 0 0 0 0 0 0 0 0 0 0 0 0 0 0 0 0 0 0 0 0 0 0 0 0 0 0 0 0.002509208 0.002656564 0.0066067 0.006550946 0.007502501 0.01228747 0.01523578 0.016242457 0.019778924 0.022167806 0.028658921 0.033321381 0.036050609 0.038685115 0.04216844 0.047765655 0.05342219 0.054740511 0.056114224 0.060743585 0.061769161 0.063745708 0.064711063 0.066626875 0.069827073 0.068094671 0.068399775 0.07194505 0.071948912 0.07408209 0.075047757 0.076375984 0.074930376 0.073869275 0.07786241 0.079915839 0.079011441 0.08109192 0.08528426 0.085290747 0.091205815 0.097467209 0.09972862 0.101883799 0.116865917 0.118621824 0.138312369 0.13492895 0.135321662 0.109135472 0.025635609 -0.067499481 -0.259261154 -2.064977384 -2.167321191 -26.04587938
414.488 0 0 0 0 0 0 0 0 0 0 0 0 0 0 0 0 0 0 0 0 0 0 0 0 0 0 0 0 0 0 0 0 0 0 0 0 0 0 0 0 0 0 0 0 0 0 0 0 0 0 0 0 0 0 0 0 0 0 0 0 0.003211841 0.005880815 0.006623571 0.006002339 0.006645701 0.011826349 0.012322514 0.015659987 0.021168965 0.024943114 0.026425474 0.030580077 0.038642823 0.037787153 0.042222943 0.047583589 0.049598874 0.050879698 0.059536524 0.059096397 0.060393841 0.064738568 0.066053696 0.06766459 0.069405178 0.069355852 0.071629688 0.073612181 0.07460219 0.077100205 0.074278464 0.074382948 0.076068418 0.078250108 0.077106581 0.079370491 0.078487293 0.076991802 0.081836117 0.084855687 0.087294124 0.090804812 0.101127279 0.110246434 0.119543879 0.116511191 0.148617862 0.156028783 0.138137734 0.139515699 0.153455095 0.098021438 0.234383317 -0.308480803 -0.269500634 3.452764598 8.878421862
417.778 0 0 0 0 0 0 0 0 0 0 0 0 0 0 0 0 0 0 0 0 0 0 0 0 0 0 0 0 0 0 0 0 0 0 0 0 0 0 0 0 0 0 0 0 0 0 0 0 0 0 0 0 0 0 0 0 0 0 0 0.002626331 0.002248008 0.003428424 0.006840844 0.007219838 0.00873093 0.010259597 0.014697414 0.01742726 0.022140143 0.023445765 0.027917187 0.030333315 0.034293472 0.039064015 0.04436075 0.046883372 0.048313777 0.05235624 0.057113359 0.0583523 0.061713824 0.060641087 0.063305509 0.067624608 0.065276768 0.068044035 0.07042522 0.069740655 0.067882368 0.07401096 0.071587346 0.06944495 0.071941463 0.074323484 0.074664516 0.073004728 0.076861891 0.075600471 0.078326566 0.079886717 0.089822463 0.091480438 0.095851718 0.10412802 0.113782155 0.128260748 0.115001088 0.126529124 0.138278078 0.121493929 0.106557057 0.037403113 0.046197862 0.287194461 -1.062809235 -5.749721314 2.383636998
421.069 0 0 0 0 0 0 0 0 0 0 0 0 0 0 0 0 0 0 0 0 0 0 0 0 0 0 0 0 0 0 0 0 0 0 0 0 0 0 0 0 0 0 0 0 0 0 0 0 0 0 0 0 0 0 0 0 0 0 -0.000392 0.002437371 0.005023239 0.005817786 0.008251801 0.009124871 0.010506817 0.012044084 0.017081384 0.019776175 0.022317994 0.024797916 0.0289698 0.034265268 0.034753709 0.038669656 0.044042427 0.046599139 0.050339493 0.056234869 0.053782138 0.058757673 0.06234844 0.061372096 0.066258986 0.063508703 0.067843223 0.066858463 0.065908977 0.071192945 0.070184476 0.073756432 0.071372722 0.073333758 0.070501473 0.0736764 0.076319183 0.075171822 0.071769664 0.080504779 0.074260521 0.080853739 0.084792228 0.085983398 0.0984245 0.104576283 0.110673659 0.117987915 0.13965168 0.13106111 0.106799111 0.125553657 0.110601595 0.181896456 -0.052237542 -0.150402546 -0.947348929 -1.046801423 3.937183422
424.362 0 0 0 0 0 0 0 0 0 0 0 0 0 0 0 0 0 0 0 0 0 0 0 0 0 0 0 0 0 0 0 0 0 0 0 0 0 0 0 0 0 0 0 0 0 0 0 0 0 0 0 0 0 0 0 0 0 0.000747 0.001012727 0.006053368 0.005478935 0.006499518 0.00641645 0.008684189 0.009842304 0.016069198 0.014869452 0.020385412 0.024148806 0.027776275 0.032492317 0.03485082 0.037706433 0.042328188 0.044909338 0.049146432 0.051207043 0.056940126 0.060904743 0.060743276 0.060428104 0.061705808 0.063536473 0.063740352 0.065777437 0.065678875 0.066791929 0.071387638 0.068843635 0.070844548 0.069804059 0.072828527 0.069836112 0.068931609 0.068836067 0.077103001 0.077195666 0.073052913 0.078995241 0.076149777 0.089557853 0.09153086 0.097090522 0.111950838 0.104287631 0.115184916 0.125271892 0.121777859 0.143072303 0.114208512 0.128396674 0.146951811 -0.077817951 -0.381961464 -0.784083377 -6.486782867 0
427.657 0 0 0 0 0 0 0 0 0 0 0 0 0 0 0 0 0 0 0 0 0 0 0 0 0 0 0 0 0 0 0 0 0 0 0 0 0 0 0 0 0 0 0 0 0 0 0 0 0 0 0 0 0 0 0 0 0.004118682 0.003161136 0.005386689 0.006936175 0.006702264 0.011095836 0.009316371 0.01312802 0.014473686 0.018578208 0.01923859 0.022011584 0.027315599 0.030545738 0.034408787 0.037059414 0.042214203 0.046858997 0.047585429 0.052525466 0.054660943 0.056782977 0.057632297 0.059395099 0.06471232 0.063070011 0.066147751 0.065013376 0.067169043 0.067928391 0.068102354 0.071718783 0.068464095 0.07124439 0.071157728 0.071851633 0.0757125 0.075156208 0.076044114 0.076686474 0.076710407 0.077710675 0.082093287 0.082456111 0.085819873 0.092363564 0.104558583 0.106463928 0.119664921 0.115736661 0.129752618 0.138422787 0.148349875 0.145919341 0.160191838 0.117942327 0.403617447 0.80370585 -0.463710671 5.782650772 0
430.952 0 0 0 0 0 0 0 0 0 0 0 0 0 0 0 0 0 0 0 0 0 0 0 0 0 0 0 0 0 0 0 0 0 0 0 0 0 0 0 0 0 0 0 0 0 0 0 0 0 0 0 0 0 0 0 0.003881418 0.003486877 0.00446605 0.006819224 0.008652554 0.008283095 0.012152551 0.012926096 0.014705184 0.014119613 0.020836358 0.022451153 0.022988557 0.0264638 0.028997302 0.033779035 0.038774255 0.042340186 0.045246505 0.047500851 0.049777686 0.055559849 0.056537806 0.059300129 0.060464734 0.062358898 0.06596275 0.06407855 0.06301862 0.065375401 0.067917242 0.068392189 0.064964963 0.069928873 0.072748385 0.073700252 0.073738911 0.073004366 0.071220469 0.074543631 0.072060162 0.076949512 0.078002763 0.077413637 0.082259278 0.088434739 0.094303176 0.104755028 0.10841839 0.118318506 0.124353666 0.137202578 0.134744662 0.140011354 0.16383398 0.147892018 0.111431186 0.274354088 0.114452843 2.5681269 0 0
434.249 0 0 0 0 0 0 0 0 0 0 0 0 0 0 0 0 0 0 0 0 0 0 0 0 0 0 0 0 0 0 0 0 0 0 0 0 0 0 0 0 0 0 0 0 0 0 0 0 0 0 0 0 0 0 0.005952265 0.002671704 0.005184255 0.006431154 0.007190834 0.00887684 0.00979318 0.01110832 0.011463201 0.016387027 0.01649536 0.020871344 0.024266741 0.024021992 0.02993957 0.032415342 0.035400493 0.039836136 0.043323659 0.046275875 0.047001677 0.049937276 0.055053691 0.056268597 0.058667391 0.059886785 0.059217547 0.064371618 0.063533292 0.067129899 0.064862383 0.066750809 0.065656044 0.068302627 0.068746545 0.069878026 0.068297796 0.069908054 0.068574702 0.069996584 0.074613701 0.074351093 0.078194971 0.078631179 0.085509031 0.084153881 0.081458546 0.092400671 0.09382498 0.116433588 0.126954598 0.12447965 0.128988329 0.132952631 0.141183109 0.115226894 0.192388003 0.168332902 0.108270077 0.081571577 0.767519298 0 0
437.548 0 0 0 0 0 0 0 0 0 0 0 0 0 0 0 0 0 0 0 0 0 0 0 0 0 0 0 0 0 0 0 0 0 0 0 0 0 0 0 0 0 0 0 0 0 0 0 0 0 0 0 0 0 0.005686398 0.002946041 0.002871206 0.006475069 0.006135247 0.01024364 0.009741294 0.012915828 0.014407503 0.014868669 0.016079669 0.021058575 0.022053106 0.027812881 0.026866682 0.031690284 0.033222806 0.036839356 0.040746051 0.044592479 0.045754601 0.051744563 0.051699219 0.05513475 0.057123117 0.05826745 0.06213093 0.064343919 0.062592178 0.063170388 0.062676866 0.063999286 0.064941471 0.068599 0.068853092 0.067094141 0.069514953 0.067520381 0.070788406 0.071693927 0.07521471 0.073004139 0.073672244 0.076203983 0.074189822 0.078906937 0.085820576 0.086130941 0.093507047 0.094409391 0.111538358 0.11969884 0.122119602 0.133295411 0.144191806 0.13270706 0.142913609 0.190615906 0.186257094 0.152778898 0.765988089 0 0 0
440.848 0 0 0 0 0 0 0 0 0 0 0 0 0 0 0 0 0 0 0 0 0 0 0 0 0 0 0 0 0 0 0 0 0 0 0 0 0 0 0 0 0 0 0 0 0 0 0 0 0 0 0 0 0.005376181 0.004224558 0.0051701 0.006523949 0.007414041 0.010567842 0.01220662 0.012251394 0.014327632 0.014065064 0.019003117 0.017378544 0.023624332 0.022985688 0.028304502 0.028267212 0.03254955 0.034179666 0.039611226 0.042098567 0.046539111 0.04847054 0.0510975 0.053508098 0.056808216 0.057781303 0.061311693 0.062546031 0.061788517 0.061847609 0.06443844 0.062944571 0.067679767 0.066992392 0.067734357 0.071773491 0.068102934 0.070316542 0.068114435 0.073754342 0.072164148 0.070545145 0.071392015 0.077591471 0.076619301 0.076667133 0.080554355 0.07925298 0.09102198 0.093510537 0.103443769 0.116603999 0.116435583 0.129003658 0.142183953 0.152111481 0.157531437 0.203132929 0.168744448 0.215853705 0.36845985 0.829492233 0 0 0
444.149 0 0 0 0 0 0 0 0 0 0 0 0 0 0 0 0 0 0 0 0 0 0 0 0 0 0 0 0 0 0 0 0 0 0 0 0 0 0 0 0 0 0 0 0 0 0 0 0 0 0 0 0.00262476 0.003731378 0.005576123 0.002664479 0.005819397 0.006959024 0.007673598 0.009320401 0.012404293 0.014231297 0.012720738 0.016844304 0.020860147 0.018999895 0.023101005 0.027026455 0.026487238 0.03156366 0.034903355 0.038027144 0.040265373 0.044446342 0.047899815 0.047636306 0.049702881 0.052583891 0.055087763 0.057580558 0.058128708 0.060467968 0.061615121 0.061297397 0.060237388 0.060736464 0.063114808 0.06214609 0.065730438 0.063931461 0.064619614 0.065639089 0.06766069 0.067927158 0.069975875 0.070814233 0.065361681 0.071246315 0.072173859 0.07380219 0.081808123 0.087802346 0.085750121 0.100186655 0.113423727 0.116456885 0.115896067 0.122628918 0.117407808 0.114928304 0.111085929 0.139644567 0.065517969 0.044163565 0 0 0 0
447.451 0 0 0 0 0 0 0 0 0 0 0 0 0 0 0 0 0 0 0 0 0 0 0 0 0 0 0 0 0 0 0 0 0 0 0 0 0 0 0 0 0 0 0 0 0 0 0 0 0 0 0.003194776 0.003014501 0.004031629 0.003488047 0.00535945 0.006511945 0.00813102 0.010152677 0.009270839 0.010541874 0.013049983 0.014982212 0.017950924 0.018778375 0.021545864 0.022001482 0.028232597 0.03027251 0.032104418 0.036554833 0.03663807 0.041776363 0.04457619 0.045414031 0.046965799 0.049497624 0.052186847 0.052032818 0.053796701 0.054676546 0.059307856 0.06000599 0.058216529 0.059398289 0.060279066 0.063474512 0.062676869 0.063022454 0.06344081 0.064043542 0.064008251 0.063231537 0.06860675 0.066142618 0.070051237 0.066868928 0.073675481 0.073396536 0.074506742 0.076753224 0.081987484 0.085101904 0.096688815 0.107125855 0.110954861 0.115282578 0.119223952 0.128473366 0.129467682 0.147986864 0.106248635 0.174763968 0.138078183 0 0 0 0
450.755 0 0 0 0 0 0 0 0 0 0 0 0 0 0 0 0 0 0 0 0 0 0 0 0 0 0 0 0 0 0 0 0 0 0 0 0 0 0 0 0 0 0 0 0 0 0 0 0 0 0.003671506 0.006615095 0.004787991 0.007050112 0.008102705 0.008134015 0.009985897 0.012271248 0.012006574 0.016159853 0.016742889 0.014130608 0.019262851 0.020118374 0.021251612 0.021385533 0.024755172 0.029564349 0.033688087 0.03511905 0.038421241 0.040582476 0.043667976 0.044850594 0.047890966 0.050463159 0.049834181 0.052441604 0.054796854 0.054334961 0.058921567 0.060117227 0.05683458 0.059836788 0.058378835 0.059365657 0.06162416 0.063852536 0.063725779 0.061772995 0.064644802 0.062261552 0.066881936 0.063104994 0.067007904 0.068480848 0.068828463 0.071233858 0.068927664 0.077361575 0.078936181 0.089429677 0.092458098 0.096812438 0.109628717 0.105813446 0.121417964 0.133959377 0.122977344 0.147645557 0.143867745 0.157364418 0.196952797 0 0 0 0 0
454.06 0 0 0 0 0 0 0 0 0 0 0 0 0 0 0 0 0 0 0 0 0 0 0 0 0 0 0 0 0 0 0 0 0 0 0 0 0 0 0 0 0 0 0 0 0 0 0 0 0.002977517 0.004510132 0.005433778 0.004977627 0.007733969 0.006790005 0.010493122 0.010815374 0.009656059 0.012769287 0.014336804 0.014930693 0.015438855 0.020382362 0.022226774 0.022153469 0.024608803 0.026169301 0.029106116 0.029210145 0.036004896 0.037030289 0.040562454 0.040227997 0.042591349 0.046843432 0.049067468 0.049388277 0.051526205 0.052946687 0.052828469 0.055753786 0.056912166 0.057873921 0.058605325 0.058652462 0.054657702 0.057992806 0.061595379 0.05973379 0.058819532 0.06252486 0.063969833 0.064122809 0.064702557 0.066609944 0.067402453 0.066756486 0.068649756 0.066102593 0.075717269 0.077266567 0.082421561 0.092095512 0.098516479 0.102130575 0.107764847 0.115477725 0.124742279 0.123751044 0.146680229 0.158664466 0.136018717 0.199532293 0 0 0 0 0
457.366 0 0 0 0 0 0 0 0 0 0 0 0 0 0 0 0 0 0 0 0 0 0 0 0 0 0 0 0 0 0 0 0 0 0 0 0 0 0 0 0 0 0 0 0 0 0 0 0.005109302 0.005038306 0.003875861 0.006258228 0.007834465 0.006339766 0.008643332 0.008431199 0.010553415 0.00972089 0.01248464 0.013292245 0.017020911 0.018183911 0.018081399 0.017705576 0.020778516 0.023903065 0.025555356 0.027970151 0.030704093 0.03658171 0.037095227 0.03803183 0.03870383 0.042109775 0.046248671 0.045114222 0.046991299 0.048618062 0.05097123 0.052599225 0.051350493 0.055610716 0.056488087 0.054204683 0.056150442 0.057990597 0.055792565 0.057966198 0.060248443 0.061210586 0.058995333 0.060400259 0.0591868 0.063418044 0.062461423 0.065971675 0.067373694 0.066540129 0.069902093 0.073547157 0.079552324 0.081396972 0.078618955 0.093270713 0.101659479 0.10776724 0.106603352 0.122403241 0.124755484 0.115306032 0.134555525 0.113372135 0 0 0 0 0 0
460.673 0 0 0 0 0 0 0 0 0 0 0 0 0 0 0 0 0 0 0 0 0 0 0 0 0 0 0 0 0 0 0 0 0 0 0 0 0 0 0 0 0 0 0 0 0 0 0.002844534 0.002637949 0.001973096 0.005392651 0.004990445 0.006200994 0.007561045 0.008467325 0.009622563 0.01191219 0.01210916 0.011628021 0.014694804 0.016608075 0.015981338 0.019733136 0.020984938 0.024389396 0.024533109 0.026566208 0.028729077 0.029934813 0.033762319 0.035931471 0.040259431 0.040346668 0.04095032 0.042519861 0.044777947 0.045946789 0.048145428 0.049096258 0.050302593 0.05290326 0.052550161 0.054637519 0.054981373 0.053634141 0.053861995 0.056544925 0.053505574 0.055885965 0.057051387 0.057792084 0.059554616 0.060295337 0.059953043 0.06064175 0.062155059 0.06553882 0.063365988 0.066430078 0.069039891 0.07481421 0.078858626 0.080585883 0.089984024 0.097762555 0.103893756 0.105946922 0.119330279 0.109990259 0.125445757 0.113780761 0 0 0 0 0 0 0
463.982 0 0 0 0 0 0 0 0 0 0 0 0 0 0 0 0 0 0 0 0 0 0 0 0 0 0 0 0 0 0 0 0 0 0 0 0 0 0 0 0 0 0 0 0 0 0.000799 0.001328785 0.000591 0.003576716 0.003760688 0.003330874 0.006492978 0.006390144 0.008357167 0.007838684 0.010172906 0.014078158 0.013535378 0.015200866 0.016817287 0.016990317 0.01513863 0.023869 0.021172575 0.023762161 0.025253554 0.027837127 0.028096271 0.03250028 0.033492727 0.035807673 0.040296236 0.041909615 0.040268909 0.044229579 0.044931671 0.046085997 0.047204458 0.047707324 0.047200673 0.049077854 0.050856767 0.050558738 0.052691842 0.050395331 0.051388065 0.055238087 0.053112227 0.056723804 0.056549332 0.053331864 0.055884817 0.054684087 0.060294011 0.060292198 0.058000987 0.064322143 0.063508837 0.066360562 0.071972422 0.074182303 0.080313955 0.087391537 0.0881336 0.099306307 0.105652957 0.102861018 0.096957764 0.116636415 0.109149761 0 0 0 0 0 0 -2.95587896
467.292 0 0 0 0 0 0 0 0 0 0 0 0 0 0 0 0 0 0 0 0 0 0 0 0 0 0 0 0 0 0 0 0 0 0 0 0 0 0 0 0 0 0 0 0 0.002690341 0.002007491 0.002578053 0.002604294 0.003896652 0.004216807 0.004925819 0.006118775 0.008581671 0.009082225 0.010417061 0.011950476 0.012081974 0.015185664 0.014722476 0.017070498 0.019715909 0.0178897 0.022386436 0.021797 0.022751944 0.02743879 0.026910022 0.03011741 0.031573162 0.035708696 0.038030147 0.037484858 0.036743147 0.04102721 0.041180943 0.043510029 0.043804465 0.046170919 0.044835115 0.04742879 0.045916978 0.046091608 0.047813803 0.048333701 0.047606914 0.049116701 0.051340084 0.052147587 0.053011581 0.050935688 0.054029199 0.057008032 0.054112398 0.053653348 0.056767153 0.060376966 0.060464374 0.060038588 0.065204592 0.068600749 0.078500642 0.081399417 0.087577265 0.087490068 0.095408969 0.091182582 0.089869122 0.10117269 0.103064649 0 0 0 0 0 0 0 10.30234317
470.603 0 0 0 0 0 0 0 0 0 0 0 0 0 0 0 0 0 0 0 0 0 0 0 0 0 0 0 0 0 0 0 0 0 0 0 0 0 0 0 0 0 0 0 0.001473352 0.004033566 0.002257862 0.003020313 0.004273726 0.005260876 0.006051393 0.008121078 0.008419521 0.009650518 0.008251575 0.009935735 0.01322383 0.014423423 0.015177798 0.016540374 0.020603983 0.020374178 0.020267762 0.021909513 0.024296531 0.023741027 0.027700632 0.029185901 0.03160734 0.032775601 0.033318715 0.03686756 0.039017265 0.039970397 0.041513404 0.04269566 0.041171449 0.04442891 0.044285088 0.046539346 0.047755798 0.045214652 0.048981002 0.049441309 0.049461602 0.052687526 0.048727805 0.051837137 0.053942953 0.053391179 0.053668095 0.053206443 0.055422881 0.055172807 0.056367839 0.056003061 0.059764146 0.061452813 0.062474019 0.067253349 0.067945321 0.073922252 0.080236736 0.090395488 0.099886723 0.098584935 0.095354771 0.115260926 0.106043927 0.103193751 0 0 0 0 0 0 0.39849647 29.25584672
473.915 0 0 0 0 0 0 0 0 0 0 0 0 0 0 0 0 0 0 0 0 0 0 0 0 0 0 0 0 0 0 0 0 0 0 0 0 0 0 0 0 0 0 0.001802642 0.001293817 0.001460303 0.002830139 0.003016365 0.00200718 0.004083055 0.006322592 0.005298728 0.008028156 0.008964842 0.010837547 0.011328711 0.010993192 0.01253328 0.017119324 0.01660378 0.015159546 0.018741584 0.020552369 0.022114533 0.023294505 0.023935504 0.02627152 0.028516808 0.030576518 0.031703684 0.033299037 0.035641008 0.035304015 0.039062386 0.038517875 0.040368126 0.040862298 0.042870768 0.042104242 0.046001357 0.042457249 0.04472805 0.045768591 0.047479981 0.044233271 0.045645132 0.048969189 0.046946596 0.051491027 0.049284423 0.048993742 0.052633598 0.051620021 0.05212509 0.051759309 0.055412487 0.056545079 0.057512069 0.060648209 0.062443125 0.07013659 0.071377183 0.075742872 0.080716742 0.09202979 0.088280476 0.102102382 0.105312561 0.094687721 0 0 0 0 0 0 0 -7.036637333 -15.33080478
477.228 0 0 0 0 0 0 0 0 0 0 0 0 0 0 0 0 0 0 0 0 0 0 0 0 0 0 0 0 0 0 0 0 0 0 0 0 0 0 0 0 0 0.002249155 0.002345065 0.001825021 0.002276375 0.005803449 0.003634606 0.004457081 0.004491847 0.006792183 0.007766659 0.009115376 0.009937123 0.010879579 0.01239983 0.012748912 0.014720107 0.012858955 0.016285072 0.017848327 0.018847852 0.017670725 0.022438387 0.024453149 0.024586312 0.025487913 0.030032342 0.029640076 0.032704406 0.033059584 0.034320636 0.034709555 0.036524507 0.039092943 0.039208219 0.039709948 0.040644507 0.04112777 0.043196917 0.04164274 0.043151376 0.043748748 0.044502586 0.045659964 0.044985581 0.046808493 0.046104026 0.047565223 0.04970849 0.048386788 0.050612173 0.053692813 0.050615641 0.053604502 0.055035851 0.055655468 0.058824302 0.057805291 0.059295681 0.062882563 0.074083954 0.076904209 0.078533207 0.086143121 0.098881407 0.097912621 0.096019637 0.104295478 0 0 0 0 0 0 0.728048867 0.773570544 11.64305125
480.542 0 0 0 0 0 0 0 0 0 0 0 0 0 0 0 0 0 0 0 0 0 0 0 0 0 0 0 0 0 0 0 0 0 0 0 0 0 0 0 0 0.000454 -0.000157 0.000418 0.00098 0.001892142 0.001205625 0.003862188 0.001745352 0.004006326 0.005487682 0.004687214 0.005619398 0.008022457 0.010274915 0.009972375 0.011169371 0.011748994 0.013693196 0.014319098 0.016264678 0.015868432 0.01879057 0.019620063 0.021418681 0.021542508 0.023396404 0.025532048 0.026349578 0.027617177 0.031036934 0.0342503 0.0323854 0.033874205 0.035421007 0.036153474 0.035317283 0.03689575 0.040041657 0.038980729 0.039060058 0.039843772 0.039558701 0.039539437 0.04183595 0.040050148 0.04183617 0.043460929 0.042934952 0.043742178 0.04329317 0.041797641 0.04671592 0.046338713 0.047268762 0.046126059 0.049879988 0.047980182 0.054694767 0.053193846 0.052323917 0.061088564 0.065434699 0.066664479 0.073309533 0.08077691 0.079678587 0.077038366 0 0 0 0 0 0 0 -2.094954587 -8.39302728 -34.25442131
483.858 0 0 0 0 0 0 0 0 0 0 0 0 0 0 0 0 0 0 0 0 0 0 0 0 0 0 0 0 0 0 0 0 0 0 0 0 0 0 0 0.001781698 0.002536796 0.001336722 0.001980958 0.002689578 0.002346285 0.004951751 0.003834336 0.004684216 0.004520213 0.005734226 0.008562765 0.008329832 0.011311067 0.010166388 0.012557546 0.010684277 0.01542668 0.017566072 0.016104961 0.018429648 0.017592021 0.020431913 0.02135813 0.02064879 0.027259544 0.023969741 0.026829095 0.027872416 0.028249621 0.031504387 0.032249517 0.03381285 0.034826085 0.036844746 0.037453062 0.03901024 0.037329554 0.038901661 0.040461106 0.039798979 0.041992067 0.041619621 0.040856086 0.040433824 0.040922997 0.040986869 0.04370057 0.044457751 0.04595616 0.043676718 0.047072984 0.047450504 0.047932426 0.052028743 0.050377127 0.049935474 0.053449241 0.055804421 0.055839341 0.058981276 0.065714241 0.069624711 0.076402304 0.076133443 0.080033688 0.083356459 0.097833425 0 0 0 0 0 0 0.327633653 -0.736774998 0.394765116 -5.864838708
487.174 0 0 0 0 0 0 0 0 0 0 0 0 0 0 0 0 0 0 0 0 0 0 0 0 0 0 0 0 0 0 0 0 0 0 0 0 0 0 0.001772617 0.00290807 0.001791028 0.001620359 0.002702818 0.002244422 0.003420296 0.003850261 0.00292228 0.005732635 0.006343313 0.006918918 0.010195418 0.008018107 0.010643929 0.011031172 0.012825013 0.014032016 0.014470687 0.015626812 0.016643429 0.017167585 0.020307555 0.020538053 0.022264912 0.020538824 0.024307123 0.024279591 0.025096898 0.026896061 0.02829551 0.031367706 0.030479556 0.032666323 0.03470157 0.033323198 0.035308292 0.038035421 0.036358639 0.037706163 0.036970454 0.038880903 0.0396669 0.039666858 0.03933833 0.041063986 0.040987127 0.040983295 0.039502919 0.04280608 0.04089662 0.043140065 0.044495452 0.046553805 0.044885453 0.046083078 0.047923629 0.04570351 0.050692238 0.050242298 0.054726208 0.064913387 0.067661401 0.064510648 0.073219499 0.081792342 0.083056716 0.084726277 0 0 0 0 0 0 0 -0.250149581 0.784324631 -1.57872463 16.89409398
490.492 0 0 0 0 0 0 0 0 0 0 0 0 0 0 0 0 0 0 0 0 0 0 0 0 0 0 0 0 0 0 0 0 0 0 0 0 0 0.002550311 0.001781431 0.003860431 0.002801022 0.003454515 0.002924601 0.004009469 0.004120966 0.004448143 0.0048885 0.006342403 0.00706469 0.009027983 0.009827799 0.010664388 0.012120507 0.013137618 0.012763543 0.013003225 0.016093223 0.015329226 0.019133592 0.019823391 0.020539035 0.019554272 0.021762932 0.02353928 0.024816431 0.024369582 0.025387729 0.028019066 0.029403283 0.028948316 0.033639937 0.033749644 0.033876603 0.034683168 0.033053056 0.035236005 0.036091691 0.036813404 0.035840923 0.038272025 0.037645073 0.036832155 0.039482778 0.038177129 0.037398673 0.039980789 0.040072134 0.040661727 0.042740069 0.042013641 0.042472035 0.044293858 0.045729139 0.045809009 0.04904015 0.046677534 0.049563762 0.054409347 0.057473569 0.063498875 0.067407554 0.070364487 0.074525665 0.079079255 0.084965226 0.082230006 0 0 0 0 0 0 0.226701791 0.486442264 0.98697207 -0.786949977 3.691694381
493.81 0 0 0 0 0 0 0 0 0 0 0 0 0 0 0 0 0 0 0 0 0 0 0 0 0 0 0 0 0 0 0 0 0 0 0 0 0.002119326 0.003459134 0.001224522 0.003246956 0.003718538 0.002762977 0.003091675 0.003512393 0.004856418 0.003971644 0.005343982 0.004118196 0.008318474 0.009577915 0.007384488 0.010199163 0.011676774 0.01501145 0.015592705 0.014527949 0.01522286 0.014475445 0.015371154 0.018592119 0.018983898 0.019163991 0.022698654 0.023026139 0.025220548 0.023810212 0.025174792 0.027874652 0.029949315 0.029301848 0.029233173 0.031805785 0.033024328 0.032014121 0.033963737 0.033370971 0.033890818 0.033752398 0.035877263 0.035876171 0.03405237 0.03752538 0.035059552 0.038533779 0.037900561 0.036632578 0.037733879 0.041644094 0.040068047 0.040097248 0.041586256 0.042888962 0.042908473 0.041248915 0.047322768 0.048358559 0.04810927 0.04858922 0.055966599 0.054746144 0.061137069 0.06695503 0.07613702 0.07787799 0.074037604 0 0 0 0 0 0 0 -0.030581724 0.439049707 -1.427653167 4.348625779 -4.41691868
497.13 0 0 0 0 0 0 0 0 0 0 0 0 0 0 0 0 0 0 0 0 0 0 0 0 0 0 0 0 0 0 0 0 0 0 0 0.003683459 0.000875 0.001034137 0.0023935 0.003347293 0.004354995 0.004558471 0.00484049 0.004828489 0.005698794 0.005993686 0.008521331 0.007989449 0.0092494 0.011268345 0.009911008 0.012188033 0.013205355 0.011507078 0.013345566 0.015703842 0.016890033 0.019223773 0.019533337 0.02100161 0.021961849 0.021938381 0.022457049 0.02314885 0.025487347 0.026387239 0.026882022 0.027552057 0.026248706 0.029490436 0.031072646 0.031695194 0.030175038 0.034503362 0.033864738 0.031596604 0.034081396 0.034461648 0.035842776 0.036304946 0.036243642 0.036536294 0.036794021 0.036844061 0.039103369 0.039366637 0.039994188 0.038565344 0.040524784 0.042156432 0.041050832 0.042006792 0.042580822 0.046595848 0.04676468 0.047560208 0.048436849 0.054135846 0.055151615 0.061337902 0.067682203 0.066724998 0.070496218 0.078740076 0.078711633 0 0 0 0 0 0 0.173743194 0.282276658 0.691092307 2.222469459 8.311308752 -1.490082362
500.451 0 0 0 0 0 0 0 0 0 0 0 0 0 0 0 0 0 0 0 0 0 0 0 0 0 0 0 0 0 0 0 0 0 0 -0.000434 6.96e-05 0.000821 0.000922 0.000735 0.001621014 0.001649997 0.003087113 0.001543161 0.004241023 0.00184166 0.003109791 0.007216334 0.005890157 0.006439976 0.008363595 0.009192479 0.008267545 0.010751635 0.011871093 0.011733466 0.011573364 0.013878976 0.015652775 0.015863354 0.015586274 0.017428435 0.016261495 0.018107245 0.019491405 0.020445483 0.020114728 0.025359446 0.024666773 0.026837648 0.025791091 0.027874747 0.028189453 0.027055567 0.030690454 0.028150331 0.031866686 0.029557648 0.031916758 0.032546461 0.032286377 0.033179872 0.032872617 0.03228621 0.032869995 0.031872303 0.034622665 0.034163485 0.03721784 0.035437962 0.038688813 0.038233582 0.039820116 0.039337122 0.038619455 0.040128195 0.046017197 0.045831869 0.045784593 0.049080198 0.04949971 0.052018394 0.056066345 0.058664461 0.068533796 0 0 0 0 0 0 0 4.42e-05 -0.111585068 0.063716063 -0.598005446 -3.790928859 -10.45013807
503.772 0 0 0 0 0 0 0 0 0 0 0 0 0 0 0 0 0 0 0 0 0 0 0 0 0 0 0 0 0 0 0 0 0 0.001270089 -0.000737 -0.000909 0.000833 0.002307964 0.00222712 0.002515292 0.001975507 0.002839942 0.003222021 0.002915707 0.004234736 0.005982894 0.005021214 0.005575372 0.008047094 0.007063122 0.008358188 0.011076166 0.01239033 0.010364835 0.012907077 0.013060253 0.016511273 0.014155602 0.014666019 0.017388048 0.018005501 0.018919707 0.018830431 0.018246162 0.019963689 0.020558315 0.023235124 0.024314875 0.023828853 0.027196237 0.026731463 0.025030117 0.026301434 0.02746311 0.028574535 0.027667073 0.030886979 0.030807333 0.029845536 0.03092941 0.030490506 0.032571423 0.03233448 0.034210417 0.033161654 0.034028376 0.034676225 0.036152068 0.035518562 0.036550279 0.037764992 0.037918023 0.03723308 0.037556203 0.037835013 0.041956969 0.044494991 0.046970471 0.051747211 0.055336058 0.054878348 0.053637086 0.06167248 0.06742167 0 0 0 0 0 0 0.045913805 0.050506163 0.056661255 -0.338266202 -0.253035116 -1.830472734 6.822485464
507.095 0 0 0 0 0 0 0 0 0 0 0 0 0 0 0 0 0 0 0 0 0 0 0 0 0 0 0 0 0 0 0 0 0.002923346 0.001664047 0.001121824 0.001984452 0.000974 0.00101122 0.003468008 0.003477687 0.002827458 0.003130278 0.004145702 0.005953339 0.005155859 0.006169888 0.005862289 0.005578847 0.008077981 0.008599571 0.010583786 0.010125635 0.012744202 0.012909562 0.013707458 0.0140951 0.015496414 0.016458742 0.015926962 0.015231596 0.016631133 0.018295717 0.020972814 0.020262447 0.022767026 0.022665161 0.025112445 0.023762857 0.023353434 0.026001834 0.02536302 0.027730578 0.027382051 0.028061872 0.029306003 0.02724367 0.029254942 0.032935132 0.030529134 0.02958047 0.033326173 0.030758906 0.030588478 0.032806603 0.030584411 0.033549041 0.033736205 0.037291696 0.035362811 0.039225446 0.036867411 0.037224719 0.040620875 0.038595213 0.039784908 0.040613003 0.046095186 0.044437333 0.047116402 0.05213901 0.056287935 0.058416125 0.064836841 0 0 0 0 0 0 0 0.03325366 0.132407927 0.114790494 0.146974006 0.410343303 2.671130626 9.995168546
510.418 0 0 0 0 0 0 0 0 0 0 0 0 0 0 0 0 0 0 0 0 0 0 0 0 0 0 0 0 0 0 0 0.000444 0.002284108 0.003342189 0.002327728 0.001566718 0.002412688 0.0039992 0.001976803 0.003494475 0.003453305 0.004335472 0.005273897 0.005134644 0.005487374 0.005701724 0.006191587 0.008956151 0.008115655 0.009876433 0.011559589 0.009352602 0.012217586 0.01501263 0.014093863 0.013293236 0.016806356 0.013599155 0.017158977 0.016661455 0.016793538 0.017909305 0.017944276 0.022225988 0.02390158 0.022277831 0.022959921 0.022206864 0.023729909 0.024059446 0.02555175 0.025664138 0.029569243 0.02844496 0.026285139 0.028641563 0.027957998 0.02943891 0.029415209 0.031965488 0.02895545 0.031221881 0.032785087 0.029061374 0.032724291 0.031015522 0.032946786 0.031604565 0.036611728 0.035538654 0.037047315 0.037658863 0.038959873 0.04027119 0.03909733 0.042810568 0.046320986 0.049321998 0.047627339 0.051134709 0.050394297 0.055570384 0.060822885 0 0 0 0 0 0 0.062079179 0.076729221 0.039332537 0.147344711 0.213227414 1.805873715 1.028538464 -10.81341623
513.742 0 0 0 0 0 0 0 0 0 0 0 0 0 0 0 0 0 0 0 0 0 0 0 0 0 0 0 0 0 0 0.001397209 0.000537 0.001389405 0.001219015 0.001280169 0.001071362 0.00281024 0.003118164 0.002156045 0.002566764 0.003636277 0.003068372 0.004575111 0.005712917 0.003806739 0.005771486 0.005243733 0.005688558 0.006882551 0.009535765 0.009599034 0.008212319 0.009952662 0.012877664 0.012515394 0.012112618 0.012927032 0.016281987 0.017351762 0.0179774 0.019259655 0.017552658 0.014770408 0.018463733 0.020951384 0.020401073 0.021284017 0.022726287 0.024572563 0.024113575 0.021455362 0.024209258 0.025145676 0.025300577 0.027076032 0.025625513 0.028622165 0.026679292 0.027189993 0.029063564 0.028713831 0.029168198 0.030102223 0.029856308 0.030872234 0.030231465 0.028903645 0.032128127 0.032300892 0.033239286 0.033360889 0.038254493 0.035142404 0.033372148 0.039381673 0.04216826 0.037346153 0.041973198 0.047312166 0.044945843 0.050334405 0.057069026 0 0 0 0 0 0 0.066938454 0.068463317 0.045181791 0.048562995 5.31e-05 -0.230070515 0.054697028 -2.476391306 -3.077131215
517.068 0 0 0 0 0 0 0 0 0 0 0 0 0 0 0 0 0 0 0 0 0 0 0 0 0 0 0 0 0 0.002725444 0.000286 0.000181 0.002549991 0.003676032 0.001589918 0.002727963 0.002563363 0.002751686 0.002226941 0.001985493 0.002731674 0.003685362 0.005181885 0.005602666 0.004086095 0.006640406 0.007695397 0.005997462 0.007802796 0.007101937 0.010293885 0.012060674 0.010996272 0.011412236 0.012906804 0.013600446 0.013760074 0.013114672 0.014115262 0.010605975 0.015217573 0.01413897 0.015469613 0.016538794 0.017533898 0.021162572 0.020014803 0.019821665 0.019952656 0.023728705 0.027427023 0.022951851 0.023970491 0.0244509 0.025941765 0.025223295 0.024370215 0.024413917 0.026859193 0.025994477 0.028386679 0.025438302 0.027632614 0.02735696 0.028972989 0.027255399 0.028845521 0.029352413 0.031708918 0.031752762 0.03190081 0.030949589 0.030165127 0.035435426 0.036535864 0.035091995 0.039985144 0.045135832 0.039532902 0.045517236 0.052214203 0.049899132 0 0 0 0 0 0 0.044646237 0.061540207 0.080745127 0.060993167 -0.058085923 -0.330542459 0.468510517 -3.536015214 -3.112321539
520.394 0 0 0 0 0 0 0 0 0 0 0 0 0 0 0 0 0 0 0 0 0 0 0 0 0 0 0 0 0.001024889 0.002941914 0.004606999 0.002067621 0.003564425 0.004936725 0.004346636 0.005062558 0.004900231 0.00451324 0.003717949 0.005849082 0.005194642 0.006257694 0.004726574 0.00708034 0.006301745 0.007703284 0.008243667 0.010140781 0.00830421 0.008778653 0.011016306 0.012158316 0.014331299 0.01434434 0.014703468 0.015338067 0.014908185 0.017991965 0.016333977 0.018299646 0.017629045 0.019879326 0.017295394 0.018407914 0.019673403 0.020314415 0.024020197 0.02187508 0.02163847 0.023450614 0.023235999 0.023255639 0.022635732 0.025514226 0.027315632 0.029273485 0.026385405 0.026672551 0.026394863 0.027609292 0.027296205 0.028357464 0.02869048 0.026087952 0.029823312 0.032872555 0.030107047 0.03141221 0.032185758 0.034165717 0.031895462 0.035319681 0.033904959 0.037313402 0.037912167 0.039315897 0.040409219 0.040358152 0.047379497 0.046659937 0.05583304 0 0 0 0 0 0 0.077893417 0.079256468 0.07882215 0.103359968 0.070652172 0.357856191 0.233184938 1.414207939 5.446594359 36.83195742
523.721 0 0 0 0 0 0 0 0 0 0 0 0 0 0 0 0 0 0 0 0 0 0 0 0 0 0 0 0.001935664 0.002065477 0.004847488 0.000949 0.002719989 0.001588865 -0.001166218 0.002000479 0.001167517 0.003674291 0.003707578 0.004046785 0.003580922 0.005956611 0.00417981 0.005766824 0.006418419 0.006778113 0.007715294 0.007828796 0.013523382 0.009500421 0.008184846 0.008714985 0.012196009 0.012381888 0.013231409 0.013121853 0.012792866 0.014829311 0.018525454 0.015846012 0.014702011 0.015962791 0.018835862 0.015647211 0.016658585 0.021717665 0.01604264 0.021475072 0.018845685 0.022231923 0.023788396 0.02239324 0.025327354 0.022004579 0.023466465 0.02400086 0.024402577 0.026370074 0.026538004 0.026070977 0.027726395 0.026220348 0.025284544 0.026518739 0.028011429 0.030364923 0.028723704 0.027665485 0.029296716 0.030261132 0.030734505 0.029577253 0.031892708 0.031389001 0.034399002 0.033915317 0.034054606 0.036298336 0.042261718 0.044347641 0.042717427 0.04368776 0 0 0 0 0 0 0.065330444 0.058343478 0.065730276 0.090598224 0.13627574 0.262485173 0.453636277 1.533125172 6.136693055 1.575663619
527.048 0 0 0 0 0 0 0 0 0 0 0 0 0 0 0 0 0 0 0 0 0 0 0 0 0 0 0.003256257 0.002690957 0.002691013 0.003861408 0.005700635 0.005897472 0.000334 0.003349592 0.00385033 0.004673149 0.004345635 0.003970731 0.005242372 0.005148152 0.003675508 0.006274945 0.005771684 0.007583476 0.006995899 0.008065598 0.00876677 0.010031323 0.010338242 0.009158869 0.009229933 0.009960484 0.011186528 0.013112236 0.012867506 0.012733987 0.015894981 0.013039755 0.016332636 0.017167117 0.014901469 0.015927062 0.019810328 0.018966617 0.016638959 0.019194483 0.020220397 0.018930249 0.02198111 0.020691479 0.022151364 0.022962408 0.021384799 0.023738268 0.023708836 0.025597684 0.025161703 0.024776643 0.022637884 0.023527858 0.023162339 0.024857786 0.027983233 0.026201822 0.026309996 0.027801546 0.027236812 0.027777992 0.031784398 0.028650557 0.028010166 0.030613821 0.028781957 0.032616041 0.03716913 0.034730598 0.037739491 0.040615402 0.044673071 0.04597953 0 0 0 0 0 0 0.062190948 0.057925906 0.064159979 0.050943001 0.08729816 0.09301407 0.223323925 -0.235589664 -0.158197006 1.911664693 -11.86104281
530.377 0 0 0 0 0 0 0 0 0 0 0 0 0 0 0 0 0 0 0 0 0 0 0 0 0 0.000824 -0.001343773 -0.000966 0.002277588 0.003268453 -9.15e-05 -0.000541 0.004603132 0.001014477 0.000309 0.00233777 0.00260863 0.0012379 0.003279249 0.003282351 0.00497669 0.003053079 0.004454312 0.005170626 0.00663311 0.006825025 0.006803481 0.005335835 0.006669219 0.006480005 0.007777704 0.009963434 0.009447589 0.00848119 0.010298611 0.011430474 0.013016459 0.013269813 0.01325876 0.011692319 0.015898658 0.013005345 0.014019056 0.016064682 0.015293405 0.014672217 0.019023288 0.015505016 0.018892467 0.019901072 0.018820735 0.020258798 0.021389678 0.021029107 0.01934608 0.019668177 0.021229954 0.021891261 0.023137491 0.020304563 0.022226636 0.021155053 0.022153614 0.02308558 0.019631291 0.022056901 0.02363286 0.025469569 0.025088366 0.025572747 0.026759204 0.026189003 0.030514642 0.02871382 0.029622178 0.030746845 0.029986995 0.032732976 0.03505617 0.037119357 0 0 0 0 0 0 0.048618245 0.044141083 0.045430397 0.064749215 0.013735092 0.01243619 0.059172907 -0.050390519 0.158882467 -4.873201796 -18.99304366
533.706 0 0 0 0 0 0 0 0 0 0 0 0 0 0 0 0 0 0 0 0 0 0 0 0 -0.00269683 -0.003992436 -0.003598637 0.003557227 -0.001036064 -0.00118984 -0.001328013 -0.003180412 -0.000168 0.002185629 0.001697386 0.002633792 0.002009929 0.003848131 0.00173193 0.002680465 0.003367956 0.004017037 0.005827633 0.005372606 0.004967269 0.005591 0.005640176 0.003727267 0.005706842 0.00641534 0.007281034 0.009417814 0.009529367 0.010194589 0.009983282 0.010827174 0.011628893 0.012535821 0.009564695 0.011792955 0.013022456 0.015793493 0.013413985 0.012029584 0.014341871 0.015354341 0.014237123 0.01711 0.017239819 0.016211725 0.020293282 0.016737223 0.017651895 0.017204934 0.020627285 0.018893976 0.018860141 0.019709849 0.019403182 0.022140853 0.020627594 0.019588904 0.024029508 0.020673966 0.022693537 0.022019732 0.023744568 0.023268461 0.024180013 0.025450967 0.026380858 0.025444153 0.025924333 0.028664103 0.027655171 0.026690327 0.027326037 0.029675355 0.03381874 0 0 0 0 0 0 0.048025494 0.05033828 0.045265709 0.022392767 0.013842522 0.013727763 -0.071434697 -0.171067573 -0.471797911 -1.219397421 -1.276998386 -22.20218588
537.037 0 0 0 0 0 0 0 0 0 0 0 0 0 0 0 0 0 0 0 0 0 0 0 -0.00206081 -0.000244 0.002725873 0.002156072 -0.002822652 -0.000104 2.79e-07 0.003548294 0.000553 0.00076 0.001889456 0.001945471 0.00368854 0.002702183 0.004142871 0.003732237 0.003773602 0.0042113 0.004226334 0.004819911 0.005174801 0.002892566 0.003805816 0.007235536 0.006517632 0.007271861 0.007597555 0.006021177 0.009708036 0.010759792 0.010213638 0.010732656 0.010639888 0.010731366 0.010813362 0.012833294 0.01280041 0.012796973 0.010590589 0.014633978 0.014062017 0.014007934 0.015630511 0.015785023 0.017460637 0.018538434 0.016884187 0.017755323 0.019483267 0.017155717 0.018496899 0.020863307 0.019863839 0.019888223 0.02080778 0.019316853 0.018688693 0.019849061 0.020787263 0.021183823 0.021327411 0.020680736 0.019998277 0.020296216 0.022294222 0.024143136 0.02467997 0.021858943 0.023815243 0.028067806 0.028133449 0.025849502 0.028112037 0.030168155 0.031622916 0.030763107 0 0 0 0 0 0 0.044028717 0.037046971 0.044590896 0.048069196 0.047182866 0.070850946 0.0689144 0.033201642 0.186906127 1.336164151 0.004866117 -2.392099821
540.367 0 0 0 0 0 0 0 0 0 0 0 0 0 0 0 0 0 0 0 0 0 0 -0.000948 -0.000655 0.000254 -0.002276562 -0.001835987 0.000556 -0.00095 -0.001924568 0.001562352 0.001862008 0.000856 0.001437427 0.001183579 0.000524 0.002875761 0.000601 0.002868543 0.004858213 0.003946732 0.003750536 0.00497673 0.003021821 0.005467526 0.005132486 0.005185279 0.00423737 0.005373191 0.005489345 0.007739352 0.004593044 0.008984905 0.00761165 0.009257191 0.009024925 0.009005311 0.00841412 0.011471348 0.012470514 0.012377438 0.013561787 0.014430144 0.013859975 0.01204763 0.012177915 0.01469493 0.014256223 0.015277259 0.017043927 0.015450174 0.01519023 0.017910434 0.017518245 0.018525247 0.015638639 0.017259097 0.018379242 0.019072081 0.017859894 0.017218124 0.01890716 0.017844222 0.019321601 0.018726079 0.019894802 0.018184616 0.02204187 0.021643113 0.022189588 0.021467761 0.024402035 0.023425797 0.024705099 0.023729441 0.024846669 0.032621059 0.026221748 0 0 0 0 0 0 0.028291355 0.039132118 0.031222329 0.031070234 0.031008569 0.053260585 0.024580635 -0.076080429 0.006788489 -0.447377672 -1.838769382 0.659619789 15.4209405
543.699 0 0 0 0 0 0 0 0 0 0 0 0 0 0 0 0 0 0 0 0 0 0.002279821 0.000275 0.002241598 0.000889 -0.000727 0.005815349 0.002454273 0.003537022 0.002359459 0.006300201 0.00253944 0.004767637 0.001776254 0.005742808 0.004235588 0.004570861 0.005866537 0.00351915 0.005646469 0.004317975 0.005193572 0.00517514 0.005859344 0.006614802 0.007593116 0.007664536 0.008786647 0.009322188 0.010103489 0.009409244 0.010754321 0.0084652 0.011487145 0.012164392 0.010338099 0.012821657 0.009838345 0.013485351 0.013887038 0.014063482 0.015151074 0.014436747 0.012358433 0.015915635 0.015951656 0.014134346 0.017121469 0.017128032 0.018410582 0.016174869 0.019242082 0.018118708 0.017003488 0.01932369 0.019790134 0.018735233 0.020825106 0.021276517 0.017104881 0.018073733 0.020585227 0.021314772 0.021375394 0.01923704 0.020203468 0.022367834 0.022299554 0.021812872 0.024716734 0.027535488 0.024235505 0.025863897 0.024104763 0.027754995 0.029159929 0.03446447 0.034165974 0 0 0 0 0 0 0.05454818 0.045487903 0.053761298 0.057821037 0.061234244 0.069245454 0.095686145 0.115595615 0.333408466 0.714215259 -0.108909988 2.854158422 25.42295091
547.031 0 0 0 0 0 0 0 0 0 0 0 0 0 0 0 0 0 0 0 0 0.000894 -0.003878924 -0.00138246 0.000265 -0.000891 -0.002687567 -0.004333355 -0.002467273 0.002268946 -0.000722 0.000502 0.003033989 0.000785 0.003010332 0.000966 0.000687 0.002373364 0.002786798 0.002677403 0.003848673 0.004585856 0.003056267 0.003600358 0.002780204 0.003918702 0.005516594 0.004186018 0.006221776 0.006652831 0.00707401 0.006904398 0.007907658 0.009580791 0.006536034 0.009094671 0.008265958 0.008153613 0.007870317 0.010461352 0.0104966 0.011756439 0.009502456 0.010544869 0.012136537 0.009076181 0.014781477 0.01402428 0.015180826 0.013051159 0.014678392 0.016028118 0.015690703 0.016396174 0.013842291 0.015046445 0.01426726 0.016378063 0.015659714 0.016033552 0.017303894 0.018676681 0.016610157 0.018265085 0.016229053 0.017993123 0.017246923 0.019169125 0.019977949 0.018775153 0.020845591 0.020487142 0.021249432 0.019336551 0.0201134 0.023141456 0.027587941 0.024179361 0 0 0 0 0 0 0.033751952 0.030322509 0.043046587 0.039573418 0.038903427 0.029359586 0.028815177 0.048243914 -0.025805429 -0.006801937 -1.01825249 -1.488774061 -3.090564921 -4.124325419
550.364 0 0 0 0 0 0 0 0 0 0 0 0 0 0 0 0 0 0 0 -0.000774 0.0009 0.001301892 -0.000418 1.24e-06 0.001542268 0.002218781 -0.001416165 -0.000226 0.000109 -0.000208 0.000501 0.000381 -0.000176 8.26e-05 0.002024314 0.00122875 0.001687433 0.002737836 0.003633236 0.004194018 0.003864481 0.003493371 0.004295331 0.004168771 0.003326349 0.005372715 0.006156783 0.002581084 0.006467626 0.005088933 0.008022264 0.006638637 0.007676966 0.006857995 0.00770214 0.008033296 0.009614852 0.009510198 0.010867864 0.010657997 0.012185309 0.010423825 0.010537976 0.012866188 0.009771841 0.011816822 0.012711829 0.01182737 0.01300368 0.014294851 0.010713603 0.012614743 0.013826965 0.013608428 0.014760326 0.015277944 0.015589292 0.014802876 0.014592811 0.016970761 0.015710925 0.01478101 0.015296229 0.01919939 0.016346555 0.01836509 0.019223758 0.017767681 0.019737403 0.022443263 0.019045356 0.019023443 0.020238776 0.022963195 0.023403928 0.024042411 0.026330359 0 0 0 0 0 0 0.03816959 0.03891045 0.041942765 0.036820864 0.027972873 0.018196533 0.030119008 0.018019761 -0.003300999 -0.048346824 0.176724361 -2.001122154 -12.46947499 -12.48523619
553.698 0 0 0 0 0 0 0 0 0 0 0 0 0 0 0 0 0 0 -0.002404741 -0.001867907 -0.002561599 -0.003926338 -0.006857703 -0.00269227 -0.005686182 -0.001732173 -0.00343883 -0.002270768 -0.000324 -0.002405677 -0.00430878 0.001152476 0.000441 -0.00230272 0.000814 -0.000694 -0.000635 0.00130757 0.000571 0.001231133 0.003504435 0.003282896 0.002395132 0.002657488 0.003783504 0.00312155 0.00280408 0.003630424 0.00380108 0.003540663 0.004915757 0.006373624 0.00721954 0.007374422 0.00578897 0.006767204 0.007879649 0.006691316 0.006836272 0.006650523 0.007876085 0.009445759 0.009348757 0.010343681 0.011562275 0.008635142 0.011205711 0.010436651 0.010936458 0.010932332 0.013391213 0.010973417 0.011333636 0.012541516 0.013316713 0.011761425 0.014301073 0.012406681 0.013294655 0.011872029 0.013129431 0.013029271 0.014331643 0.015707862 0.016129362 0.017148375 0.013756587 0.016306239 0.01750126 0.013894807 0.017721821 0.019945287 0.022928811 0.016930791 0.019586693 0.023590689 0 0 0 0 0 0 0.025332437 0.027593759 0.030687141 0.032944655 0.027432821 0.017458937 0.012952791 0.003380154 -0.032497522 -0.065473985 -0.235996303 -0.621916262 -2.346084172 -6.930902995 -27.58935824
557.032 0 0 0 0 0 0 0 0 0 0 0 0 0 0 0 0 0 0.00626838 0.006255516 0.005616999 0.007093913 0.005242742 0.003364768 0.004583652 0.007768172 0.003472509 0.006179535 0.006491012 0.006241259 0.005134602 0.003920188 0.005956629 0.004782987 0.006182144 0.004319688 0.00587297 0.005023627 0.005856187 0.005612699 0.005987671 0.005977079 0.006284193 0.00620185 0.007566362 0.007401608 0.005707915 0.007564833 0.00860559 0.007619957 0.010322871 0.010613118 0.0083166 0.011059398 0.012428175 0.010055031 0.011361905 0.012800952 0.010849159 0.011273468 0.011074182 0.011476965 0.011523477 0.011850674 0.015864408 0.013644064 0.01514214 0.012945125 0.014299551 0.015866059 0.013757137 0.015353494 0.017475555 0.015335694 0.014499639 0.017036746 0.017863967 0.015496342 0.016398299 0.017170265 0.017214493 0.017209767 0.017653343 0.016367989 0.020043617 0.016975404 0.018486445 0.020701466 0.020661117 0.022955059 0.024222965 0.021831884 0.019053776 0.023062971 0.020994484 0.028779941 0.026141527 0 0 0 0 0 0 0.040167253 0.044466699 0.031334518 0.046477269 0.044908637 0.045567202 0.069425952 0.068485863 0.056128279 0.229615488 0.347597746 0.925548412 2.12591648 13.00060797 25.12882848
560.367 0 0 0 0 0 0 0 0 0 0 0 0 0 0 0 0 0.001196537 -0.000498 0.002905766 0.001413551 -0.002430609 -0.000147 0.001693767 -0.005564508 0.001826155 -0.002495845 0.001315381 -0.00057 0.000332 0.0034805 0.000812 0.000581 -0.000269 0.003402788 0.003691531 0.000934 0.001140172 0.003190685 0.00165885 0.003288177 0.001813984 0.003630148 0.002128372 0.002522483 0.003420245 0.00501942 0.005448987 0.005227849 0.006950377 0.005552221 0.007353659 0.006648787 0.008562724 0.006462044 0.008364765 0.008358871 0.007567908 0.00987597 0.007648565 0.010188751 0.009964699 0.007963806 0.011427291 0.008880336 0.011018157 0.012050411 0.010092195 0.012201156 0.011169272 0.012433856 0.011831777 0.012093231 0.012716356 0.013383683 0.013757919 0.011987584 0.013369126 0.012901331 0.013864742 0.012167522 0.012567342 0.015587887 0.014309794 0.0138114 0.014762541 0.013954662 0.012985451 0.014631021 0.016971772 0.02074915 0.017062003 0.015011677 0.018280038 0.015137957 0.018027619 0 0 0 0 0 0 0.028215589 0.026720514 0.040253271 0.033060047 0.036427681 0.028105651 0.034531258 0.023806998 0.014699491 0.067431909 0.013188996 0.013998915 0.03594825 -0.621232302 5.86721381 10.97133487
563.703 0 0 0 0 0 0 0 0 0 0 0 0 0 0 0 -1.3e-06 0.002414949 -0.00067 -0.001308233 -0.000632 -0.000613 0.001774984 0.000428 -0.000822 0.001319192 0.000506 -0.000843 3.18e-06 0.00178123 0.002128863 0.000821 0.000783 0.001168747 0.002428815 0.002317848 0.001020502 0.002731641 0.002100906 0.001613315 0.003753944 0.003613524 0.003613383 0.003321281 0.005608296 0.004578963 0.003480254 0.005104645 0.005576814 0.005481399 0.006163163 0.007811927 0.005354012 0.006480815 0.007012288 0.007873886 0.00747325 0.008544816 0.007050577 0.005173917 0.007820956 0.008188829 0.010395079 0.011868489 0.008550404 0.008701441 0.010827905 0.013072419 0.01083871 0.011705679 0.011834408 0.011025817 0.011926512 0.012352109 0.014320411 0.012139798 0.011831719 0.013821963 0.011895526 0.011934499 0.013079687 0.013294982 0.012982285 0.012679451 0.01415629 0.014595284 0.013847751 0.016984964 0.017584843 0.01577038 0.015966946 0.016497234 0.015521307 0.017080545 0.017839421 0.019818878 0 0 0 0 0 0 0.025236267 0.024340168 0.026467309 0.031831467 0.034958032 0.023918991 0.03770938 0.025575149 0.021687165 0.016577482 -0.003291042 2.25e-06 -0.090454362 -0.852038438 -6.827860837 -25.50922609
567.039 0 0 0 0 0 0 0 0 0 0 0 0 0 0 0.002940111 0.006774707 0.002773354 -0.000505 0.000162 0.004296633 0.004927289 0.005050872 0.004290983 0.005501129 0.001056466 0.003415214 0.00436454 -0.002785875 0.005248841 0.00203129 0.003899162 0.004606675 0.004247511 0.003196618 0.005487051 0.000631 0.002815899 0.001126639 0.004065888 0.004040867 0.004113487 0.003907415 0.006673844 0.005006597 0.004599179 0.004229181 0.004458874 0.004995541 0.006721053 0.004984675 0.009022112 0.006361045 0.006220003 0.007325315 0.008904377 0.008841878 0.010024074 0.008870065 0.007752345 0.009797245 0.009654339 0.01114223 0.010567795 0.01081722 0.010034456 0.010086389 0.011450466 0.011626433 0.011612284 0.01360447 0.009030215 0.01302282 0.014677585 0.014042014 0.010172029 0.011550024 0.011292188 0.012877327 0.014785721 0.014142827 0.014370462 0.01483326 0.014717456 0.013559059 0.014659452 0.016266237 0.013161212 0.013163317 0.016775286 0.017351415 0.017294272 0.016247101 0.016175342 0.020799544 0 0 0 0 0 0 0.020097734 0.024265036 0.032113088 0.03516703 0.028592476 0.030770095 0.038692026 0.034427095 0.035025234 0.024067563 0.08124441 -0.033492869 0.177312106 0.199790104 0.51381441 1.829790619 5.139809481
570.375 0 0 0 0 0 0 0 0 0 0 0 0 0 0.003637514 0.002784976 -0.003065091 0.002627209 -0.00068 0.000329 -0.004341613 0.002956905 0.00075 0.00332469 0.004446678 9.88e-07 1.51e-06 0.00208295 -0.006101295 -0.001015044 0.000648 -0.00093 0.00188293 0.003104919 0.004421942 0.003109463 0.002391131 0.002263293 0.002489173 0.004824733 0.004577687 0.004549101 0.004091114 0.004165741 0.003637791 0.004421042 0.005203965 0.002558415 0.005968386 0.004582089 0.006337688 0.005710418 0.005510829 0.007675541 0.006334433 0.004757112 0.008487517 0.0049148 0.008554637 0.005510685 0.009902215 0.008043583 0.006031092 0.009655303 0.008680286 0.007606591 0.009954605 0.009567287 0.010703645 0.009168386 0.010928785 0.009698004 0.010910765 0.009476198 0.008888224 0.010349223 0.011336343 0.00913078 0.011473124 0.010499789 0.013142896 0.01123226 0.011784764 0.008507073 0.011704406 0.010594129 0.012231039 0.011578586 0.015746414 0.015493059 0.017714562 0.015740549 0.015755819 0.014565129 0.013010418 0 0 0 0 0 0 0.019917782 0.024085676 0.025191313 0.019006442 0.027036513 0.034389817 0.020679999 0.038294153 0.018096655 0.030107801 -0.035414073 0.02371588 -0.007144314 0.036750163 -1.788873988 -2.301925007 -8.631673079
573.713 0 0 0 0 0 0 0 0 0 0 0 0 -0.00277156 0.002685474 0.003533286 0.003612583 -0.004039104 0.002045734 0.003814021 3.38e-07 0.000156 0.000602 -0.003042149 0.003760602 -0.002139299 0.002564683 -0.000367 0.004000923 0.004187172 0.005523269 0.001872417 0.00347529 0.000823 -0.00051 0.006821395 0.001518664 0.002195975 0.002708671 0.003464647 0.005467629 0.00274544 0.004194254 0.004026345 0.00449046 0.005003815 0.003663291 0.007549841 0.006670356 0.00533178 0.005293567 0.004531068 0.006138597 0.007033631 0.007420549 0.0080825 0.005498486 0.007692453 0.008986372 0.004746499 0.00849418 0.007062128 0.006133024 0.009677515 0.008030468 0.008607766 0.011496202 0.007810414 0.009077511 0.011102725 0.008414839 0.009076482 0.012487189 0.009565526 0.009805992 0.008666752 0.008995515 0.010228073 0.008068366 0.010457537 0.011610875 0.011674058 0.010973425 0.011467428 0.012102048 0.011926475 0.012736678 0.013250093 0.014094279 0.01423449 0.014203979 0.016142924 0.011608029 0.014598368 0 0 0 0 0 0 0.020117471 0.020159658 0.024358607 0.025733374 0.022310421 0.021187815 0.025668185 0.029739369 0.031386445 0.023655343 0.020885095 0.028057997 0.118652411 -0.09336826 3.3e-05 -0.520036275 -1.856917634 4.341735177
577.05 0 0 0 0 0 0 0 0 0 0 0 -0.000816 -0.001388878 0.00077 -0.004096412 0.000902 -0.003341819 -0.000512 0.000497 0.000163 0.000937 -0.001055016 0.001016283 0.000837 -0.002410597 -0.001154148 -0.000737 0.001063182 0.000569 -0.001518573 0.001669573 0.000302 -0.000551 0.001196071 0.001772562 0.001841945 -0.000363 0.002499058 0.001509432 0.002931333 0.003241028 0.002246143 0.00373423 0.004127846 0.004264395 0.002737375 0.001486064 0.003303452 0.003120995 0.00489445 0.005732107 0.00092 0.003155746 0.00693184 0.005352354 0.00656189 0.007089018 0.005367696 0.0081254 0.005104863 0.006894157 0.006944029 0.005146711 0.010054396 0.007800497 0.006395953 0.007126047 0.009692963 0.008099322 0.007701709 0.008732294 0.007490576 0.006715614 0.008991926 0.007997221 0.00921301 0.009907618 0.008147809 0.010541731 0.008909048 0.010590664 0.007908817 0.009906372 0.009965168 0.011174982 0.012358367 0.010223376 0.012764602 0.008641813 0.011737544 0.011853075 0.012198688 0.012334023 0 0 0 0 0 0 0.021742125 0.020983442 0.021981077 0.025291041 0.021527822 0.023086593 0.024974297 0.019405986 0.030288208 0.022905279 0.038357534 0.069341019 0.020405905 0.028784831 0.055389659 1.042467926 4.180062713 0.00104022
580.388 0 0 0 0 0 0 0 0 0 0 0.009839534 0.005292863 0.000192 0.006515046 0.006878868 0.003247618 0.010703744 0.000341 0.008778385 0.004673141 0.006390867 0.005112984 0.007529149 0.005708764 0.007622084 0.002181309 0.007607425 0.00517414 0.005201962 0.00140701 0.003014762 0.005159802 0.003200892 0.004428608 0.004883224 0.006227102 0.007089983 0.003986145 0.005666468 0.003971429 0.005046253 0.005525189 0.004668709 0.005279383 0.005689022 0.00614173 0.007138672 0.005976408 0.005079511 0.008138139 0.007942497 0.009662368 0.006296566 0.006130383 0.006924749 0.00443979 0.008840274 0.008155991 0.010607529 0.009113742 0.009862918 0.009858244 0.010783851 0.010532574 0.009584897 0.008135752 0.008732221 0.009520667 0.009477179 0.011960132 0.010499698 0.009094587 0.010465763 0.011730948 0.011388443 0.010069957 0.011229418 0.012969914 0.012000611 0.011534988 0.012350698 0.013061874 0.011602494 0.012835536 0.013148359 0.0145573 0.013651133 0.013662588 0.015344416 0.012774702 0.015581595 0.017965484 0 0 0 0 0 0 0.021195973 0.029270185 0.021329867 0.024999424 0.025234932 0.033434554 0.032673365 0.040666435 0.039612472 0.037783909 0.059093392 0.069571963 0.125260168 0.118603356 0.150789186 0.441177225 0.810443612 9.268208855 25.95846716
583.727 0 0 0 0 0 0 0 0 0 0.002142642 -0.001668235 0.00263807 -0.004337962 -0.003433642 -0.004072232 -1.32e-06 -0.007697715 -0.005434131 -0.002148738 -0.000801 -0.003573733 -0.001799732 -0.005483472 0.000276 -0.000928 0.003449577 -0.003790236 3.81e-06 0.000791 0.002913496 0.000522 -0.00059 -0.00155214 0.002379209 0.000423 0.001275862 0.001095067 0.002625548 0.002728031 0.002695169 0.001513896 0.002422902 0.002821912 0.003684237 0.003323297 0.00241559 0.002152312 0.002903724 0.00195817 0.001947441 0.003405642 0.004050555 0.00481732 0.004050085 0.005754113 0.003228771 0.003757795 0.004517656 0.00395452 0.005967381 0.006946012 0.002037165 0.008360762 0.005666501 0.004246258 0.006042315 0.0062398 0.006577073 0.005858198 0.00679268 0.00832632 0.006466 0.007095877 0.005572521 0.007545628 0.010173652 0.005697822 0.008841492 0.008198635 0.007169456 0.008616736 0.008074959 0.007137115 0.006656821 0.01157372 0.008880916 0.010166677 0.009248069 0.012288659 0.010701547 0.008680734 0.01090051 0 0 0 0 0 0 0.010326794 0.011780177 0.010831134 0.015089079 0.016933969 0.017344968 0.009939552 0.016804764 0.012575946 0.009873729 0.003144895 0.045099486 -0.050309369 -0.010077793 -0.121636554 -0.256284515 -1.208787504 1.176033976 7.760426599
587.066 0 0 0 0 0 0 0 0 -0.00375264 0.001285382 0.001669921 0.006292788 0.001185256 -0.001910505 0.001297332 0.00270124 -0.000525 0.002038144 0.001323826 0.008513983 0.005905495 0.003298737 0.000722 0.002360637 0.003198766 0.000639 0.000856 0.004808202 0.001579955 0.003560256 0.002690565 0.001782068 0.002095784 0.004332817 0.003779471 0.002548303 -0.000436 0.001844817 0.004672031 0.003135097 0.004005545 0.003847048 0.0033182 0.004158135 0.003781365 0.004947995 0.003827563 0.0048889 0.006866627 0.006734364 0.004433456 0.005428028 0.005693561 0.006896056 0.004888365 0.004875476 0.005135207 0.007310109 0.005159067 0.006325108 0.0051424 0.007172762 0.006399589 0.007750904 0.007432973 0.007477464 0.006703116 0.010239146 0.008057894 0.008527676 0.009330069 0.006818468 0.009182339 0.008944269 0.008635084 0.007883658 0.008916687 0.009246683 0.009343686 0.010621657 0.009647217 0.006893311 0.009928122 0.008580828 0.010503132 0.008961682 0.009594813 0.008913355 0.01271988 0.013089132 0.013798721 0 0 0 0 0 0 0.013250114 0.016905905 0.019866757 0.017524799 0.020769883 0.025157308 0.02167751 0.026668718 0.016436855 0.028721209 0.041668806 0.039277147 0.023117466 0.009329047 0.131696478 0.07874648 0.219929944 0.978565244 -6.232102859 7.758789239
590.406 0 0 0 0 0 0 0.007309363 0.007804603 0.00802787 -0.000433 0.001264732 0.006972147 0.000795 0.004630285 -0.003369757 -0.002000343 0.003534759 0.003603517 -0.003002421 0.000162 0.004710339 0.000606 0.003500572 0.006591545 0.005657221 0.002194276 0.004942917 0.002013588 0.001366382 0.002071327 0.000842 0.002300937 0.003960445 0.005149584 0.003648694 0.003216623 0.003239188 0.003869802 0.001249293 0.003944261 0.003256995 0.00278264 0.002301114 0.002712501 0.002893546 0.00568572 0.003121167 0.005710678 0.004211659 0.006147954 0.004799666 0.004092714 0.004424868 0.006320367 0.003633638 0.004244264 0.007123131 0.003982747 0.007904889 0.007200058 0.00802013 0.006351809 0.004137794 0.006146444 0.007096465 0.00883849 0.006460596 0.006493569 0.006438101 0.009126516 0.008274235 0.009941324 0.009416302 0.008618895 0.008174173 0.008100323 0.009008088 0.007105862 0.009236125 0.008953232 0.008917563 0.009216815 0.008151846 0.010088636 0.009835969 0.011057701 0.009939937 0.01019398 0.011461712 0.013223097 0.009324868 0 0 0 0 0 0 0.022357804 0.018503076 0.024331306 0.012932378 0.021208557 0.018821112 0.029567914 0.018176642 0.025094257 0.019044154 0.03627701 0.034917986 0.052550777 0.028262416 0.119413787 0.397714235 0.092616342 2.330164277 -0.697350324 20.05536336
593.746 0 0 0 0 0 -0.001467213 -0.003577111 -0.001158777 -0.00360049 -0.005463835 -0.000212 -5.21e-07 -0.002612548 -0.006227628 0.000565 -0.001836574 -0.002675451 -0.000519 0.003869304 0.000493 0.000792 0.005196032 0.001618857 -0.001133086 0.00163377 0.001824676 0.000126 0.002749659 0.000691 0.005389789 0.002641217 0.00051 0.004367279 0.001045057 0.002569396 -0.001134183 0.001634304 -0.001011752 0.001457308 0.001907026 0.00179249 0.002760258 0.003735964 0.003273326 0.002163446 0.003027766 0.002260354 0.003971595 0.003747856 0.001985401 0.00193856 0.003428307 0.001860596 0.003404946 0.003740272 0.002525543 0.003438955 0.004857333 0.005521828 0.00417687 0.004876053 0.004603838 0.00652359 0.006456866 0.005911219 0.00494458 0.004398236 0.006248292 0.005075874 0.004715421 0.005224201 0.006592404 0.006878339 0.00680326 0.00700009 0.007693205 0.004442476 0.006896736 0.005548594 0.007861334 0.005505271 0.007026479 0.00414645 0.006862118 0.007970418 0.007841854 0.007106356 0.006685862 0.009550582 0.009016123 0 0 0 0 0 0 0.006659956 0.009483205 0.01531848 0.016132228 0.015457007 0.012268234 0.015046603 0.015194865 0.016133202 0.019364975 0.006873647 0.010037981 0.015217393 0.017693018 0.005720441 -0.013747843 -0.058346405 -0.167910693 -1.408267764 0.003344219 0.884865529
597.086 0 0 0 0 0.003544128 -0.0036933 -0.005035324 -0.006771007 0.000227 -0.001981624 -0.004721017 -0.001042671 -0.000602 0.000783 -0.004383588 0.002775804 0.000181 -0.002967759 -0.000507 -0.00264405 0.001916442 0.003545058 -6.62e-07 0.003425453 0.000545 0.002623781 0.001883645 0.003614164 0.001272535 -0.000777 0.000962 -0.000806 -3.17e-06 0.004104308 0.001724959 0.001226908 0.003369411 0.002259731 0.001400889 0.001074517 0.002660787 0.001512724 0.003054569 0.003353986 0.003530635 0.002669253 0.002623526 0.001491925 0.004706325 0.000667 0.002521286 0.004322598 0.006001408 0.004603388 0.005907418 0.003776362 0.001969787 0.007427781 0.004330156 0.005127601 0.004542967 0.002730383 0.004384787 0.004625418 0.005120605 0.007193213 0.004196779 0.005377075 0.003462535 0.008170075 0.005341988 0.007007564 0.005933847 0.006081285 0.005660244 0.005609493 0.006407953 0.006197751 0.008152911 0.007648369 0.008088336 0.006298364 0.005798338 0.007754389 0.009455138 0.007825477 0.008594281 0.009506117 0.007684168 0.005363303 0 0 0 0 0 0 0.013168081 0.019702818 0.010458335 0.013368541 0.008907934 0.013487012 0.009447319 0.017819198 0.014663502 0.018767442 0.012914959 0.019631543 0.010495148 0.004751936 -0.015334786 -0.024328218 0.00735102 0.338778309 -1.66044709 -0.242318271 20.36211679
600.427 0 0 0 0.011695232 -0.000772 0.004997851 0.007306473 -0.003317059 0.002532196 0.003128039 -0.000652 0.000635 -0.003086981 -0.006177751 -0.00192926 0.001689906 -0.00273748 -0.001239659 0.003963059 0.001005992 -0.000648 -0.000469 0.006021223 0.000144 -0.001804526 0.000267 -0.000255 -0.001343292 0.000355 0.002139216 0.001197444 0.001352292 0.001328498 0.001596362 0.002800857 0.002655604 0.004178961 0.002885381 0.003045642 0.002008001 0.003056441 0.003565914 0.002582334 0.002909953 0.002450771 0.003998124 0.003992658 0.0026289 0.002810892 0.002538826 0.002973876 0.004463142 0.004643509 0.004447849 0.003078286 0.005240398 0.003759121 0.004026668 0.005111154 0.00464491 0.004422059 0.006464362 0.003292281 0.004606677 0.00511065 0.004727631 0.003776567 0.0067035 0.004353689 0.003995079 0.006832342 0.005717924 0.006094367 0.005883809 0.00666514 0.006324787 0.00769069 0.006497825 0.0051164 0.007125533 0.007778243 0.007262012 0.008490802 0.00748331 0.00591592 0.005044685 0.007696668 0.007804539 0.007798188 0 0 0 0 0 0 0.015077034 0.00734825 0.011171877 0.014528067 0.012470688 0.012942894 0.019841744 0.016142605 0.018087535 0.019734802 0.032000761 0.019189119 0.011483565 0.004097345 0.016883332 0.029183034 0.10919592 0.134391742 0.019244308 -0.060418063 2.409536472 -4.49935865
603.768 0 0 0.002483387 -0.006441724 -0.004155386 -0.001515073 -0.000737 -0.003353351 -0.00209347 6.41e-07 0.000879 -0.006203345 0.00021 -0.002214281 -0.000976 0.001328437 -0.000738 0.003938062 -0.004527673 -0.003555723 -0.004422088 -0.003635357 -0.001976942 -0.001902347 -0.000842 -0.002419489 -0.00322205 -0.003460354 -0.001422714 0.000797 -0.000205 -0.000409 -0.000387 0.000361 0.001680434 0.001006591 -0.000767 0.000748 0.000344 0.001101843 0.002316579 0.002401627 0.002870668 0.000611 0.001692207 0.003194611 0.000425 0.002334641 0.002152777 0.002651028 -0.000249 0.000885 0.003154314 0.000523 0.004698631 0.002530981 -0.000482 0.001991674 0.000725 0.0024409 0.004181895 0.003546574 0.00215807 0.002723164 0.003270762 0.00301661 0.005115526 0.005199056 0.005326441 0.003123013 0.006228623 0.005926402 0.004765132 0.005583506 0.005660786 0.005397127 0.004098121 0.002327908 0.004178985 0.005347196 0.006343927 0.006677856 0.005342295 0.004443797 0.003877672 0.009277929 0.009246432 0.007887048 0.005888577 0 0 0 0 0 0 0.00867136 0.010531776 0.008467594 0.010061287 0.004083493 0.008929313 0.011524854 0.011474115 0.009425812 0.007852614 -0.001536085 0.014188076 0.003050757 -0.013243773 0.00974715 -0.019656391 -0.003569817 -0.369621812 -0.135118702 -0.547411474 -9.728315452 -3.645185542
607.109 0 0.011878759 0.002235506 -0.000542 -0.001045449 0.008631772 -4.05e-06 0.002407044 0.007483908 -0.000681 0.002875131 0.003870794 -0.002922058 0.001824329 0.004319896 -0.003431463 -0.001297774 0.001979584 0.006298535 -0.002380987 0.000329 0.001906635 0.003364794 -1.36e-06 0.005786784 0.002976507 0.00013 -0.000244 0.002987901 0.003202425 0.003193487 0.002312942 0.002607064 0.003598097 0.003023154 0.003456518 0.003550469 0.001954776 0.00323279 0.00186492 0.00279464 0.002263957 0.004670249 0.003067152 0.003216918 0.003670118 0.002350069 0.003561599 0.00372283 0.004126443 0.001762203 0.002834474 0.003789676 0.003464505 0.003731579 0.00707179 0.002761885 0.002959142 0.003279523 0.005285392 0.006498169 0.004690566 0.005424383 0.00600435 0.005278671 0.003707799 0.004489629 0.006097434 0.006130831 0.005742774 0.005282065 0.006702583 0.006485354 0.007143447 0.004898395 0.005711206 0.005824462 0.005820878 0.00548372 0.008529582 0.008337992 0.00472154 0.00892833 0.006818686 0.007472477 0.008823116 0.006601933 0.008374342 0 0 0 0 0 0 0.011628536 0.010584984 0.009637349 0.007616352 0.008622506 0.0162092 0.009181853 0.015981511 0.016403222 0.011770973 0.026614156 0.01741639 0.025197222 0.024532933 0.011652965 0.044099459 0.005920719 -0.032184545 0.113767728 -0.330043999 0.548946142 5.387103404 -11.8649765
610.451 0.002110989 -0.001752581 -0.00338514 -0.005992617 -0.00158258 -0.002820586 0.007750976 -0.000243 -0.002598346 -0.005734556 -0.003573593 -0.000435 -0.004434007 -0.004700654 0.001188742 -0.003659712 0.005241092 0.003634863 -0.001590827 -0.002062913 -0.001995456 -0.004974026 -0.002626193 0.000148 -0.002852192 0.000684 -0.001176826 -0.003759984 0.000126 -0.002537491 0.001672965 0.000853 -0.000976 -0.001360724 -0.001077068 0.000682 -0.000779 0.000607 7.05e-05 0.001001466 0.002613466 0.001220106 0.001325134 0.000564 0.000738 0.001060771 0.001367137 0.000491 0.004811897 0.001823348 0.001440865 0.002288485 0.003436987 0.001444594 0.003232244 0.002568397 0.003036063 0.00351625 0.003128291 0.001906116 0.000677 0.00038 -0.000366 0.002586252 0.000874 0.003232772 0.002720771 0.003199564 0.00423199 0.004717615 0.004952953 0.003911348 0.004392194 0.003534104 0.003928773 0.002596782 0.00423278 0.004445202 0.004315021 0.003619272 0.004976249 0.005887326 0.004201861 0.004670312 0.00278866 0.00432813 0.005792018 0.004768943 0 0 0 0 0 0 0.006347664 0.00314395 0.006854875 0.011765212 0.010718553 0.000951 0.004847891 0.006321418 0.003884758 0.011312755 0.00199329 0.01329192 0.003848663 -0.00247782 -0.005042089 -0.009884695 -0.011959824 -0.054208527 -0.199139469 -0.411895349 0.000502 -10.62752113 -7.376821019
613.792 0.004186259 0.000288 -0.003352014 -6.07e-07 0.007051251 -0.000508 0.000498 0.002647748 0.004209453 0.005903814 0.003537354 0.003010712 0.002925143 0.007486641 0.010604316 0.00019 0.003151716 -0.00036 0.000352 0.000509 0.000659 0.003972033 0.004893904 0.00117608 0.005508392 0.005279124 0.001946027 0.00161779 -0.00166485 -0.000684 0.000335 0.005032826 0.001061909 0.002787394 0.003822408 0.00219178 0.003473455 0.001728751 0.002337952 0.002214172 0.001345545 0.001912106 0.002046367 0.002677132 0.002669521 0.003994976 0.003984367 0.000729 0.005194546 0.003438591 0.002516971 0.002836274 0.003402929 0.004745264 0.003350418 0.004289597 0.003655138 0.004090559 0.003826141 0.005568978 0.004013649 0.005628993 0.005333896 0.003796986 0.003980589 0.00547878 0.002122469 0.004118122 0.006831406 0.00513022 0.006415124 0.00342622 0.00515847 0.005539809 0.003241611 0.006995779 0.00717396 0.007880265 0.006267347 0.006594289 0.005074649 0.005607987 0.007946817 0.004937623 0.005929334 0.005377887 0.005472657 0 0 0 0 0 0 0.008038061 0.006162291 0.007845583 0.010723954 0.009558055 0.008789432 0.012667879 0.020023378 0.013202216 0.015119284 0.019517349 0.017415665 0.015477619 0.030422346 0.02574667 0.044106194 0.023279309 -0.023681245 0.125234281 0.166838298 0.155317128 -0.244157044 2.686616291 -20.10284022
617.135 -0.004278369 -0.000297 -0.003706887 0.001101232 -0.001333787 -0.001557309 0.004297835 0.000246 0.004539766 0.003945358 -0.000903 -0.001098683 0.000644 -0.002894469 0.001003091 0.002728662 0.003599665 0.002757736 -0.001431289 0.00434568 0.000841 -0.000974 0.003125936 0.001653344 0.001010207 0.001936878 0.002780168 0.003429041 0.001346131 -0.000232 0.000789 0.002033427 0.001283068 -0.000918 0.000545 0.002842304 0.002208053 0.001151978 -0.00014 0.001131391 0.002379371 0.001285001 0.001555096 0.001709124 0.00365621 0.002007878 0.002617276 0.002894124 0.000265 0.002283349 0.003857059 0.001074912 0.00244932 0.002616945 0.005134224 0.002113001 0.003566714 0.002134068 0.001396094 0.002700012 0.003807308 0.003067146 0.002493815 0.004961845 0.004420994 0.004133107 0.001667984 0.003074064 0.003091819 0.003989862 0.005705014 0.004945132 0.003915526 0.004617503 0.005888019 0.004740473 0.004644437 0.004060611 0.005166516 0.0054922 0.005555065 0.006483031 0.004328089 0.003763301 0.005310958 0.006095789 0.007542739 0 0 0 0 0 0 0.007874717 0.008553128 0.011451192 0.010401576 0.007934167 0.01202881 0.009897495 0.010231335 0.003792677 0.013610194 0.003816368 0.011415191 0.017398576 0.009225615 0.01439925 0.005951837 0.026269997 0.086743488 -0.065807642 -0.054247299 -0.178670283 1.372033819 2.49318633 13.98804244
