NaN 600 596.73 593.46 590.19 586.92 583.65 580.38 577.11 573.84 570.57 567.3 564.03 560.76 557.49 554.22 550.95 547.68 544.41 541.14 537.87 534.6 531.33 528.06 524.79 521.52 518.25 514.98 511.71 508.44 505.17 501.9 498.63 495.36 492.09 488.82 485.55 482.28 479.01 475.74 472.47 469.2 465.93 462.66 459.39 456.12 452.85 449.58 446.31 443.04 439.77 436.5 433.23 429.96 426.69 423.42 420.15 416.88 413.61 410.34 407.07 403.8 400.53 397.26 393.99 390.72 387.45 384.18 380.91 377.64 374.37 371.1 367.83 364.56 361.29 358.02 354.75 351.48 348.21 344.94 341.67 338.4 335.13 331.86 328.59 325.32 322.05 318.78 315.51 312.24 308.97 305.7 302.43 299.16 295.89 292.62 289.35 286.08 282.81 279.54 276.27 273 269.73 266.46 263.19 259.92 256.65 253.38 250.11 246.84 243.57 240.3 237.03 233.76 230.49 227.22 223.95 220.68
210.901 0 0 0 0 0 0 0 0 0 0 0 0 0 0 0 0 0 0 0 0 0 0 0 0 0 0 0 0 0 0 0 0 0 0 0 0 0 0 0 0 0 0 0 0 0 0 0 0 0 0 0 0 0 0 0 0 0 0 0 0 0 0 0 0 0 0 0 0 0 0 0 0 0 0 0 0 0 0 0 0 0 0 0 0 0 0 0 0 0 0 0 0 0 0 0 0 0 0 0 0 0 0 0 0 0 0 0 0 0 0 0 0 0 0 0 0 0
214.065 0 0 0 0 0 0 0 0 0 0 0 0 0 0 0 0 0 0 0 0 0 0 0 0 0 0 0 0 0 0 0 0 0 0 0 0 0 0 0 0 0 0 0 0 0 0 0 0 0 0 0 0 0 0 0 0 0 0 0 0 0 0 0 0 0 0 0 0 0 0 0 0 0 0 0 0 0 0 0 0 0 0 0 0 0 0 0 0 0 0 0 0 0 0 0 0 0 0 0 0 0 0 0 0 0 0 0 0 0 0 0 0 0 0 0 0 0
217.232 0 0 0 0 0 0 0 0 0 0 0 0 0 0 0 0 0 0 0 0 0 0 0 0 0 0 0 0 0 0 0 0 0 0 0 0 0 0 0 0 0 0 0 0 0 0 0 0 0 0 0 0 0 0 0 0 0 0 0 0 0 0 0 0 0 0 0 0 0 0 0 0 0 0 0 0 0 0 0 0 0 0 0 0 0 0 0 0 0 0 0 0 0 0 0 0 0 0 0 0 0 0 0 0 0 0 0 0 0 0 0 0 0 0 0 0 0
220.402 0 0 0 0 0 0 0 0 0 0 0 0 0 0 0 0 0 0 0 0 0 0 0 0 0 0 0 0 0 0 0 0 0 0 0 0 0 0 0 0 0 0 0 0 0 0 0 0 0 0 0 0 0 0 0 0 0 0 0 0 0 0 0 0 0 0 0 0 0 0 0 0 0 0 0 0 0 0 0 0 0 0 0 0 0 0 0 0 0 0 0 0 0 0 0 0 0 0 0 0 0 0 0 0 0 0 0 0 0 0 0 0 0 0 0 0 0
223.574 0 0 0 0 0 0 0 0 0 0 0 0 0 0 0 0 0 0 0 0 0 0 0 0 0 0 0 0 0 0 0 0 0 0 0 0 0 0 0 0 0 0 0 0 0 0 0 0 0 0 0 0 0 0 0 0 0 0 0 0 0 0 0 0 0 0 0 0 0 0 0 0 0 0 0 0 0 0 0 0 0 0 0 0 0 0 0 0 0 0 0 0 0 0 0 0 0 0 0 0 0 0 0 0 0 0 0 0 0 0 0 0 0 0 0 0 0
226.748 0 0 0 0 0 0 0 0 0 0 0 0 0 0 0 0 0 0 0 0 0 0 0 0 0 0 0 0 0 0 0 0 0 0 0 0 0 0 0 0 0 0 0 0 0 0 0 0 0 0 0 0 0 0 0 0 0 0 0 0 0 0 0 0 0 0 0 0 0 0 0 0 0 0 0 0 0 0 0 0 0 0 0 0 0 0 0 0 0 0 0 0 0 0 0 0 0 0 0 0 0 0 0 0 0 0 0 0 0 0 0 0 0 0 0 0 0
229.925 0 0 0 0 0 0 0 0 0 0 0 0 0 0 0 0 0 0 0 0 0 0 0 0 0 0 0 0 0 0 0 0 0 0 0 0 0 0 0 0 0 0 0 0 0 0 0 0 0 0 0 0 0 0 0 0 0 0 0 0 0 0 0 0 0 0 0 0 0 0 0 0 0 0 0 0 0 0 0 0 0 0 0 0 0 0 0 0 0 0 0 0 0 0 0 0 0 0 0 0 0 0 0 0 0 0 0 0 0 0 0 0 0 0 0 0 0
233.104 0 0 0 0 0 0 0 0 0 0 0 0 0 0 0 0 0 0 0 0 0 0 0 0 0 0 0 0 0 0 0 0 0 0 0 0 0 0 0 0 0 0 0 0 0 0 0 0 0 0 0 0 0 0 0 0 0 0 0 0 0 0 0 0 0 0 0 0 0 0 0 0 0 0 0 0 0 0 0 0 0 0 0 0 0 0 0 0 0 0 0 0 0 0 0 0 0 0 0 0 0 0 0 0 0 0 0 0 0 0 0 0 0 0 0 0 35.99911198
236.285 0 0 0 0 0 0 0 0 0 0 0 0 0 0 0 0 0 0 0 0 0 0 0 0 0 0 0 0 0 0 0 0 0 0 0 0 0 0 0 0 0 0 0 0 0 0 0 0 0 0 0 0 0 0 0 0 0 0 0 0 0 0 0 0 0 0 0 0 0 0 0 0 0 0 0 0 0 0 0 0 0 0 0 0 0 0 0 0 0 0 0 0 0 0 0 0 0 0 0 0 0 0 0 0 0 0 0 0 0 0 0 0 0 0 0 -2.074796752 12.15414687
239.469 0 0 0 0 0 0 0 0 0 0 0 0 0 0 0 0 0 0 0 0 0 0 0 0 0 0 0 0 0 0 0 0 0 0 0 0 0 0 0 0 0 0 0 0 0 0 0 0 0 0 0 0 0 0 0 0 0 0 0 0 0 0 0 0 0 0 0 0 0 0 0 0 0 0 0 0 0 0 0 0 0 0 0 0 0 0 0 0 0 0 0 0 0 0 0 0 0 0 0 0 0 0 0 0 0 0 0 0 0 0 0 0 0 0 -0.246837753 1.800006661 -27.15670763
242.655 0 0 0 0 0 0 0 0 0 0 0 0 0 0 0 0 0 0 0 0 0 0 0 0 0 0 0 0 0 0 0 0 0 0 0 0 0 0 0 0 0 0 0 0 0 0 0 0 0 0 0 0 0 0 0 0 0 0 0 0 0 0 0 0 0 0 0 0 0 0 0 0 0 0 0 0 0 0 0 0 0 0 0 0 0 0 0 0 0 0 0 0 0 0 0 0 0 0 0 0 0 0 0 0 0 0 0 0 0 0 0 0 0 0.722585649 0.922678949 4.092827064 5.979731648
245.844 0 0 0 0 0 0 0 0 0 0 0 0 0 0 0 0 0 0 0 0 0 0 0 0 0 0 0 0 0 0 0 0 0 0 0 0 0 0 0 0 0 0 0 0 0 0 0 0 0 0 0 0 0 0 0 0 0 0 0 0 0 0 0 0 0 0 0 0 0 0 0 0 0 0 0 0 0 0 0 0 0 0 0 0 0 0 0 0 0 0 0 0 0 0 0 0 0 0 0 0 0 0 0 0 0 0 0 0 0 0 0 0 0.043375108 0.492805938 0.430084067 -1.275744433 26.90661029
249.035 0 0 0 0 0 0 0 0 0 0 0 0 0 0 0 0 0 0 0 0 0 0 0 0 0 0 0 0 0 0 0 0 0 0 0 0 0 0 0 0 0 0 0 0 0 0 0 0 0 0 0 0 0 0 0 0 0 0 0 0 0 0 0 0 0 0 0 0 0 0 0 0 0 0 0 0 0 0 0 0 0 0 0 0 0 0 0 0 0 0 0 0 0 0 0 0 0 0 0 0 0 0 0 0 0 0 0 0 0 0 0 -0.074437223 -0.08747267 -0.529183553 -1.159835742 0.254658467 -5.959205762
252.228 0 0 0 0 0 0 0 0 0 0 0 0 0 0 0 0 0 0 0 0 0 0 0 0 0 0 0 0 0 0 0 0 0 0 0 0 0 0 0 0 0 0 0 0 0 0 0 0 0 0 0 0 0 0 0 0 0 0 0 0 0 0 0 0 0 0 0 0 0 0 0 0 0 0 0 0 0 0 0 0 0 0 0 0 0 0 0 0 0 0 0 0 0 0 0 0 0 0 0 0 0 0 0 0 0 0 0 0 0 0 -0.004410616 0.059061156 -0.000952 0.346717729 -0.535426997 1.013956573 13.49221574
255.423 0 0 0 0 0 0 0 0 0 0 0 0 0 0 0 0 0 0 0 0 0 0 0 0 0 0 0 0 0 0 0 0 0 0 0 0 0 0 0 0 0 0 0 0 0 0 0 0 0 0 0 0 0 0 0 0 0 0 0 0 0 0 0 0 0 0 0 0 0 0 0 0 0 0 0 0 0 0 0 0 0 0 0 0 0 0 0 0 0 0 0 0 0 0 0 0 0 0 0 0 0 0 0 0 0 0 0 0 0 -0.00656667 -0.059178376 -0.119619087 -0.274677338 -0.263141075 0.250255116 -6.042311435 -13.81895976
258.621 0 0 0 0 0 0 0 0 0 0 0 0 0 0 0 0 0 0 0 0 0 0 0 0 0 0 0 0 0 0 0 0 0 0 0 0 0 0 0 0 0 0 0 0 0 0 0 0 0 0 0 0 0 0 0 0 0 0 0 0 0 0 0 0 0 0 0 0 0 0 0 0 0 0 0 0 0 0 0 0 0 0 0 0 0 0 0 0 0 0 0 0 0 0 0 0 0 0 0 0 0 0 0 0 0 0 0 0 -0.003950553 -0.010649339 -0.057806401 -0.092489473 -0.111501176 -0.31958725 0.672698074 0.860265227 13.44694847
261.821 0 0 0 0 0 0 0 0 0 0 0 0 0 0 0 0 0 0 0 0 0 0 0 0 0 0 0 0 0 0 0 0 0 0 0 0 0 0 0 0 0 0 0 0 0 0 0 0 0 0 0 0 0 0 0 0 0 0 0 0 0 0 0 0 0 0 0 0 0 0 0 0 0 0 0 0 0 0 0 0 0 0 0 0 0 0 0 0 0 0 0 0 0 0 0 0 0 0 0 0 0 0 0 0 0 0 0 0.002037957 0.019043529 -0.040152006 0.001990632 -0.068995502 -0.0194831 0.381095224 0.321244024 -1.337667281 11.3536929
265.023 0 0 0 0 0 0 0 0 0 0 0 0 0 0 0 0 0 0 0 0 0 0 0 0 0 0 0 0 0 0 0 0 0 0 0 0 0 0 0 0 0 0 0 0 0 0 0 0 0 0 0 0 0 0 0 0 0 0 0 0 0 0 0 0 0 0 0 0 0 0 0 0 0 0 0 0 0 0 0 0 0 0 0 0 0 0 0 0 0 0 0 0 0 0 0 0 0 0 0 0 0 0 0 0 0 0 0.006123697 0.011059472 -0.012903001 -0.046293778 -0.003076044 -0.053080533 0.126560952 0.399468179 1.235426593 0.234075039 10.08539264
268.228 0 0 0 0 0 0 0 0 0 0 0 0 0 0 0 0 0 0 0 0 0 0 0 0 0 0 0 0 0 0 0 0 0 0 0 0 0 0 0 0 0 0 0 0 0 0 0 0 0 0 0 0 0 0 0 0 0 0 0 0 0 0 0 0 0 0 0 0 0 0 0 0 0 0 0 0 0 0 0 0 0 0 0 0 0 0 0 0 0 0 0 0 0 0 0 0 0 0 0 0 0 0 0 0 0 -0.014145194 0.00128086 0.006590927 -0.024189668 -0.035450581 -0.038126629 0.022130904 0.006684146 -0.106407041 -0.515635499 -5.250823289 2.781210633
271.434 0 0 0 0 0 0 0 0 0 0 0 0 0 0 0 0 0 0 0 0 0 0 0 0 0 0 0 0 0 0 0 0 0 0 0 0 0 0 0 0 0 0 0 0 0 0 0 0 0 0 0 0 0 0 0 0 0 0 0 0 0 0 0 0 0 0 0 0 0 0 0 0 0 0 0 0 0 0 0 0 0 0 0 0 0 0 0 0 0 0 0 0 0 0 0 0 0 0 0 0 0 0 0 0 0.003232062 0.002423786 -0.008334222 -0.038788639 -0.058687161 -0.041520375 -0.044201563 0.045128381 -0.131290124 0.216419656 -0.058893629 -3.882446791 10.4358561
274.643 0 0 0 0 0 0 0 0 0 0 0 0 0 0 0 0 0 0 0 0 0 0 0 0 0 0 0 0 0 0 0 0 0 0 0 0 0 0 0 0 0 0 0 0 0 0 0 0 0 0 0 0 0 0 0 0 0 0 0 0 0 0 0 0 0 0 0 0 0 0 0 0 0 0 0 0 0 0 0 0 0 0 0 0 0 0 0 0 0 0 0 0 0 0 0 0 0 0 0 0 0 0 0 -0.00351045 0.005336803 -0.00340931 -0.014656747 -0.015449205 -0.021095966 -0.013278279 0.023286854 0.013006945 -0.119043042 0.219205387 -1.063008771 2.948495406 -21.17857164
277.854 0 0 0 0 0 0 0 0 0 0 0 0 0 0 0 0 0 0 0 0 0 0 0 0 0 0 0 0 0 0 0 0 0 0 0 0 0 0 0 0 0 0 0 0 0 0 0 0 0 0 0 0 0 0 0 0 0 0 0 0 0 0 0 0 0 0 0 0 0 0 0 0 0 0 0 0 0 0 0 0 0 0 0 0 0 0 0 0 0 0 0 0 0 0 0 0 0 0 0 0 0 0 0.002788361 0.008628601 0.008361343 -0.021455255 -0.009880136 -0.048424666 -0.009826229 0.018906972 0.012606218 -0.049215373 -0.042322449 -0.03669205 0.949760251 0.988554345 -12.59670094
281.068 0 0 0 0 0 0 0 0 0 0 0 0 0 0 0 0 0 0 0 0 0 0 0 0 0 0 0 0 0 0 0 0 0 0 0 0 0 0 0 0 0 0 0 0 0 0 0 0 0 0 0 0 0 0 0 0 0 0 0 0 0 0 0 0 0 0 0 0 0 0 0 0 0 0 0 0 0 0 0 0 0 0 0 0 0 0 0 0 0 0 0 0 0 0 0 0 0 0 0 0 0 0.016432671 0.022025153 0.017651079 0.004344646 -0.021560387 0.009274123 0.005612565 0.033725359 0.044229023 0.050123162 0.189178122 0.237709366 0.383247899 1.476360215 0.490392129 41.28246379
284.283 0 0 0 0 0 0 0 0 0 0 0 0 0 0 0 0 0 0 0 0 0 0 0 0 0 0 0 0 0 0 0 0 0 0 0 0 0 0 0 0 0 0 0 0 0 0 0 0 0 0 0 0 0 0 0 0 0 0 0 0 0 0 0 0 0 0 0 0 0 0 0 0 0 0 0 0 0 0 0 0 0 0 0 0 0 0 0 0 0 0 0 0 0 0 0 0 0 0 0 0 0.015385232 0.011716833 0.012699795 0.001766196 -0.006005032 -0.01174346 -0.007053258 0.003289588 0.025889053 0.042562256 0 0.103047522 0.158829719 0.450314807 1.631375164 1.938951752 21.84858589
287.501 0 0 0 0 0 0 0 0 0 0 0 0 0 0 0 0 0 0 0 0 0 0 0 0 0 0 0 0 0 0 0 0 0 0 0 0 0 0 0 0 0 0 0 0 0 0 0 0 0 0 0 0 0 0 0 0 0 0 0 0 0 0 0 0 0 0 0 0 0 0 0 0 0 0 0 0 0 0 0 0 0 0 0 0 0 0 0 0 0 0 0 0 0 0 0 0 0 0 0 0.02536994 0.031256237 0.02435755 0.010164033 -0.006322984 -0.000214 0.027575671 0.013372759 0.025310961 0.027089561 0.043204566 0.071683175 0.10836501 0.088828282 0.338697294 0.518550785 -3.117929636 7.532171166
290.72 0 0 0 0 0 0 0 0 0 0 0 0 0 0 0 0 0 0 0 0 0 0 0 0 0 0 0 0 0 0 0 0 0 0 0 0 0 0 0 0 0 0 0 0 0 0 0 0 0 0 0 0 0 0 0 0 0 0 0 0 0 0 0 0 0 0 0 0 0 0 0 0 0 0 0 0 0 0 0 0 0 0 0 0 0 0 0 0 0 0 0 0 0 0 0 0 0 0 0.027718807 0.032087836 0.030886885 0.026229654 0.02239798 -0.000222 0.01033819 0.03299997 0.036870917 0.028567546 0.028753011 0.033939039 0.037770444 0.02500254 0.114036997 -0.070010283 0.906200538 4.003621659 -22.10219673
293.942 0 0 0 0 0 0 0 0 0 0 0 0 0 0 0 0 0 0 0 0 0 0 0 0 0 0 0 0 0 0 0 0 0 0 0 0 0 0 0 0 0 0 0 0 0 0 0 0 0 0 0 0 0 0 0 0 0 0 0 0 0 0 0 0 0 0 0 0 0 0 0 0 0 0 0 0 0 0 0 0 0 0 0 0 0 0 0 0 0 0 0 0 0 0 0 0 0 0.029136244 0.043798955 0.045418616 0.037590852 0.029807166 0.003689832 0.023628989 0.038986762 0.041343559 0.045183371 0.037504497 0.058758105 0.040734838 0.084549531 0.033849797 0.158469715 0.482709158 1.115210235 3.24672266 10.83912305
297.166 0 0 0 0 0 0 0 0 0 0 0 0 0 0 0 0 0 0 0 0 0 0 0 0 0 0 0 0 0 0 0 0 0 0 0 0 0 0 0 0 0 0 0 0 0 0 0 0 0 0 0 0 0 0 0 0 0 0 0 0 0 0 0 0 0 0 0 0 0 0 0 0 0 0 0 0 0 0 0 0 0 0 0 0 0 0 0 0 0 0 0 0 0 0 0 0 0.026547829 0.033740438 0.044490213 0.047055764 0.038008211 0.023414263 0.036273868 0.050081479 0.043959506 0.047624708 0.051785165 0.063764351 0.083889325 0.070130897 0.103510197 0.103470677 0.189194292 1.072387446 0.660393105 1.14477896 -22.4180253
300.392 0 0 0 0 0 0 0 0 0 0 0 0 0 0 0 0 0 0 0 0 0 0 0 0 0 0 0 0 0 0 0 0 0 0 0 0 0 0 0 0 0 0 0 0 0 0 0 0 0 0 0 0 0 0 0 0 0 0 0 0 0 0 0 0 0 0 0 0 0 0 0 0 0 0 0 0 0 0 0 0 0 0 0 0 0 0 0 0 0 0 0 0 0 0 0 0.017672701 0.026034448 0.035980489 0.045708055 0.043173025 0.044092999 0.04553409 0.044428182 0.048457472 0.04583861 0.053408031 0.071988466 0.075575188 0.062473885 0.064522331 0.074619525 0.144949255 0.038647045 -0.016851215 -1.093132285 0.227270693 1.74318742
303.62 0 0 0 0 0 0 0 0 0 0 0 0 0 0 0 0 0 0 0 0 0 0 0 0 0 0 0 0 0 0 0 0 0 0 0 0 0 0 0 0 0 0 0 0 0 0 0 0 0 0 0 0 0 0 0 0 0 0 0 0 0 0 0 0 0 0 0 0 0 0 0 0 0 0 0 0 0 0 0 0 0 0 0 0 0 0 0 0 0 0 0 0 0 0 0.016526184 0.025855044 0.037603303 0.054841412 0.057266683 0.050908153 0.05676658 0.054010426 0.05388234 0.061464238 0.056724689 0.070407205 0.072802365 0.088385607 0.107039488 0.111052215 0.145142046 0.255437333 0.096435232 0.168198232 0.979625544 2.488202724 32.71295307
306.85 0 0 0 0 0 0 0 0 0 0 0 0 0 0 0 0 0 0 0 0 0 0 0 0 0 0 0 0 0 0 0 0 0 0 0 0 0 0 0 0 0 0 0 0 0 0 0 0 0 0 0 0 0 0 0 0 0 0 0 0 0 0 0 0 0 0 0 0 0 0 0 0 0 0 0 0 0 0 0 0 0 0 0 0 0 0 0 0 0 0 0 0 0 0.015045365 0.018691576 0.027180537 0.040991559 0.040986515 0.036491856 0.057829431 0.061078643 0.060034336 0.060435107 0.057644876 0.066462331 0.07227025 0.078991743 0.091267389 0.11298345 0.11759653 0.145680234 0.168904516 0.329814155 0.270044862 1.800922679 3.859931551 7.121710858
310.082 0 0 0 0 0 0 0 0 0 0 0 0 0 0 0 0 0 0 0 0 0 0 0 0 0 0 0 0 0 0 0 0 0 0 0 0 0 0 0 0 0 0 0 0 0 0 0 0 0 0 0 0 0 0 0 0 0 0 0 0 0 0 0 0 0 0 0 0 0 0 0 0 0 0 0 0 0 0 0 0 0 0 0 0 0 0 0 0 0 0 0 0 0.006967971 0.012675949 0.021718336 0.026632089 0.037857586 0.037322114 0.052992199 0.053600795 0.056299276 0.051898339 0.046380696 0.047124088 0.053321826 0.068968546 0.072183685 0.090635212 0.086513128 0.077607503 0.062842796 0.002879917 -0.00662679 -0.303359088 -0.871719093 -7.483352259 -4.484673683
313.316 0 0 0 0 0 0 0 0 0 0 0 0 0 0 0 0 0 0 0 0 0 0 0 0 0 0 0 0 0 0 0 0 0 0 0 0 0 0 0 0 0 0 0 0 0 0 0 0 0 0 0 0 0 0 0 0 0 0 0 0 0 0 0 0 0 0 0 0 0 0 0 0 0 0 0 0 0 0 0 0 0 0 0 0 0 0 0 0 0 0 0 0.010920302 0.014859093 0.019357679 0.023254151 0.032518448 0.039928928 0.041772523 0.054512141 0.061886529 0.057878139 0.061534115 0.051684742 0.054717252 0.064750083 0.067978142 0.077646631 0.083869621 0.086894792 0.091280774 0.073083327 0.120967465 0.162012499 -0.101535462 0.164077723 -0.683161241 -5.347930569
316.553 0 0 0 0 0 0 0 0 0 0 0 0 0 0 0 0 0 0 0 0 0 0 0 0 0 0 0 0 0 0 0 0 0 0 0 0 0 0 0 0 0 0 0 0 0 0 0 0 0 0 0 0 0 0 0 0 0 0 0 0 0 0 0 0 0 0 0 0 0 0 0 0 0 0 0 0 0 0 0 0 0 0 0 0 0 0 0 0 0 0 0.012820282 0.015708581 0.015276635 0.025247938 0.032156139 0.041099739 0.052322492 0.055662693 0.061800125 0.067642217 0.067211245 0.074013166 0.064039399 0.061309064 0.071494231 0.0830068 0.086853748 0.107463945 0.118721193 0.14198232 0.150994153 0.113122851 -0.02611873 0.56440687 0.608311646 -1.610997606 -10.76748441
319.791 0 0 0 0 0 0 0 0 0 0 0 0 0 0 0 0 0 0 0 0 0 0 0 0 0 0 0 0 0 0 0 0 0 0 0 0 0 0 0 0 0 0 0 0 0 0 0 0 0 0 0 0 0 0 0 0 0 0 0 0 0 0 0 0 0 0 0 0 0 0 0 0 0 0 0 0 0 0 0 0 0 0 0 0 0 0 0 0 0 0.01049122 0.015459999 0.019378516 0.024629143 0.027298797 0.040603136 0.039940957 0.04143715 0.062603533 0.063001803 0.062757298 0.066266945 0.060085945 0.056535332 0.062772242 0.067355607 0.08138574 0.086008679 0.115168105 0.104389147 0.116546731 0.10781368 0.132014747 0.046045419 0.498071017 0.444241778 -0.46200696 -32.54048325
323.031 0 0 0 0 0 0 0 0 0 0 0 0 0 0 0 0 0 0 0 0 0 0 0 0 0 0 0 0 0 0 0 0 0 0 0 0 0 0 0 0 0 0 0 0 0 0 0 0 0 0 0 0 0 0 0 0 0 0 0 0 0 0 0 0 0 0 0 0 0 0 0 0 0 0 0 0 0 0 0 0 0 0 0 0 0 0 0 0 0.014760593 0.016106481 0.026669522 0.0302249 0.032843533 0.039691632 0.051309011 0.049855237 0.059678855 0.073643958 0.075198576 0.074820412 0.07629324 0.065907682 0.067822355 0.073439659 0.076903502 0.087342978 0.103686421 0.111543308 0.134320539 0.117191826 0.09660158 0.075369621 0.309863612 0.492335852 0.340956858 6.388008285 22.19540994
326.273 0 0 0 0 0 0 0 0 0 0 0 0 0 0 0 0 0 0 0 0 0 0 0 0 0 0 0 0 0 0 0 0 0 0 0 0 0 0 0 0 0 0 0 0 0 0 0 0 0 0 0 0 0 0 0 0 0 0 0 0 0 0 0 0 0 0 0 0 0 0 0 0 0 0 0 0 0 0 0 0 0 0 0 0 0 0 0 0.013029717 0.021207965 0.024161259 0.03084499 0.036642965 0.042163119 0.044955493 0.054485478 0.060969191 0.078018785 0.077511675 0.086065412 0.080204845 0.078443692 0.076620893 0.075011165 0.08118306 0.095766322 0.090969648 0.111005364 0.115514071 0.15631116 0.130054673 0.189322359 0.235356122 0.096588669 0.126288314 0.933793509 -9.221862373 -2.844437099
329.517 0 0 0 0 0 0 0 0 0 0 0 0 0 0 0 0 0 0 0 0 0 0 0 0 0 0 0 0 0 0 0 0 0 0 0 0 0 0 0 0 0 0 0 0 0 0 0 0 0 0 0 0 0 0 0 0 0 0 0 0 0 0 0 0 0 0 0 0 0 0 0 0 0 0 0 0 0 0 0 0 0 0 0 0 0 0 0.017231328 0.020677332 0.022846898 0.031915472 0.035081466 0.044918934 0.054909428 0.056902516 0.064532355 0.078333643 0.081968676 0.090566863 0.08371743 0.090303644 0.087482225 0.087296764 0.082246838 0.076545405 0.097926469 0.104639908 0.109300386 0.122764129 0.125372403 0.13816237 0.155129285 0.253089597 0.331137566 0.680402624 -0.060002378 11.62866573 7.766581922
332.763 0 0 0 0 0 0 0 0 0 0 0 0 0 0 0 0 0 0 0 0 0 0 0 0 0 0 0 0 0 0 0 0 0 0 0 0 0 0 0 0 0 0 0 0 0 0 0 0 0 0 0 0 0 0 0 0 0 0 0 0 0 0 0 0 0 0 0 0 0 0 0 0 0 0 0 0 0 0 0 0 0 0 0 0 0 0.018922253 0.022396568 0.029561057 0.03527174 0.043608537 0.049671733 0.053828636 0.059804476 0.066170377 0.077871309 0.092014015 0.099326812 0.104252237 0.094468247 0.094013792 0.088233991 0.094134839 0.09149761 0.096692846 0.097689763 0.102090594 0.124216742 0.138412975 0.181312132 0.190733457 0.195493581 0.272974216 0.356928739 0.689204283 1.26463211 6.014925686 -0.962179288
336.011 0 0 0 0 0 0 0 0 0 0 0 0 0 0 0 0 0 0 0 0 0 0 0 0 0 0 0 0 0 0 0 0 0 0 0 0 0 0 0 0 0 0 0 0 0 0 0 0 0 0 0 0 0 0 0 0 0 0 0 0 0 0 0 0 0 0 0 0 0 0 0 0 0 0 0 0 0 0 0 0 0 0 0 0 0.014077186 0.019126634 0.028284907 0.031981905 0.041238701 0.046115417 0.051020357 0.059854888 0.065010002 0.079898755 0.088294142 0.095886815 0.097860412 0.097165774 0.100929558 0.094947103 0.097637514 0.085268945 0.086816673 0.086173688 0.097048256 0.11728922 0.111004124 0.137654082 0.148032538 0.174262648 0.216165712 0.180181731 0.128579365 0.074734384 1.26864126 -2.763838699 5.846042333
339.261 0 0 0 0 0 0 0 0 0 0 0 0 0 0 0 0 0 0 0 0 0 0 0 0 0 0 0 0 0 0 0 0 0 0 0 0 0 0 0 0 0 0 0 0 0 0 0 0 0 0 0 0 0 0 0 0 0 0 0 0 0 0 0 0 0 0 0 0 0 0 0 0 0 0 0 0 0 0 0 0 0 0 0 0.015632761 0.017689107 0.027740558 0.033099857 0.042008036 0.047153367 0.055615261 0.057191459 0.081737872 0.081231418 0.092523008 0.100596273 0.104770467 0.113245525 0.109748691 0.107478405 0.105698621 0.107599357 0.105016631 0.094821992 0.103837215 0.114863786 0.116968869 0.132455934 0.128108852 0.173398028 0.175449929 0.262048647 0.170193395 0.336321536 0.280280856 1.571653181 -6.787213942 15.73935041
342.512 0 0 0 0 0 0 0 0 0 0 0 0 0 0 0 0 0 0 0 0 0 0 0 0 0 0 0 0 0 0 0 0 0 0 0 0 0 0 0 0 0 0 0 0 0 0 0 0 0 0 0 0 0 0 0 0 0 0 0 0 0 0 0 0 0 0 0 0 0 0 0 0 0 0 0 0 0 0 0 0 0 0 0.017188221 0.019954871 0.029418307 0.032955554 0.040245972 0.052280868 0.054789653 0.056295207 0.070615796 0.080855838 0.087911017 0.098259816 0.107520095 0.115941587 0.117730548 0.120520296 0.115446495 0.11714774 0.110642964 0.107072396 0.111388078 0.102603007 0.120091033 0.120220927 0.135542492 0.158546992 0.167052747 0.223741181 0.231686295 0.164028567 0.164883794 0.299985143 -0.060138629 -3.026599585 -23.73289515
345.766 0 0 0 0 0 0 0 0 0 0 0 0 0 0 0 0 0 0 0 0 0 0 0 0 0 0 0 0 0 0 0 0 0 0 0 0 0 0 0 0 0 0 0 0 0 0 0 0 0 0 0 0 0 0 0 0 0 0 0 0 0 0 0 0 0 0 0 0 0 0 0 0 0 0 0 0 0 0 0 0 0 0.01947232 0.023301213 0.030042 0.038173036 0.045349954 0.050727529 0.060188542 0.061394879 0.068257616 0.082812972 0.094909083 0.104797471 0.111699172 0.116817772 0.125231737 0.130422685 0.125032934 0.124896421 0.118689943 0.117417094 0.115742537 0.12162919 0.119774075 0.124198393 0.138908706 0.16681727 0.185633747 0.207352111 0.256641061 0.259689828 0.35479691 0.412609503 0.699711871 0.918603712 6.614491374 -6.999093173
349.021 0 0 0 0 0 0 0 0 0 0 0 0 0 0 0 0 0 0 0 0 0 0 0 0 0 0 0 0 0 0 0 0 0 0 0 0 0 0 0 0 0 0 0 0 0 0 0 0 0 0 0 0 0 0 0 0 0 0 0 0 0 0 0 0 0 0 0 0 0 0 0 0 0 0 0 0 0 0 0 0 0.0190836 0.020966023 0.029796905 0.035033007 0.043591833 0.049866955 0.063387412 0.066981974 0.069792513 0.080287237 0.098011305 0.104958573 0.115000913 0.119875821 0.127065964 0.125393996 0.132931781 0.130345209 0.129676258 0.123595636 0.125446261 0.118593412 0.118924846 0.128135527 0.138842263 0.128006819 0.166808223 0.175390511 0.177073364 0.260075125 0.159794093 0.171186651 0.190792614 -0.210793559 -0.929851433 -2.320814083 1.024707583
352.278 0 0 0 0 0 0 0 0 0 0 0 0 0 0 0 0 0 0 0 0 0 0 0 0 0 0 0 0 0 0 0 0 0 0 0 0 0 0 0 0 0 0 0 0 0 0 0 0 0 0 0 0 0 0 0 0 0 0 0 0 0 0 0 0 0 0 0 0 0 0 0 0 0 0 0 0 0 0 0 0.02292788 0.026913805 0.035111391 0.041887849 0.05179256 0.055809127 0.06451221 0.073075188 0.076034941 0.091419341 0.095347977 0.10397774 0.116474327 0.131027071 0.134294446 0.13909295 0.151609986 0.149171408 0.143222601 0.141473826 0.144430707 0.133208979 0.146333164 0.13736329 0.143780721 0.152500526 0.1783528 0.196916923 0.224121081 0.251793824 0.27327829 0.289206922 0.303546729 0.538633174 0.390570466 1.642594761 2.626541839 -17.51521029
355.537 0 0 0 0 0 0 0 0 0 0 0 0 0 0 0 0 0 0 0 0 0 0 0 0 0 0 0 0 0 0 0 0 0 0 0 0 0 0 0 0 0 0 0 0 0 0 0 0 0 0 0 0 0 0 0 0 0 0 0 0 0 0 0 0 0 0 0 0 0 0 0 0 0 0 0 0 0 0 0.020910544 0.029318882 0.037393655 0.044483599 0.049919388 0.057080241 0.066015764 0.076088449 0.077098748 0.088204548 0.102502624 0.110355297 0.122862226 0.132510373 0.136000101 0.143192777 0.150471816 0.156021461 0.151508972 0.153731425 0.156752562 0.154325089 0.154629856 0.16086171 0.162541219 0.178019312 0.182568737 0.20361274 0.217912107 0.277695362 0.261216143 0.314540052 0.355671748 0.265493678 0.257879006 0.297241858 0.320280599 4.798603255 -7.243835132
358.798 0 0 0 0 0 0 0 0 0 0 0 0 0 0 0 0 0 0 0 0 0 0 0 0 0 0 0 0 0 0 0 0 0 0 0 0 0 0 0 0 0 0 0 0 0 0 0 0 0 0 0 0 0 0 0 0 0 0 0 0 0 0 0 0 0 0 0 0 0 0 0 0 0 0 0 0 0 0.022230917 0.026881164 0.037374725 0.043018859 0.049359853 0.06062805 0.068922934 0.077860244 0.085260261 0.094780232 0.10356572 0.115292302 0.122281249 0.12812746 0.146241912 0.152372719 0.151270973 0.15740606 0.168142626 0.167980301 0.168064096 0.157069559 0.159546647 0.161102732 0.159967864 0.175717291 0.186840097 0.196287572 0.214699618 0.239139872 0.274206454 0.27323461 0.295043638 0.306662658 0.282816921 0.29159113 0.180368228 1.231745588 -10.51432006 -19.02242304
362.061 0 0 0 0 0 0 0 0 0 0 0 0 0 0 0 0 0 0 0 0 0 0 0 0 0 0 0 0 0 0 0 0 0 0 0 0 0 0 0 0 0 0 0 0 0 0 0 0 0 0 0 0 0 0 0 0 0 0 0 0 0 0 0 0 0 0 0 0 0 0 0 0 0 0 0 0 0.018442459 0.023851639 0.035883088 0.043176546 0.052910148 0.060509926 0.070684217 0.078202075 0.088874568 0.099288135 0.108381265 0.117924845 0.126418553 0.134146395 0.139367616 0.149537818 0.159011292 0.171840335 0.169477704 0.168405787 0.175222536 0.180899358 0.175448144 0.18203965 0.176850101 0.178173237 0.19330543 0.207339795 0.22151085 0.232337345 0.25867348 0.29232744 0.331775601 0.325082734 0.264162947 0.321910587 0.294518537 0.384772069 -1.636292356 -3.269204494 -44.84218163
365.325 0 0 0 0 0 0 0 0 0 0 0 0 0 0 0 0 0 0 0 0 0 0 0 0 0 0 0 0 0 0 0 0 0 0 0 0 0 0 0 0 0 0 0 0 0 0 0 0 0 0 0 0 0 0 0 0 0 0 0 0 0 0 0 0 0 0 0 0 0 0 0 0 0 0 0 0.018447983 0.027934455 0.034637794 0.044118633 0.054839059 0.065471776 0.077574167 0.080403773 0.090600987 0.103780834 0.11242762 0.121775382 0.127217489 0.143639002 0.145578413 0.15387255 0.163915332 0.171774746 0.177963048 0.184754943 0.18148669 0.190927735 0.182492239 0.189788865 0.192476088 0.198381585 0.208672826 0.215267835 0.228770022 0.237055332 0.275688298 0.307514248 0.333576808 0.366529331 0.393820089 0.34976596 0.41873579 0.476115879 0.692797266 0.461068498 7.127920005 -6.385439
368.591 0 0 0 0 0 0 0 0 0 0 0 0 0 0 0 0 0 0 0 0 0 0 0 0 0 0 0 0 0 0 0 0 0 0 0 0 0 0 0 0 0 0 0 0 0 0 0 0 0 0 0 0 0 0 0 0 0 0 0 0 0 0 0 0 0 0 0 0 0 0 0 0 0 0 0.017927972 0.028014432 0.033762386 0.043780899 0.053887182 0.066692657 0.078477594 0.088083614 0.095164965 0.103862436 0.115215314 0.123003703 0.132231038 0.143103505 0.151992063 0.163363234 0.16678936 0.177616822 0.185266654 0.18994864 0.194277434 0.194508992 0.193475146 0.200143523 0.195105573 0.200993026 0.202892077 0.216430658 0.234835492 0.254726798 0.255498542 0.287698244 0.303085363 0.355451973 0.370024602 0.372592847 0.394791672 0.324840446 0.602520607 6.11e-05 0.529473626 4.397721808 -10.76132388
371.859 0 0 0 0 0 0 0 0 0 0 0 0 0 0 0 0 0 0 0 0 0 0 0 0 0 0 0 0 0 0 0 0 0 0 0 0 0 0 0 0 0 0 0 0 0 0 0 0 0 0 0 0 0 0 0 0 0 0 0 0 0 0 0 0 0 0 0 0 0 0 0 0 0 0.020627229 0.02687403 0.031680844 0.044527537 0.056679364 0.066365694 0.078505752 0.093169151 0.098332685 0.10553812 0.124703792 0.13194604 0.13979456 0.152985547 0.160965707 0.165409004 0.176608687 0.183079001 0.189521546 0.197191431 0.203789597 0.210269707 0.212377355 0.213744655 0.206286514 0.216156275 0.219734514 0.228270053 0.24598286 0.255441167 0.272922411 0.290115293 0.316414897 0.350731252 0.39832584 0.399484281 0.452863186 0.472017914 0.479425979 0.572759123 1.208186563 1.390126088 9.642753732 10.81238811
375.128 0 0 0 0 0 0 0 0 0 0 0 0 0 0 0 0 0 0 0 0 0 0 0 0 0 0 0 0 0 0 0 0 0 0 0 0 0 0 0 0 0 0 0 0 0 0 0 0 0 0 0 0 0 0 0 0 0 0 0 0 0 0 0 0 0 0 0 0 0 0 0 0 0.015149506 0.02525013 0.030968652 0.040514237 0.052722405 0.063710757 0.073243889 0.086476866 0.099722093 0.112196344 0.127437237 0.13333346 0.142545262 0.152233007 0.164930089 0.168339128 0.178970447 0.190197466 0.197325956 0.202488106 0.208538488 0.215928036 0.216555852 0.22119362 0.224806236 0.222280064 0.216207343 0.221961457 0.233226498 0.250534669 0.260420259 0.286006478 0.29671185 0.324897672 0.336999377 0.3884891 0.399116634 0.435690245 0.405072248 0.514026276 0.480101336 0.287622397 -0.598140392 -5.527483005 -21.57671776
378.399 0 0 0 0 0 0 0 0 0 0 0 0 0 0 0 0 0 0 0 0 0 0 0 0 0 0 0 0 0 0 0 0 0 0 0 0 0 0 0 0 0 0 0 0 0 0 0 0 0 0 0 0 0 0 0 0 0 0 0 0 0 0 0 0 0 0 0 0 0 0 0 0.016600291 0.021171867 0.02579112 0.040841827 0.048900825 0.061154885 0.072874526 0.086418682 0.09683482 0.109566491 0.126031813 0.134590165 0.14499141 0.162902044 0.166390112 0.172884122 0.183070519 0.196832841 0.198422752 0.20343783 0.212212516 0.218960528 0.221400916 0.217470266 0.228242386 0.22497371 0.230539601 0.222404609 0.239740387 0.251159228 0.250130879 0.281067643 0.299004002 0.303906779 0.336074967 0.37867231 0.410614388 0.432863588 0.447379911 0.438531802 0.466383013 0.185849039 0.101151442 -1.309126695 -2.448852756 -18.04032588
381.672 0 0 0 0 0 0 0 0 0 0 0 0 0 0 0 0 0 0 0 0 0 0 0 0 0 0 0 0 0 0 0 0 0 0 0 0 0 0 0 0 0 0 0 0 0 0 0 0 0 0 0 0 0 0 0 0 0 0 0 0 0 0 0 0 0 0 0 0 0 0 0.015167186 0.021944837 0.029832111 0.038402767 0.047452417 0.059209641 0.06924235 0.083638691 0.098603365 0.115590947 0.127408077 0.139660914 0.151673134 0.162525476 0.172015378 0.179200432 0.182977886 0.194893995 0.203395273 0.209119515 0.217162165 0.222003275 0.231260377 0.229146856 0.231746757 0.236685123 0.231688614 0.237226425 0.23464038 0.241540339 0.247023542 0.271257421 0.291748824 0.309901087 0.327826708 0.363551279 0.38653535 0.414797519 0.428793686 0.438046702 0.423938143 0.335514549 0.224005462 0.080859923 -0.456885491 -7.608321539 -4.253480764
384.947 0 0 0 0 0 0 0 0 0 0 0 0 0 0 0 0 0 0 0 0 0 0 0 0 0 0 0 0 0 0 0 0 0 0 0 0 0 0 0 0 0 0 0 0 0 0 0 0 0 0 0 0 0 0 0 0 0 0 0 0 0 0 0 0 0 0 0 0 0 0.015097506 0.020501224 0.026595119 0.035531056 0.043709059 0.058657592 0.074001941 0.084520668 0.096563831 0.112557786 0.12743493 0.136660914 0.153945838 0.163503817 0.176816302 0.177407393 0.191976241 0.199671754 0.207633822 0.216610989 0.223519555 0.228923507 0.232354131 0.235631018 0.233925544 0.240722043 0.241733357 0.24040651 0.249568351 0.244760999 0.24954823 0.258400966 0.279571062 0.290149797 0.325184591 0.327330691 0.371880228 0.424829414 0.439215524 0.470169509 0.453900891 0.482686255 0.470206981 0.415460775 0.321380395 -0.71395302 -8.917699762 -15.91984811
388.223 0 0 0 0 0 0 0 0 0 0 0 0 0 0 0 0 0 0 0 0 0 0 0 0 0 0 0 0 0 0 0 0 0 0 0 0 0 0 0 0 0 0 0 0 0 0 0 0 0 0 0 0 0 0 0 0 0 0 0 0 0 0 0 0 0 0 0 0 0.013953549 0.017877148 0.026226238 0.034963874 0.044352823 0.055917582 0.07035734 0.079543864 0.093678123 0.108054945 0.124913644 0.139761554 0.151183384 0.161774413 0.174038133 0.186068376 0.192626779 0.199858326 0.208980689 0.215519079 0.218745018 0.232044596 0.230651699 0.240502414 0.239965605 0.242037305 0.23966811 0.245608536 0.240270239 0.246377578 0.256715932 0.251103166 0.271144984 0.286132502 0.299851849 0.320117817 0.35115892 0.387282635 0.41760088 0.450833984 0.463625211 0.476856842 0.46983376 0.287547313 0.372853956 0.178893816 0.064757082 -5.347099456 -42.89758863
391.5 0 0 0 0 0 0 0 0 0 0 0 0 0 0 0 0 0 0 0 0 0 0 0 0 0 0 0 0 0 0 0 0 0 0 0 0 0 0 0 0 0 0 0 0 0 0 0 0 0 0 0 0 0 0 0 0 0 0 0 0 0 0 0 0 0 0 0 0.014748372 0.02070826 0.026190293 0.032908195 0.044889953 0.055235449 0.06639055 0.07920397 0.090898382 0.107326055 0.120757854 0.137008046 0.146605288 0.163747218 0.17529307 0.187757217 0.193359962 0.202349893 0.210782659 0.215458734 0.223492073 0.229203479 0.236081892 0.239775971 0.243085185 0.245469493 0.251363187 0.249270263 0.248893155 0.249290624 0.257235211 0.25564966 0.266589383 0.280749256 0.293104356 0.313274357 0.337131027 0.352378142 0.392931222 0.426567075 0.457012383 0.477264199 0.486725482 0.531676792 0.606370136 0.522972347 0.311976591 1.197987133 -2.885231088 17.45177443
394.78 0 0 0 0 0 0 0 0 0 0 0 0 0 0 0 0 0 0 0 0 0 0 0 0 0 0 0 0 0 0 0 0 0 0 0 0 0 0 0 0 0 0 0 0 0 0 0 0 0 0 0 0 0 0 0 0 0 0 0 0 0 0 0 0 0 0 0.017639935 0.019409671 0.024818501 0.033298586 0.041853399 0.051001789 0.066814484 0.076147334 0.091004726 0.099146815 0.11546071 0.132249625 0.14642334 0.15835835 0.174663182 0.187535203 0.197073865 0.204565831 0.213581069 0.211087694 0.22821883 0.232536403 0.237951342 0.244104884 0.246266266 0.250126483 0.248522035 0.253880623 0.258168056 0.256999139 0.258900454 0.265365311 0.26719549 0.284958418 0.285609278 0.293752182 0.313076285 0.342205137 0.372103559 0.394906524 0.424764442 0.47333159 0.478713979 0.486493778 0.530780491 0.516373437 0.586895172 0.581915031 -1.003109967 -0.522295589 17.34507175
398.061 0 0 0 0 0 0 0 0 0 0 0 0 0 0 0 0 0 0 0 0 0 0 0 0 0 0 0 0 0 0 0 0 0 0 0 0 0 0 0 0 0 0 0 0 0 0 0 0 0 0 0 0 0 0 0 0 0 0 0 0 0 0 0 0 0 0.016531261 0.019923521 0.025915718 0.033084205 0.041201051 0.050513855 0.062053085 0.072441173 0.086319608 0.09961622 0.114448122 0.131188451 0.141546982 0.156103566 0.172112244 0.186937274 0.195402792 0.204809541 0.213450489 0.220063265 0.227834949 0.231839487 0.240330312 0.243056009 0.249527559 0.254290457 0.255515134 0.256557645 0.257170458 0.260782257 0.262831311 0.258021436 0.265466098 0.269189353 0.267647158 0.283040587 0.311843681 0.333956499 0.352501003 0.378551774 0.412515801 0.45161582 0.50656271 0.536068917 0.533037468 0.569654369 0.643990376 0.771140537 1.0733903 2.356140666 2.835698399 39.3305996
401.343 0 0 0 0 0 0 0 0 0 0 0 0 0 0 0 0 0 0 0 0 0 0 0 0 0 0 0 0 0 0 0 0 0 0 0 0 0 0 0 0 0 0 0 0 0 0 0 0 0 0 0 0 0 0 0 0 0 0 0 0 0 0 0 0 0.012276237 0.015645582 0.021406697 0.030027861 0.037890164 0.045837237 0.056901508 0.065969738 0.079221454 0.094729153 0.106526237 0.118091621 0.136361791 0.148861469 0.164657816 0.176688881 0.188620576 0.198754253 0.206529273 0.214355054 0.22116862 0.230209965 0.229710594 0.239422642 0.244429854 0.246457025 0.248930238 0.249958479 0.257347576 0.255405138 0.257325579 0.259777764 0.266077123 0.259890745 0.264371432 0.262298389 0.292733629 0.300266474 0.312944302 0.342807512 0.370793357 0.405924699 0.435731288 0.466925754 0.4637043 0.484376523 0.524027669 0.44343713 0.442720576 -0.359895981 -0.550748062 -7.900559531 -32.96101103
404.627 0 0 0 0 0 0 0 0 0 0 0 0 0 0 0 0 0 0 0 0 0 0 0 0 0 0 0 0 0 0 0 0 0 0 0 0 0 0 0 0 0 0 0 0 0 0 0 0 0 0 0 0 0 0 0 0 0 0 0 0 0 0 0 0.016077473 0.018683757 0.024326128 0.031939885 0.036531861 0.044598012 0.055143043 0.067670153 0.078046427 0.090581546 0.104854111 0.118327569 0.130506982 0.145219837 0.16423748 0.17594329 0.192726861 0.199229481 0.211827114 0.215778867 0.224795119 0.230068838 0.234108619 0.241565201 0.249367056 0.252447945 0.254547239 0.259803234 0.255835381 0.258309995 0.257489177 0.260004004 0.267649154 0.26698309 0.267641383 0.266191475 0.284240915 0.300203952 0.3110225 0.329430245 0.35255274 0.381745371 0.431896487 0.462627184 0.491211243 0.513714079 0.50753003 0.586621932 0.63050128 0.599793901 0.641522965 2.075141983 3.299513358 14.84788997
407.912 0 0 0 0 0 0 0 0 0 0 0 0 0 0 0 0 0 0 0 0 0 0 0 0 0 0 0 0 0 0 0 0 0 0 0 0 0 0 0 0 0 0 0 0 0 0 0 0 0 0 0 0 0 0 0 0 0 0 0 0 0 0 0.014692021 0.014880726 0.022122367 0.025814071 0.033855906 0.042451222 0.049385737 0.063139637 0.075146557 0.088074545 0.09678339 0.113376468 0.123195413 0.138966977 0.156546916 0.167634314 0.183184823 0.194536984 0.203868856 0.211344249 0.222726226 0.228992349 0.235620615 0.243850767 0.24428086 0.252711197 0.253310866 0.2579392 0.259084784 0.263859682 0.259939839 0.265313531 0.259817761 0.269781169 0.271920187 0.277314988 0.269172557 0.286801094 0.293960181 0.306756301 0.33350286 0.35245158 0.397174903 0.4080194 0.456884719 0.482610178 0.501214025 0.484608958 0.556186157 0.506635766 0.683292913 0.582046787 -0.364233761 3.283295487 3.903239674
411.2 0 0 0 0 0 0 0 0 0 0 0 0 0 0 0 0 0 0 0 0 0 0 0 0 0 0 0 0 0 0 0 0 0 0 0 0 0 0 0 0 0 0 0 0 0 0 0 0 0 0 0 0 0 0 0 0 0 0 0 0 0 0.0102194 0.014499232 0.020989091 0.022443989 0.029231346 0.037553726 0.045695748 0.055804353 0.066056526 0.078921739 0.094023009 0.106124349 0.119493154 0.13085614 0.145717764 0.158546741 0.171848517 0.186130279 0.194988703 0.205783565 0.211789868 0.221065563 0.225819784 0.233303333 0.240017292 0.248467696 0.245283066 0.252916692 0.255033529 0.255660829 0.258655545 0.256226949 0.261518473 0.256507262 0.259260742 0.263078371 0.268153374 0.258012116 0.278529337 0.292064801 0.309117569 0.331075642 0.355770626 0.388207856 0.419054397 0.447668307 0.470474758 0.473117393 0.493749194 0.51595216 0.416891497 0.382867284 -0.111067609 -1.556485565 -3.489206393 -8.79886279
414.488 0 0 0 0 0 0 0 0 0 0 0 0 0 0 0 0 0 0 0 0 0 0 0 0 0 0 0 0 0 0 0 0 0 0 0 0 0 0 0 0 0 0 0 0 0 0 0 0 0 0 0 0 0 0 0 0 0 0 0 0 0.014660253 0.016183673 0.020781268 0.024631933 0.030829975 0.038897368 0.044082426 0.052226813 0.065150467 0.075173542 0.08611193 0.099947704 0.113316132 0.126358587 0.13463935 0.154963506 0.163052158 0.173776316 0.192941422 0.200951521 0.2069012 0.221899382 0.224873307 0.231743572 0.236062179 0.246099506 0.246858417 0.253164197 0.251545306 0.255339132 0.255875747 0.257594028 0.257772276 0.25986434 0.264082773 0.2631826 0.261453545 0.268162927 0.26895506 0.27386087 0.293760291 0.308223893 0.333644646 0.359571231 0.391243915 0.427175901 0.451377746 0.490093831 0.500543226 0.52380172 0.56171852 0.475562975 0.470994464 0.312092882 1.722378617 4.692032101 -0.0033396
417.778 0 0 0 0 0 0 0 0 0 0 0 0 0 0 0 0 0 0 0 0 0 0 0 0 0 0 0 0 0 0 0 0 0 0 0 0 0 0 0 0 0 0 0 0 0 0 0 0 0 0 0 0 0 0 0 0 0 0 0 0.010714621 0.013270682 0.015045644 0.021578801 0.02758032 0.034301549 0.040087571 0.051118699 0.057531668 0.069343918 0.079758181 0.08886547 0.103131839 0.116918126 0.130758916 0.147358266 0.157162912 0.168216297 0.186294237 0.195635274 0.201623427 0.210375831 0.218618014 0.2249952 0.232850171 0.231714884 0.240100428 0.242366779 0.254344273 0.250549188 0.254855592 0.252857738 0.256518812 0.260142 0.25679818 0.255980814 0.261267218 0.256144975 0.253102504 0.26629489 0.273272551 0.284424291 0.311048393 0.33393376 0.364700597 0.395958944 0.417067094 0.435817673 0.479026197 0.453778039 0.482088361 0.475377824 0.520256737 0.533334119 0.452108499 -0.292300905 0.486364023 9.511989976
421.069 0 0 0 0 0 0 0 0 0 0 0 0 0 0 0 0 0 0 0 0 0 0 0 0 0 0 0 0 0 0 0 0 0 0 0 0 0 0 0 0 0 0 0 0 0 0 0 0 0 0 0 0 0 0 0 0 0 0 0.00639549 0.010119329 0.014456529 0.018293634 0.025584804 0.031421639 0.038667855 0.046747088 0.053353763 0.06419967 0.072480429 0.086134754 0.097312453 0.113181203 0.125572381 0.133643031 0.148677803 0.160585488 0.170951577 0.183375888 0.191880542 0.204879219 0.211778626 0.217698079 0.227786686 0.228201266 0.237072375 0.239292786 0.241064314 0.249619542 0.249613371 0.248868636 0.247954115 0.254113239 0.250765882 0.254791125 0.250765565 0.253963021 0.255471383 0.251602213 0.264633534 0.267426076 0.282105874 0.296544247 0.323153576 0.352962523 0.377828293 0.410835354 0.440649241 0.477986795 0.457298687 0.504356295 0.472355451 0.463856179 0.459386789 0.053742551 8.14e-05 -1.686337319 -14.11799224
424.362 0 0 0 0 0 0 0 0 0 0 0 0 0 0 0 0 0 0 0 0 0 0 0 0 0 0 0 0 0 0 0 0 0 0 0 0 0 0 0 0 0 0 0 0 0 0 0 0 0 0 0 0 0 0 0 0 0 0.006561958 0.010883185 0.015549806 0.017799465 0.024997571 0.032169523 0.037259163 0.045156319 0.052277042 0.058231851 0.069727598 0.079860302 0.091235411 0.103248497 0.117410817 0.125285985 0.141212605 0.149061135 0.162531352 0.175497248 0.187773318 0.198505835 0.205607352 0.211110287 0.222533799 0.220265831 0.229982255 0.231146804 0.235375539 0.239607867 0.244957437 0.249603762 0.248914823 0.249488143 0.2434898 0.250286297 0.252157114 0.245293773 0.251650817 0.256395655 0.259715003 0.259759787 0.261346427 0.29413032 0.30880391 0.324250216 0.364276446 0.376912459 0.420819786 0.444232756 0.460698582 0.479664717 0.495452091 0.488229025 0.476522517 0.531062817 0.693351138 0.920313389 0.238666014 0
427.657 0 0 0 0 0 0 0 0 0 0 0 0 0 0 0 0 0 0 0 0 0 0 0 0 0 0 0 0 0 0 0 0 0 0 0 0 0 0 0 0 0 0 0 0 0 0 0 0 0 0 0 0 0 0 0 0 0.009830914 0.013765946 0.014145239 0.017997723 0.024300079 0.030883114 0.034842678 0.040691638 0.050394606 0.054348915 0.065397447 0.075716712 0.087343038 0.096449134 0.10824844 0.119214969 0.132848559 0.144545543 0.153647714 0.165144355 0.178832393 0.186916947 0.195224183 0.201682061 0.214496982 0.212773997 0.225675681 0.225960314 0.230660625 0.234561997 0.229115739 0.243166456 0.24242235 0.241782425 0.246094632 0.244615393 0.252770663 0.25207379 0.244766048 0.247922579 0.247311503 0.254085343 0.25827981 0.264536725 0.288906643 0.303014344 0.329533307 0.365264378 0.39155022 0.424342187 0.445757402 0.457164031 0.484600535 0.489372849 0.496013328 0.464397001 0.807341778 1.053505658 -0.22684608 7.559483348 0
430.952 0 0 0 0 0 0 0 0 0 0 0 0 0 0 0 0 0 0 0 0 0 0 0 0 0 0 0 0 0 0 0 0 0 0 0 0 0 0 0 0 0 0 0 0 0 0 0 0 0 0 0 0 0 0 0 0.008503914 0.008968001 0.01414677 0.020464043 0.022220039 0.026617618 0.033830732 0.038658959 0.048407887 0.050689688 0.06456435 0.069518202 0.079604367 0.088573381 0.099458227 0.114331478 0.124457422 0.133820403 0.147115352 0.160158194 0.167988018 0.178832027 0.187961095 0.199554283 0.205110167 0.21159651 0.217218172 0.221292625 0.223844366 0.225935809 0.236104814 0.235705271 0.241651096 0.243216599 0.242794157 0.241150873 0.243206378 0.242388391 0.238876283 0.240528493 0.244503637 0.246000764 0.246338032 0.25672722 0.264657211 0.283720623 0.306851919 0.330071084 0.352573862 0.387864891 0.398871662 0.434409465 0.454645221 0.451606746 0.473464964 0.469850085 0.509206968 0.421786687 0.314717304 1.526170804 0 0
434.249 0 0 0 0 0 0 0 0 0 0 0 0 0 0 0 0 0 0 0 0 0 0 0 0 0 0 0 0 0 0 0 0 0 0 0 0 0 0 0 0 0 0 0 0 0 0 0 0 0 0 0 0 0 0 0.009662048 0.012496194 0.015303172 0.018586114 0.02358185 0.028859513 0.029468407 0.038509272 0.045915654 0.052639746 0.057750086 0.067655727 0.077243531 0.086484789 0.095176468 0.107502371 0.117826453 0.12989363 0.141549315 0.150253118 0.159106665 0.172651421 0.177639557 0.188912539 0.198084651 0.204653998 0.206720033 0.217673282 0.219778153 0.225531913 0.229071233 0.225967242 0.235244446 0.239897231 0.234311131 0.237230919 0.239934555 0.248770493 0.238874639 0.238390151 0.245271736 0.247283913 0.246638226 0.257019505 0.256869917 0.269940964 0.283960266 0.316652038 0.345534161 0.363548437 0.394829978 0.419806484 0.435734966 0.460742391 0.466641141 0.483265589 0.559788966 0.502177718 0.73549021 0.78544665 1.919048915 0 0
437.548 0 0 0 0 0 0 0 0 0 0 0 0 0 0 0 0 0 0 0 0 0 0 0 0 0 0 0 0 0 0 0 0 0 0 0 0 0 0 0 0 0 0 0 0 0 0 0 0 0 0 0 0 0 0.008782959 0.008249686 0.011486856 0.014540311 0.019084868 0.02410107 0.025108986 0.033311033 0.039427202 0.043525924 0.05386712 0.059020434 0.067894549 0.077607559 0.089225321 0.101028454 0.109254421 0.120978611 0.129484287 0.138775385 0.15087931 0.162082796 0.172701349 0.177389038 0.184160008 0.19354845 0.199957506 0.209256652 0.212711389 0.213219379 0.221255931 0.222164693 0.223096604 0.22771604 0.227124948 0.234909872 0.235624628 0.23286079 0.236838036 0.233534451 0.231569466 0.234221666 0.239258615 0.239747521 0.244734741 0.256398354 0.258783422 0.285361516 0.298403564 0.318770277 0.353692836 0.381874086 0.404227056 0.424805021 0.450918081 0.43907092 0.414220955 0.456740791 0.408279727 0.3339741 0.191835319 0 0 0
440.848 0 0 0 0 0 0 0 0 0 0 0 0 0 0 0 0 0 0 0 0 0 0 0 0 0 0 0 0 0 0 0 0 0 0 0 0 0 0 0 0 0 0 0 0 0 0 0 0 0 0 0 0 0.008231999 0.009774693 0.01339882 0.016058027 0.020572503 0.023641463 0.026804582 0.0349644 0.039577596 0.043675008 0.052404919 0.056871207 0.068068483 0.073498939 0.081428166 0.093153973 0.099351904 0.113583608 0.12269481 0.13109556 0.146168085 0.153202622 0.164171281 0.171863436 0.176064896 0.190533253 0.19308846 0.201237756 0.203574863 0.211215386 0.211821682 0.216435245 0.2199217 0.221287305 0.226073828 0.225000861 0.231185874 0.229352733 0.226644961 0.231674926 0.230299301 0.233053063 0.237284567 0.234640743 0.239366348 0.244734539 0.250502244 0.261896414 0.284232682 0.294227644 0.331227798 0.36302857 0.386425187 0.40802856 0.428405784 0.445777218 0.449603671 0.442891545 0.409714079 0.460321622 0.353244126 0.400297209 0 0 0
444.149 0 0 0 0 0 0 0 0 0 0 0 0 0 0 0 0 0 0 0 0 0 0 0 0 0 0 0 0 0 0 0 0 0 0 0 0 0 0 0 0 0 0 0 0 0 0 0 0 0 0 0 0.00971051 0.013455404 0.018171059 0.016984273 0.021641451 0.026929623 0.029425535 0.033549191 0.039530771 0.044335735 0.048616553 0.058850809 0.064147143 0.069723872 0.077512804 0.089860003 0.096208039 0.10670372 0.117289761 0.127223515 0.134751236 0.148381046 0.158253707 0.163606088 0.169931287 0.179450938 0.188002599 0.191070832 0.198381324 0.204811504 0.209543515 0.213626618 0.21720928 0.216259428 0.219936393 0.218865261 0.223184682 0.22495787 0.228595346 0.228370162 0.227920135 0.230687683 0.235189753 0.230299073 0.23368969 0.23844044 0.242830474 0.260034091 0.267839914 0.285140382 0.302451888 0.324000613 0.361547899 0.394970606 0.420078998 0.424303176 0.423980539 0.457221622 0.45247571 0.508677598 0.51900021 0.688707266 0 0 0 0
447.451 0 0 0 0 0 0 0 0 0 0 0 0 0 0 0 0 0 0 0 0 0 0 0 0 0 0 0 0 0 0 0 0 0 0 0 0 0 0 0 0 0 0 0 0 0 0 0 0 0 0 0.007080235 0.012745574 0.011782807 0.014455213 0.021052912 0.024685503 0.02840021 0.033881734 0.034659425 0.040732872 0.044816283 0.052400069 0.058397655 0.063452555 0.074043086 0.081715314 0.086730936 0.099427673 0.107547837 0.116598257 0.126230958 0.136999173 0.147527906 0.155291349 0.163032439 0.168607772 0.175067178 0.180091586 0.18726598 0.194576485 0.199555765 0.201417309 0.202145411 0.20696758 0.210226018 0.21154001 0.221101004 0.21500522 0.223451115 0.220171372 0.220674202 0.222255454 0.223401262 0.222773735 0.225072795 0.225024321 0.233973445 0.242537837 0.245254366 0.254979252 0.278877646 0.300835577 0.321408363 0.357446458 0.375112062 0.394934436 0.432095985 0.414450248 0.437125044 0.436515406 0.431767578 0.39330534 0.388576147 0 0 0 0
450.755 0 0 0 0 0 0 0 0 0 0 0 0 0 0 0 0 0 0 0 0 0 0 0 0 0 0 0 0 0 0 0 0 0 0 0 0 0 0 0 0 0 0 0 0 0 0 0 0 0 0.009181144 0.012126436 0.014914852 0.018686544 0.022021517 0.024649727 0.028877149 0.032662838 0.036920964 0.038528726 0.048043453 0.051253794 0.057412481 0.063577291 0.07063061 0.075923876 0.085333259 0.094410925 0.10390024 0.110074121 0.12223081 0.128403359 0.141074818 0.144427365 0.153537245 0.160275686 0.167414454 0.174821687 0.179104577 0.18493228 0.190226748 0.194780106 0.199311598 0.198203174 0.200308877 0.207922436 0.210594128 0.210248233 0.212374932 0.220878763 0.224595736 0.213732546 0.221602312 0.222264935 0.218553836 0.222820757 0.227292513 0.226579862 0.235378309 0.243290885 0.254950002 0.271215721 0.296853194 0.313875323 0.349729805 0.375906527 0.409211654 0.41291229 0.439206198 0.450002545 0.468432249 0.467060497 0.491076928 0 0 0 0 0
454.06 0 0 0 0 0 0 0 0 0 0 0 0 0 0 0 0 0 0 0 0 0 0 0 0 0 0 0 0 0 0 0 0 0 0 0 0 0 0 0 0 0 0 0 0 0 0 0 0 0.006319855 0.009727214 0.011827784 0.01541735 0.02074371 0.02308845 0.025601808 0.029279456 0.03267263 0.035922116 0.042956159 0.045939516 0.050612142 0.060000528 0.06542759 0.070434422 0.078965134 0.08827491 0.093354042 0.100316477 0.11344229 0.121367792 0.126851493 0.136026903 0.143786083 0.152939919 0.15889885 0.162974841 0.173839475 0.176826586 0.179583933 0.183884093 0.189322045 0.190705555 0.193571365 0.19558329 0.194700971 0.19990884 0.203738324 0.203567948 0.208306125 0.212992222 0.207306767 0.209949056 0.210707295 0.209542331 0.212452298 0.220643468 0.220718136 0.230195508 0.247519355 0.243756633 0.262510863 0.287193923 0.32032677 0.343058735 0.357860634 0.38929605 0.401353155 0.405427596 0.41624971 0.405600008 0.442765087 0.447480211 0 0 0 0 0
457.366 0 0 0 0 0 0 0 0 0 0 0 0 0 0 0 0 0 0 0 0 0 0 0 0 0 0 0 0 0 0 0 0 0 0 0 0 0 0 0 0 0 0 0 0 0 0 0 0.008361727 0.009305243 0.010644008 0.014922965 0.019074253 0.022774546 0.026857005 0.029910431 0.033255968 0.037070576 0.041350999 0.046177159 0.050516329 0.05423263 0.060009437 0.064053653 0.072460084 0.078305701 0.08757936 0.099257135 0.104026697 0.110821047 0.11998501 0.126234414 0.139399302 0.145729312 0.149945902 0.154456328 0.161095759 0.168227786 0.172153498 0.17506687 0.179633467 0.184070896 0.18596162 0.188706282 0.191124042 0.19336082 0.191995611 0.199506174 0.198639449 0.202645965 0.202218298 0.204985176 0.207627705 0.210279951 0.206167088 0.211200286 0.215475549 0.216883226 0.223225997 0.232324791 0.24577442 0.267909031 0.281402187 0.304075142 0.335128904 0.356496439 0.373428524 0.406145031 0.403380352 0.384780789 0.413870638 0.396003652 0 0 0 0 0 0
460.673 0 0 0 0 0 0 0 0 0 0 0 0 0 0 0 0 0 0 0 0 0 0 0 0 0 0 0 0 0 0 0 0 0 0 0 0 0 0 0 0 0 0 0 0 0 0 0.005164111 0.009299408 0.011082761 0.015762481 0.017222858 0.019087663 0.025723519 0.028225063 0.030099232 0.036160764 0.038564741 0.042373585 0.049168235 0.053062767 0.058142278 0.064774533 0.071050094 0.077188593 0.082827695 0.089861328 0.095711854 0.103385445 0.110142291 0.118619764 0.130206464 0.131049972 0.13928831 0.146219591 0.15179527 0.159169308 0.162247858 0.169696304 0.169726793 0.175526505 0.177707382 0.182696703 0.184562182 0.181840689 0.186297466 0.190050574 0.191210953 0.195071873 0.196150737 0.201972057 0.199415491 0.198579072 0.19930701 0.20171627 0.205196907 0.208489344 0.211616916 0.224329129 0.222790502 0.248422127 0.262107098 0.27274279 0.301136858 0.332112443 0.363313426 0.366936285 0.390571044 0.402937383 0.392836694 0.385674815 0 0 0 0 0 0 0
463.982 0 0 0 0 0 0 0 0 0 0 0 0 0 0 0 0 0 0 0 0 0 0 0 0 0 0 0 0 0 0 0 0 0 0 0 0 0 0 0 0 0 0 0 0 0 0.00414784 0.00588326 0.006688787 0.011791999 0.010377771 0.016783477 0.021341002 0.023255526 0.028243539 0.030788488 0.035374643 0.039789642 0.04156418 0.048523744 0.054991268 0.057999662 0.059304189 0.069720359 0.074865607 0.080444808 0.085439365 0.097212725 0.100539015 0.108241822 0.118992145 0.124362324 0.129443358 0.134469563 0.143063809 0.145585945 0.152727523 0.156395923 0.160160927 0.165842918 0.167498353 0.167703207 0.170991642 0.174113627 0.175224589 0.176662439 0.17831404 0.18875402 0.180480731 0.186660341 0.192831784 0.193429251 0.190858858 0.189307372 0.194499132 0.1945684 0.199103027 0.208049945 0.204839313 0.221092043 0.229355265 0.244239873 0.274034883 0.29622276 0.322833292 0.334597285 0.346236657 0.351691797 0.353845317 0.349779775 0.36610706 0 0 0 0 0 0 -20.37025467
467.292 0 0 0 0 0 0 0 0 0 0 0 0 0 0 0 0 0 0 0 0 0 0 0 0 0 0 0 0 0 0 0 0 0 0 0 0 0 0 0 0 0 0 0 0 0.005330819 0.004013553 0.006926453 0.009827277 0.012607848 0.013272297 0.018073604 0.022223094 0.02787122 0.03214744 0.035089805 0.038369762 0.042238668 0.045455087 0.050451566 0.056651601 0.061588001 0.064971541 0.070695623 0.074370975 0.082842087 0.090708925 0.092669359 0.099783627 0.111442728 0.115999722 0.125742397 0.128414688 0.134414304 0.138226462 0.139786011 0.148467014 0.151951567 0.156205086 0.160682464 0.164037393 0.163453797 0.166841442 0.169620545 0.172261188 0.167702106 0.173572068 0.177761507 0.176814331 0.178306364 0.184009004 0.183955959 0.185838404 0.187203659 0.189367277 0.189041906 0.196795707 0.201502963 0.203910921 0.219702551 0.228245466 0.237797047 0.261547672 0.27931276 0.304637723 0.319419602 0.341094568 0.358432964 0.35320463 0.359498544 0 0 0 0 0 0 0 -6.186121014
470.603 0 0 0 0 0 0 0 0 0 0 0 0 0 0 0 0 0 0 0 0 0 0 0 0 0 0 0 0 0 0 0 0 0 0 0 0 0 0 0 0 0 0 0 0.003667961 0.006611014 0.005616262 0.008027851 0.01048649 0.012401215 0.016295199 0.01958662 0.022882081 0.02858805 0.030649598 0.036241328 0.038546299 0.042143433 0.049392711 0.052760049 0.059009386 0.061095777 0.063489045 0.069717485 0.07701215 0.083995929 0.085964932 0.094526725 0.100517073 0.109783455 0.112430757 0.12076797 0.124617198 0.131563309 0.137133214 0.13967041 0.140099608 0.147597124 0.150060809 0.153061017 0.156060007 0.159662886 0.161075844 0.163349519 0.163572586 0.165879932 0.169995486 0.169872838 0.17220203 0.174108935 0.176438444 0.178433026 0.176648267 0.180179887 0.181218266 0.18275218 0.189885947 0.191279031 0.196991028 0.21164972 0.225507596 0.237544899 0.249961044 0.281568188 0.296896168 0.323600014 0.336106981 0.349120052 0.351812109 0.340512323 0 0 0 0 0 0 -0.894577563 -5.261438166
473.915 0 0 0 0 0 0 0 0 0 0 0 0 0 0 0 0 0 0 0 0 0 0 0 0 0 0 0 0 0 0 0 0 0 0 0 0 0 0 0 0 0 0 0.003530358 0.004690928 0.004763302 0.009068238 0.01023888 0.011191252 0.015233226 0.019719904 0.022187918 0.025783141 0.031536965 0.03484524 0.036885545 0.039537943 0.045300659 0.052007477 0.050628215 0.055342558 0.062089138 0.066294038 0.069878614 0.077525661 0.082202511 0.086851957 0.091847649 0.099434976 0.105221633 0.109953232 0.118387225 0.121964621 0.12698126 0.133590652 0.13466502 0.138971577 0.143448681 0.145740835 0.147634162 0.149558382 0.15402342 0.154854675 0.158246878 0.157215501 0.158769237 0.159589737 0.16471877 0.17280416 0.170975766 0.168079886 0.171745551 0.174018393 0.177856322 0.174684637 0.18215843 0.181183765 0.189166973 0.195764432 0.20194262 0.215522588 0.235172677 0.254500659 0.272828511 0.305834796 0.315612669 0.338087934 0.334123906 0.339033465 0 0 0 0 0 0 0 -8.712448384 -19.25890932
477.228 0 0 0 0 0 0 0 0 0 0 0 0 0 0 0 0 0 0 0 0 0 0 0 0 0 0 0 0 0 0 0 0 0 0 0 0 0 0 0 0 0 0.005590989 0.006541289 0.005749594 0.008820261 0.012030427 0.012434067 0.015368321 0.018456005 0.020714182 0.025963265 0.028843164 0.033086369 0.033883233 0.041922537 0.045240722 0.04749797 0.050949223 0.055723749 0.060207321 0.064239764 0.070446928 0.074532414 0.076540242 0.083231809 0.088250026 0.095274658 0.099133339 0.107895421 0.109942619 0.116184703 0.121152912 0.127226665 0.13172123 0.13177281 0.138837358 0.139835421 0.14081742 0.145888117 0.149120269 0.148637282 0.150791044 0.152316492 0.15101855 0.15633146 0.159172963 0.160235008 0.165047635 0.167874116 0.16582059 0.166994183 0.167723384 0.171454144 0.178110079 0.174507986 0.179052679 0.189271817 0.190332166 0.204006286 0.21363422 0.237291466 0.252728743 0.272348107 0.287523043 0.310241849 0.335283725 0.327715326 0.344435535 0 0 0 0 0 0 2.572797717 3.791292716 40.18375011
480.542 0 0 0 0 0 0 0 0 0 0 0 0 0 0 0 0 0 0 0 0 0 0 0 0 0 0 0 0 0 0 0 0 0 0 0 0 0 0 0 0 0.002861265 0.003786679 0.005031917 0.005972619 0.007223613 0.008215769 0.01163753 0.011943911 0.018796704 0.018789358 0.022612174 0.026829686 0.03005529 0.035494334 0.039061328 0.042321579 0.045430515 0.050594602 0.053371628 0.057538121 0.059483385 0.065486812 0.070032481 0.074336968 0.079618261 0.082502542 0.090492303 0.09265806 0.100788983 0.105813973 0.110843569 0.117135004 0.119067013 0.121191488 0.124246117 0.125309602 0.129049928 0.133274976 0.140087667 0.141609206 0.141218747 0.142286889 0.143107409 0.145319482 0.147091354 0.147721299 0.151746272 0.152257825 0.155000374 0.156729739 0.157209468 0.16202614 0.164565636 0.166249116 0.166402357 0.168139569 0.176267305 0.180244664 0.194014861 0.200007004 0.221657677 0.238946616 0.254388684 0.273227102 0.293332872 0.300842999 0.298956039 0 0 0 0 0 0 0 -2.197381703 -7.803354605 -32.33202781
483.858 0 0 0 0 0 0 0 0 0 0 0 0 0 0 0 0 0 0 0 0 0 0 0 0 0 0 0 0 0 0 0 0 0 0 0 0 0 0 0 0.004458108 0.00513013 0.006039671 0.006166429 0.007452033 0.008790833 0.012487924 0.01183764 0.015216445 0.017191423 0.01913256 0.026549534 0.030411485 0.034188787 0.036718948 0.040998207 0.043022335 0.048706017 0.052639165 0.055125124 0.058399948 0.065606046 0.067092494 0.069298461 0.076439324 0.082282284 0.083846303 0.090556295 0.095430293 0.099328861 0.103864919 0.11195078 0.109996995 0.11796869 0.123243791 0.125086569 0.129845107 0.131242488 0.134009994 0.135000943 0.135274881 0.139957709 0.14057214 0.140899059 0.142061366 0.143155497 0.147903338 0.152633561 0.150689504 0.153976764 0.153379933 0.156380013 0.157250484 0.160901944 0.165659655 0.166753478 0.175136672 0.18108213 0.178745947 0.190542532 0.199628796 0.219164953 0.23916184 0.254760129 0.27189863 0.283068763 0.293492515 0.304239705 0 0 0 0 0 0 1.06827789 0.702114068 4.041729356 -14.95788522
487.174 0 0 0 0 0 0 0 0 0 0 0 0 0 0 0 0 0 0 0 0 0 0 0 0 0 0 0 0 0 0 0 0 0 0 0 0 0 0 0.005267127 0.005212204 0.006432282 0.006167434 0.007909785 0.009890692 0.011587451 0.014882698 0.015006979 0.019085478 0.021616925 0.027191881 0.028148173 0.032160978 0.035119653 0.0399344 0.043215691 0.045086466 0.052193805 0.051392023 0.05644601 0.062532969 0.064475376 0.069323725 0.071384589 0.075218115 0.08263487 0.084874375 0.090448266 0.094573626 0.098806255 0.102367892 0.106232227 0.111507966 0.113887106 0.121571753 0.124139192 0.125214937 0.124978372 0.126604866 0.129354754 0.129872832 0.136680904 0.136750187 0.136666413 0.139380944 0.139644338 0.14031774 0.145917478 0.145889048 0.145348738 0.15531793 0.152633653 0.156787586 0.154780961 0.160832224 0.161257931 0.168735125 0.172967636 0.175632277 0.187750123 0.206060596 0.21680198 0.230270629 0.254149571 0.259153373 0.290835909 0.290811711 0 0 0 0 0 0 0 0.551795928 2.487466028 6.298265283 44.92393776
490.492 0 0 0 0 0 0 0 0 0 0 0 0 0 0 0 0 0 0 0 0 0 0 0 0 0 0 0 0 0 0 0 0 0 0 0 0 0 0.004858851 0.003733511 0.006221861 0.006582275 0.008754169 0.009171342 0.009701469 0.01163289 0.014145916 0.014719426 0.018700078 0.02050783 0.024308373 0.028390116 0.033264678 0.036502955 0.037828844 0.042340517 0.041670851 0.05008419 0.052215344 0.056798242 0.058565244 0.064414143 0.067538986 0.069677823 0.073714073 0.076708641 0.084376478 0.088743132 0.091790653 0.09584316 0.09915816 0.101495382 0.10800507 0.11342078 0.116122653 0.112634349 0.116826287 0.12164767 0.123799258 0.125100854 0.127684961 0.128835604 0.128449884 0.129368122 0.131364218 0.13627255 0.135169887 0.133736973 0.138895049 0.140694436 0.141692391 0.145234061 0.145011159 0.148258191 0.155768859 0.155971742 0.157137528 0.163830545 0.170783991 0.176751643 0.193540904 0.213335873 0.220854277 0.240353401 0.257528557 0.268652073 0.279780862 0 0 0 0 0 0 0.379386448 0.23499489 0.81429541 0.451242652 2.649716877
493.81 0 0 0 0 0 0 0 0 0 0 0 0 0 0 0 0 0 0 0 0 0 0 0 0 0 0 0 0 0 0 0 0 0 0 0 0 0.003309672 0.005706168 0.005398573 0.006784706 0.007667012 0.00919932 0.008360931 0.010555049 0.011727425 0.013611252 0.015916597 0.017186876 0.022804298 0.024155535 0.027154734 0.030692554 0.03517077 0.03889499 0.042565929 0.044785325 0.046498022 0.050425527 0.052934394 0.058227172 0.061902433 0.062419049 0.069710624 0.07481557 0.075684502 0.078665565 0.080239696 0.08821506 0.091320017 0.095192362 0.098624763 0.102756332 0.106911074 0.110917939 0.114436669 0.114734025 0.114029431 0.116586673 0.120112767 0.123362254 0.122699666 0.123099037 0.123696842 0.125999122 0.128129663 0.126473733 0.131044041 0.132795252 0.137048456 0.135195412 0.142464987 0.138950588 0.143978637 0.146323459 0.146854423 0.154193584 0.16106643 0.173994031 0.177193473 0.179379671 0.196236485 0.217488724 0.227573059 0.247692443 0.257672787 0 0 0 0 0 0 0 0.301850475 0.637444219 -0.921266707 4.061922888 -17.67394923
497.13 0 0 0 0 0 0 0 0 0 0 0 0 0 0 0 0 0 0 0 0 0 0 0 0 0 0 0 0 0 0 0 0 0 0 0 0.004710123 0.001066425 0.004502005 0.005461328 0.006371964 0.009109686 0.010601922 0.010673748 0.011571416 0.013764653 0.013426705 0.01831145 0.019450896 0.023767276 0.026852641 0.02755443 0.031810003 0.037377954 0.037877469 0.042474744 0.044097052 0.049481908 0.052085589 0.055702819 0.058198327 0.061333887 0.066736116 0.070520608 0.070539803 0.075777596 0.078154952 0.083128911 0.087831839 0.089881609 0.095522002 0.09939358 0.100439626 0.102240346 0.104709283 0.109189517 0.11086515 0.110527794 0.114649541 0.113075233 0.116391583 0.117547561 0.118022142 0.120825698 0.121294997 0.123900579 0.124077507 0.128423087 0.130399823 0.133546676 0.135721404 0.137079453 0.136384476 0.141208836 0.141592777 0.147746357 0.155555572 0.15673784 0.167984887 0.171040132 0.180839099 0.195794648 0.213764521 0.226173123 0.240398687 0.253081917 0 0 0 0 0 0 0.360574222 0.354378341 0.840496068 1.576101267 5.654786879 -2.614294753
500.451 0 0 0 0 0 0 0 0 0 0 0 0 0 0 0 0 0 0 0 0 0 0 0 0 0 0 0 0 0 0 0 0 0 0 0.002557839 0.002555648 0.003098762 0.002706227 0.005018532 0.006013361 0.007725215 0.008494657 0.009155294 0.010735823 0.012374607 0.014318625 0.016701285 0.018000215 0.021038087 0.023196626 0.028802103 0.031143248 0.033910967 0.037530756 0.038369426 0.042470923 0.046941214 0.049638765 0.057187526 0.054168475 0.057441955 0.059140139 0.064068236 0.067806858 0.070967808 0.075242124 0.079250622 0.084274604 0.083110641 0.090681488 0.095789218 0.096238468 0.09623894 0.102036907 0.103176964 0.105983732 0.105616974 0.109198036 0.107522051 0.112304983 0.112992579 0.114459155 0.114178049 0.115465276 0.116564613 0.11713267 0.12139242 0.123903697 0.124564313 0.125385078 0.128277988 0.132670604 0.135402416 0.136787836 0.141886169 0.141494243 0.149142096 0.148036611 0.160561423 0.170669732 0.187087772 0.192871271 0.21637682 0.230466947 0 0 0 0 0 0 0 0.233697741 0.038895226 0.152942893 -0.76880104 -5.485415626 -18.79717999
503.772 0 0 0 0 0 0 0 0 0 0 0 0 0 0 0 0 0 0 0 0 0 0 0 0 0 0 0 0 0 0 0 0 0 0.004565138 0.003183635 0.003085558 0.005454241 0.004617453 0.006803318 0.008862852 0.008142318 0.010753358 0.011385643 0.01298129 0.014423854 0.016383061 0.017425642 0.021160458 0.021500471 0.025330794 0.028192723 0.031072719 0.035643847 0.04053983 0.042102028 0.043105371 0.047645812 0.0495213 0.053270638 0.057339396 0.060371129 0.06042275 0.067367928 0.066185609 0.070238069 0.072871239 0.078750218 0.079948505 0.085271117 0.08764867 0.091390127 0.091491467 0.095790853 0.098964707 0.101193778 0.098893637 0.102885854 0.106524778 0.108194805 0.108848764 0.108225311 0.109284993 0.111349589 0.11425863 0.113497858 0.114543711 0.115225722 0.124656379 0.121862146 0.122097227 0.125506854 0.127855498 0.132431909 0.134597727 0.136894056 0.144783585 0.14499044 0.154674881 0.158928226 0.174966287 0.187441281 0.194796786 0.205563722 0.22397606 0 0 0 0 0 0 0.243560381 0.277334968 0.264174516 0.224235485 -0.390304772 -0.695823118 6.363505283
507.095 0 0 0 0 0 0 0 0 0 0 0 0 0 0 0 0 0 0 0 0 0 0 0 0 0 0 0 0 0 0 0 0 0.004151792 0.004546942 0.004198245 0.004470139 0.004421092 0.007395018 0.009434572 0.009858302 0.008160269 0.010425846 0.012062445 0.012772768 0.01471071 0.016318278 0.019025264 0.01891556 0.024982406 0.025512703 0.030741668 0.034946082 0.036557839 0.040060954 0.042257454 0.045196807 0.04819332 0.051916384 0.055647993 0.055218224 0.057363908 0.059463937 0.064571205 0.064806065 0.071577766 0.074733651 0.077701392 0.082246545 0.081782194 0.087227042 0.089830799 0.091222272 0.092920402 0.097595469 0.098302666 0.096732054 0.099232423 0.103759044 0.103327524 0.102794725 0.108459632 0.105636341 0.105868075 0.108166584 0.106911077 0.112457018 0.113472255 0.115766273 0.12040939 0.120090262 0.121450088 0.123961951 0.129682399 0.130054639 0.131826224 0.133173992 0.140488615 0.148503568 0.154317214 0.16624826 0.177716324 0.188779783 0.205580965 0 0 0 0 0 0 0 0.202172515 0.224714826 0.367862201 0.436675649 -0.282831064 1.410139826 -11.95393178
510.418 0 0 0 0 0 0 0 0 0 0 0 0 0 0 0 0 0 0 0 0 0 0 0 0 0 0 0 0 0 0 0 0.004704113 0.00302925 0.004260416 0.00594427 0.005774476 0.005289764 0.006603652 0.007565557 0.010645305 0.011659964 0.011285706 0.012032659 0.013165941 0.014729617 0.017173475 0.019358762 0.021948062 0.024298099 0.026145627 0.031529193 0.031623576 0.036212554 0.040265454 0.041690689 0.041858855 0.045130835 0.048417626 0.050821758 0.054127253 0.05724029 0.058484295 0.060519635 0.063178292 0.071634036 0.069530442 0.075248682 0.075476281 0.078954688 0.081291502 0.086110936 0.085984264 0.091311507 0.094424657 0.091575449 0.093138723 0.094592795 0.09860044 0.097357735 0.102622417 0.101844811 0.102199132 0.102329906 0.103628289 0.105143437 0.10470629 0.111732104 0.110640753 0.116094679 0.115162419 0.119894674 0.118740571 0.124404692 0.125321424 0.13068208 0.133610269 0.139658022 0.145120384 0.148662204 0.152991936 0.178758983 0.179339519 0.198426585 0 0 0 0 0 0 0.213741455 0.223787369 0.254029455 0.147961894 0.017538822 2.157374445 0.944857289 -3.680625796
513.742 0 0 0 0 0 0 0 0 0 0 0 0 0 0 0 0 0 0 0 0 0 0 0 0 0 0 0 0 0 0 0.002038591 0.001698386 0.002954613 0.006867711 0.004000986 0.002861279 0.007984805 0.008784431 0.009273675 0.007758868 0.010897018 0.012465574 0.014329021 0.013432691 0.01394348 0.017769056 0.018078397 0.01953083 0.023468741 0.024384303 0.028688136 0.029981465 0.034327675 0.035381059 0.037916516 0.039192568 0.044270724 0.049116361 0.050780369 0.055048969 0.052664697 0.057184282 0.059345985 0.059724284 0.065625431 0.065609043 0.066900359 0.072555893 0.079261602 0.07783046 0.080662454 0.082889833 0.083883856 0.087330928 0.088535116 0.089042392 0.088400968 0.090607846 0.094180581 0.094245758 0.095099787 0.097775661 0.092562426 0.097711053 0.099766346 0.102072652 0.099600246 0.105793671 0.10700872 0.112538502 0.109978847 0.11497204 0.117053945 0.114754198 0.122901319 0.124185697 0.129712133 0.136076966 0.143003536 0.148692021 0.157945395 0.173153152 0 0 0 0 0 0 0.22178584 0.188643238 0.176003135 0.097360951 0.087377595 0.123173454 -2.161616016 -5.443510015 -28.72728695
517.068 0 0 0 0 0 0 0 0 0 0 0 0 0 0 0 0 0 0 0 0 0 0 0 0 0 0 0 0 0 0.003210375 0.002049789 0.003222999 0.005605449 0.004757559 0.006676994 0.004815847 0.007635409 0.008321375 0.008681193 0.010136434 0.011885225 0.012020655 0.014767742 0.015029655 0.014849028 0.017812566 0.019330402 0.020468436 0.024631674 0.024887849 0.028564725 0.031536791 0.033796287 0.036992056 0.042084136 0.041375714 0.040780763 0.045908255 0.04943483 0.049079375 0.051245542 0.053829512 0.056749365 0.059911069 0.060379931 0.065835413 0.066441785 0.07161476 0.07354156 0.076043612 0.08169664 0.077567832 0.081335393 0.084209883 0.081153403 0.084961895 0.084161386 0.089782493 0.089162518 0.090538651 0.093963092 0.090740339 0.095679418 0.091879093 0.094472564 0.098392591 0.099490877 0.100348573 0.103772628 0.103347152 0.110015453 0.10931835 0.108777925 0.117297797 0.117280132 0.120265521 0.129973354 0.134385029 0.138212983 0.141635449 0.152673897 0.170717178 0 0 0 0 0 0 0.201965585 0.218646215 0.182197882 0.186469684 0.250588779 -0.247621244 -0.400607528 -5.474022943 11.15487849
520.394 0 0 0 0 0 0 0 0 0 0 0 0 0 0 0 0 0 0 0 0 0 0 0 0 0 0 0 0 0.002355509 0.003627702 0.007703937 0.004502457 0.004650889 0.007338219 0.007562556 0.00984453 0.008617783 0.009351229 0.009631326 0.011112108 0.01099431 0.013663533 0.013663511 0.014854644 0.015480079 0.017780128 0.021494257 0.022083898 0.023033656 0.025005157 0.028424648 0.030460417 0.033125579 0.035405189 0.037962826 0.041689665 0.04157796 0.0450627 0.045805749 0.051072789 0.053526337 0.056012256 0.057486155 0.057406033 0.06099007 0.063729365 0.06716054 0.070868456 0.070491938 0.074973114 0.078555192 0.077711578 0.079672727 0.078390454 0.080967188 0.083635956 0.079966162 0.084656005 0.085911923 0.089494924 0.086552343 0.089396304 0.086935133 0.087571109 0.092454418 0.094055112 0.0970162 0.095876577 0.100691127 0.100646753 0.104143576 0.104238658 0.105064193 0.105382673 0.110097478 0.120536597 0.121158841 0.127732541 0.134208311 0.141580293 0.154562064 0 0 0 0 0 0 0.212122308 0.19766654 0.165242781 0.17658543 0.222969187 0.300636794 -0.249595899 0.403032885 5.276794207 24.4651693
523.721 0 0 0 0 0 0 0 0 0 0 0 0 0 0 0 0 0 0 0 0 0 0 0 0 0 0 0 0.007530447 0.009814249 0.007812921 0.005685652 0.008448132 0.009133338 0.006476463 0.006399854 0.007158117 0.009900534 0.009174037 0.013170302 0.011564348 0.013650524 0.01339281 0.014601984 0.016774054 0.017614838 0.019697022 0.020886472 0.025500282 0.024734836 0.026861294 0.0295448 0.033674557 0.033951478 0.039625646 0.037572171 0.04095656 0.043422369 0.046286145 0.047790634 0.047836757 0.052583672 0.053170241 0.05618031 0.057757112 0.06227367 0.063410598 0.065554119 0.067369158 0.070026292 0.072239493 0.075245068 0.075931563 0.077427158 0.076355509 0.080738436 0.079591486 0.082766158 0.083729222 0.084246161 0.085721477 0.086239332 0.086901273 0.088091794 0.089020392 0.089934041 0.092460272 0.095518666 0.096793834 0.09679649 0.098826944 0.102939869 0.102869831 0.104332287 0.108618998 0.11401566 0.112853544 0.119477772 0.124778444 0.129258435 0.140856201 0.148755844 0 0 0 0 0 0 0.210733581 0.209732802 0.227700052 0.261032154 0.33102385 0.551389236 0.683279152 2.210412628 0.484543595 12.31023536
527.048 0 0 0 0 0 0 0 0 0 0 0 0 0 0 0 0 0 0 0 0 0 0 0 0 0 0 0.003586002 0.002476015 0.004032199 0.004255905 0.003983288 0.006720355 0.004949925 0.007881044 0.006405261 0.008696636 0.009303505 0.010482351 0.010854993 0.011774087 0.011866621 0.013577258 0.013065089 0.014998126 0.01631465 0.019147864 0.022510488 0.022645952 0.025507311 0.025317926 0.027896278 0.027591251 0.032301675 0.035155733 0.033839821 0.037197938 0.044438437 0.042625669 0.044185027 0.047131249 0.047978464 0.04808553 0.055590969 0.05350578 0.057586294 0.056870849 0.061777961 0.061922288 0.064206283 0.0648396 0.069660408 0.07055403 0.0741559 0.074130403 0.074098353 0.077663048 0.077080255 0.076933551 0.076679633 0.076791079 0.080367442 0.08092057 0.082153059 0.081496895 0.085463373 0.08497185 0.08565168 0.087452608 0.091125911 0.094313783 0.090735751 0.094602038 0.097707288 0.104067773 0.103295118 0.107143254 0.112407641 0.115803569 0.126287639 0.132766567 0 0 0 0 0 0 0.192837236 0.196753305 0.172937179 0.170086289 0.128869712 0.125419547 0.227661889 0.21593293 -0.232647674 -3.873461205 -21.81115143
530.377 0 0 0 0 0 0 0 0 0 0 0 0 0 0 0 0 0 0 0 0 0 0 0 0 0 0.000703 -0.002022716 0.00011 0.002481876 0.004355467 0.002939584 0.002463622 0.004698596 0.004687808 0.005484789 0.007970612 0.008104563 0.007751723 0.009966417 0.010413972 0.012540423 0.010877589 0.01275005 0.01374673 0.015269656 0.01745545 0.017958846 0.0201264 0.022512916 0.022120445 0.025794874 0.031880712 0.030766895 0.030397222 0.032923999 0.03555351 0.038181145 0.039314866 0.040872185 0.043047306 0.044998871 0.046142714 0.048218787 0.051065276 0.049705526 0.053808618 0.057255973 0.059048323 0.060035637 0.061260603 0.062393042 0.06584432 0.069878772 0.067429841 0.066221878 0.066187475 0.069865337 0.070151502 0.072785517 0.07493406 0.074890336 0.074247171 0.074844806 0.074336665 0.077894944 0.07787292 0.080512271 0.081400692 0.082462336 0.086055298 0.089568343 0.089440296 0.091389657 0.094724657 0.096074981 0.102026665 0.103959589 0.10597481 0.116240554 0.118042057 0 0 0 0 0 0 0.170561527 0.171795241 0.154490047 0.172301874 0.135958397 0.096459468 0.020553975 0.198020334 -2.387642123 -4.358862051 -20.86623901
533.706 0 0 0 0 0 0 0 0 0 0 0 0 0 0 0 0 0 0 0 0 0 0 0 0 0.003427997 0.001408079 0.004936883 0.005498839 0.00445359 0.005055778 0.003513845 0.003743029 0.005462891 0.006724069 0.007885219 0.008054814 0.007513567 0.010502142 0.010578429 0.012049508 0.011797324 0.014040391 0.014319945 0.015562103 0.014145002 0.017262771 0.018974247 0.017839712 0.022851378 0.024542232 0.024816302 0.029399054 0.028666294 0.032014288 0.034362565 0.036919241 0.034291359 0.039149579 0.038956357 0.040568458 0.04199546 0.046458698 0.047031945 0.049379883 0.051136829 0.053378934 0.054577537 0.055422552 0.059857187 0.059752775 0.063344201 0.06341946 0.064152718 0.063031594 0.06738997 0.064422489 0.065268507 0.068217625 0.06911063 0.070667715 0.074122446 0.070818765 0.073440688 0.072053873 0.074461517 0.0788745 0.078735649 0.079267774 0.08306923 0.083316925 0.085038997 0.086586928 0.09447633 0.092551729 0.092449503 0.101528118 0.101132215 0.10587273 0.112177746 0 0 0 0 0 0 0.162600665 0.168713728 0.167703783 0.179162759 0.152911859 0.153839511 0.1159674 0.124055777 -0.126164979 0.116898503 1.697690968 -21.82676071
537.037 0 0 0 0 0 0 0 0 0 0 0 0 0 0 0 0 0 0 0 0 0 0 0 0.00051 -0.000248 0.00331328 0.004526621 0.001310004 0.005952904 0.005698122 0.009005219 0.007721746 0.006271534 0.007963661 0.006940249 0.009598268 0.007778967 0.011311957 0.010485114 0.011179925 0.013256729 0.013715611 0.014946574 0.014816692 0.014592431 0.015574718 0.019374722 0.021528381 0.022664657 0.021362398 0.0233358 0.02659437 0.030124506 0.031029027 0.033383241 0.033470377 0.03521796 0.035513874 0.038316801 0.041154396 0.041591514 0.045532803 0.04535759 0.043985169 0.049891915 0.050645816 0.051384308 0.053940622 0.056743557 0.057028634 0.058109489 0.061722392 0.059385978 0.061188607 0.066370268 0.062071684 0.063564637 0.066664566 0.06705572 0.068420485 0.069065934 0.06887557 0.069322486 0.072380544 0.071859152 0.074420566 0.073724711 0.075450294 0.077720136 0.08202594 0.082499603 0.079504058 0.087010126 0.08844892 0.090438773 0.094536489 0.100048387 0.10423344 0.105301579 0 0 0 0 0 0 0.14355472 0.143341128 0.144955509 0.151545458 0.172912472 0.213949416 0.142927558 0.083488497 0.490807426 1.293487525 -0.97849531 -15.31417191
540.367 0 0 0 0 0 0 0 0 0 0 0 0 0 0 0 0 0 0 0 0 0 0 -0.002850111 -0.001047454 -0.002002516 0.00012 -0.002298941 0.000997 -0.001587281 0.00091 0.002231776 0.00400905 0.003694725 0.004638893 0.005455227 0.004493583 0.007679585 0.008134659 0.009345756 0.010296055 0.00920706 0.011001047 0.012586731 0.011014349 0.013448319 0.01752475 0.016983404 0.014139161 0.019896436 0.019972713 0.022757346 0.022350596 0.025384818 0.025301048 0.029173566 0.03004596 0.032738303 0.029351618 0.034704794 0.034241693 0.037395425 0.038315583 0.042349998 0.042065147 0.044564791 0.042637167 0.044969024 0.045451988 0.049975892 0.050436181 0.052915689 0.053811995 0.056056217 0.058121121 0.057968168 0.057252984 0.05879103 0.060478252 0.059574497 0.06102737 0.059585975 0.065852216 0.064919378 0.063976957 0.064916727 0.066635078 0.066101191 0.068580841 0.073057674 0.072060989 0.072423439 0.076526534 0.079532284 0.077385656 0.082058376 0.085847394 0.086125439 0.088822374 0 0 0 0 0 0 0.118021481 0.130764552 0.118977704 0.117982657 0.108183134 0.106037103 0.079532153 0.032796619 -0.190794499 -0.957878741 -3.336210161 -9.913608241 -40.73059485
543.699 0 0 0 0 0 0 0 0 0 0 0 0 0 0 0 0 0 0 0 0 0 -0.003559468 0.000684 -0.000792 0.000759 0.001698496 0.003598447 0.001896765 0.002784062 0.003997203 0.007071641 0.006781909 0.008163513 0.006388048 0.00783123 0.009007423 0.007071776 0.009373654 0.008898805 0.012090012 0.011545172 0.012214474 0.01292437 0.014050441 0.015669326 0.017775963 0.0172395 0.018079015 0.019975028 0.023137022 0.0255065 0.024795688 0.026167112 0.028236557 0.031084266 0.029607586 0.033405703 0.03289666 0.036987526 0.036165881 0.037741356 0.039268789 0.038935292 0.03882501 0.044846869 0.044800957 0.046153979 0.050536508 0.048180257 0.050470356 0.052446645 0.052826911 0.053591993 0.056174143 0.056438911 0.056626248 0.057234652 0.059071762 0.058856507 0.0592117 0.061331127 0.062357859 0.0630117 0.063518578 0.065378378 0.065055588 0.067652018 0.068978972 0.072250442 0.074257198 0.074580841 0.076328612 0.078369303 0.074790347 0.083432435 0.081981053 0.093555862 0.092301615 0 0 0 0 0 0 0.131717249 0.137252993 0.137803711 0.139612301 0.146195365 0.112922013 0.111507209 0.059977928 0.185795761 0.391343556 -2.170573422 -6.26789011 -1.949147819
547.031 0 0 0 0 0 0 0 0 0 0 0 0 0 0 0 0 0 0 0 0 -0.003424409 -0.002443269 0.000272 0.00119367 0.002678346 -0.000489 0.000813 0.002814846 0.004748533 0.00268483 0.004453177 0.005317352 0.005867971 0.007334684 0.007173011 0.007479606 0.008525792 0.00849664 0.008846747 0.010449108 0.01145398 0.012277692 0.012127475 0.011943376 0.013976156 0.015955519 0.017053631 0.019465358 0.017780238 0.021841878 0.02221859 0.025502313 0.027981585 0.024505493 0.031123581 0.028620274 0.030513077 0.030635632 0.032571246 0.030637706 0.035703498 0.036775694 0.038749413 0.039531448 0.039634921 0.043472588 0.042227913 0.046559529 0.045672132 0.049964037 0.052311313 0.049597343 0.053011864 0.051194771 0.050214973 0.052732803 0.05233062 0.057344358 0.056212163 0.05726791 0.059507549 0.057879764 0.060545691 0.057525719 0.062634582 0.060819811 0.062882837 0.067409415 0.064755861 0.068684753 0.073311903 0.074728387 0.071316967 0.07467386 0.077706531 0.084108688 0.082712111 0 0 0 0 0 0 0.122136369 0.125788032 0.128680613 0.123949368 0.124842176 0.10568012 0.113809568 0.112397299 0.020035657 -0.043408632 -0.638579833 -2.368843761 -9.097674581 2.931313565
550.364 0 0 0 0 0 0 0 0 0 0 0 0 0 0 0 0 0 0 0 -0.00093 0.005842925 0.002889847 0.002638956 0.005889997 0.006167602 0.004433509 0.005181995 0.005206823 0.006630128 0.004057389 0.008174553 0.00669211 0.008023709 0.007221484 0.009410573 0.007915666 0.008939234 0.010267486 0.010597409 0.010628558 0.011678753 0.01149982 0.013218381 0.015172601 0.015942437 0.016183546 0.019310846 0.018277733 0.022722058 0.020197078 0.023980929 0.024504531 0.027476403 0.026327726 0.029472855 0.029111623 0.028728344 0.034183595 0.032801177 0.035505102 0.035427023 0.034898361 0.038195566 0.038924528 0.038727505 0.0421672 0.045656081 0.044362237 0.046066928 0.047519552 0.045168257 0.049472394 0.050357376 0.051289449 0.051888415 0.051862631 0.051143363 0.052945068 0.055045604 0.054258064 0.056084196 0.057209783 0.058132599 0.061239345 0.060171449 0.058706404 0.063245799 0.062409473 0.06705553 0.070118712 0.065193972 0.069443483 0.070087452 0.073275066 0.077501879 0.081145171 0.082796102 0 0 0 0 0 0 0.116057231 0.129426341 0.125276706 0.123502694 0.12114837 0.090897706 0.150152607 0.092793102 0.206276852 0.065193922 0.435090211 -0.978182112 -11.96279733 2.972862076
553.698 0 0 0 0 0 0 0 0 0 0 0 0 0 0 0 0 0 0 0.000477 -0.001712872 0.00285879 -0.002765401 -0.00126644 0.004301485 0.000903 0.001980094 0.003430169 0.002279134 0.002403437 0.003972685 0.001601046 0.005383378 0.003104497 0.007096983 0.005953285 0.006413042 0.007783114 0.010182841 0.007886391 0.007325101 0.010322827 0.013223477 0.012034768 0.012383137 0.013849155 0.015545935 0.013613951 0.016961314 0.019502304 0.018802797 0.020492695 0.022103797 0.023860831 0.025287731 0.025229526 0.025985316 0.027831341 0.026464388 0.030625072 0.03369263 0.030790221 0.034127769 0.036726026 0.037012838 0.03955546 0.035341122 0.041318085 0.041098662 0.040519639 0.04410398 0.046986662 0.045343982 0.044995737 0.050072702 0.047448814 0.047662943 0.048590773 0.049422468 0.052175375 0.049118221 0.053825417 0.050563769 0.052636033 0.054610631 0.05462922 0.056672307 0.055470992 0.056966684 0.059471843 0.059304629 0.065966672 0.061901563 0.069757188 0.068849552 0.072721747 0.074734632 0 0 0 0 0 0 0.100310034 0.109680168 0.114429714 0.11649903 0.123676213 0.103957272 0.107748964 0.089849537 0.111908426 0.091680863 -0.065628492 -0.114018269 -1.413431192 -6.906849274 -12.06133703
557.032 0 0 0 0 0 0 0 0 0 0 0 0 0 0 0 0 0 0.004450776 0.005452859 0.005456057 0.005280161 0.006112945 0.003080433 0.004447415 0.006726064 0.006694349 0.006166789 0.009453412 0.005798585 0.007750574 0.008530492 0.009332126 0.008961636 0.010235148 0.006044022 0.011444601 0.01126067 0.009852844 0.012183899 0.011668909 0.012528485 0.013147922 0.011904348 0.016333642 0.015702439 0.015989399 0.018197197 0.019065416 0.019933104 0.021749291 0.019988214 0.024221451 0.02155906 0.026989031 0.026246205 0.030613673 0.030105244 0.03097672 0.033179451 0.031142911 0.033728922 0.035127937 0.036529454 0.040882066 0.037071592 0.03942234 0.038085642 0.040508062 0.04408009 0.042760992 0.042480892 0.045753719 0.046215986 0.047269502 0.047457476 0.048321633 0.047226958 0.049763105 0.050485122 0.051305952 0.050576098 0.053842916 0.052651549 0.055562834 0.051637656 0.055054906 0.058360926 0.058210911 0.060913494 0.062258103 0.064726423 0.062650871 0.066178085 0.067629745 0.07164667 0.072773063 0 0 0 0 0 0 0.109320426 0.115736648 0.109696369 0.115235641 0.12120004 0.128841232 0.138434412 0.158068461 0.104597828 0.217903147 0.36497689 0.85690005 1.662235448 8.45546062 25.0659743
560.367 0 0 0 0 0 0 0 0 0 0 0 0 0 0 0 0 0.002389167 -1.91e-06 0.003389156 0.006745289 0.001971482 0.003805426 0.002532962 0.004469278 0.004685863 0.004616191 0.006802932 0.003328299 0.004404719 0.007694998 0.007170477 0.006200989 0.0038461 0.007481362 0.010602697 0.008641888 0.007490128 0.009363888 0.008719991 0.01089177 0.01170533 0.012529613 0.012027519 0.011907827 0.012445606 0.014096153 0.016740391 0.018367654 0.019901691 0.02093773 0.022128824 0.021982871 0.02241205 0.025006529 0.025643451 0.025018006 0.029404592 0.028444569 0.028256474 0.03116572 0.032002508 0.031889521 0.032242855 0.03421063 0.037151263 0.035469571 0.037351372 0.039525823 0.0409906 0.041407054 0.040799359 0.040606827 0.044401391 0.043121973 0.045362646 0.043939471 0.043912356 0.044556883 0.047375382 0.046386677 0.046729569 0.050629144 0.04807176 0.048789636 0.047440163 0.051269689 0.052846013 0.054361136 0.056554797 0.061873879 0.060273545 0.058846853 0.06171477 0.063852313 0.067226223 0 0 0 0 0 0 0.098140984 0.094620441 0.11378014 0.103913005 0.123641849 0.09688035 0.127352993 0.105474961 0.10102717 0.140992124 0.215808334 0.205561413 0.575033152 2.728195399 5.672876266 7.031098568
563.703 0 0 0 0 0 0 0 0 0 0 0 0 0 0 0 -0.00159856 -3.36e-06 -0.002176501 -0.004563946 -0.003009016 -0.001533115 0.001183074 0.002840386 0.000135 -0.000263 0.001007204 -0.000244 0.003474786 0.003778316 0.00457402 0.002955141 0.002742474 0.004419013 0.006878448 0.007381423 0.007384665 0.006838133 0.007351985 0.008421438 0.008225223 0.010164154 0.008930103 0.010276569 0.012585768 0.013008284 0.013677648 0.013915109 0.014466917 0.015485894 0.01832822 0.017880728 0.017431286 0.019303982 0.02383414 0.022049776 0.02295178 0.0245269 0.021895167 0.022728489 0.025991752 0.024894908 0.02877096 0.029663416 0.029332846 0.030868755 0.034062593 0.034493919 0.03294543 0.03388974 0.038135796 0.037436667 0.037431009 0.037856086 0.038068623 0.039786954 0.039936034 0.040460611 0.040182998 0.0417433 0.042915232 0.042885693 0.044663225 0.045675003 0.04849964 0.047491135 0.047873516 0.046151568 0.050175176 0.049960404 0.053899907 0.053359565 0.055513947 0.054778715 0.059041615 0.057761127 0 0 0 0 0 0 0.083885066 0.084067552 0.081297569 0.084266571 0.094224937 0.09549387 0.097559565 0.087375799 0.064452979 0.068307657 0.006863561 0.081490072 -0.328828163 -1.250924183 -10.92902413 -47.87434732
567.039 0 0 0 0 0 0 0 0 0 0 0 0 0 0 0.003855583 0.004989163 0.004328299 0.005042511 0.004087351 0.003022365 0.008154239 0.007420765 0.005710749 0.005773816 0.005805331 0.007461384 0.006048466 0.001282156 0.008147364 0.00811976 0.007166068 0.00814653 0.009140159 0.007667236 0.009827918 0.00828618 0.008675333 0.008650823 0.012130674 0.010002269 0.010394674 0.010326626 0.013710081 0.013109342 0.011815764 0.015023103 0.015171786 0.018389951 0.017336812 0.016961583 0.020076759 0.019629258 0.021703789 0.023658182 0.025065398 0.025801872 0.026685577 0.027527246 0.027356873 0.028935786 0.029931332 0.030477725 0.031493124 0.03219061 0.031815265 0.032395691 0.031969335 0.034424728 0.034766307 0.037438035 0.036254966 0.039967562 0.040366503 0.040217205 0.037528344 0.038770564 0.039038104 0.040359077 0.041991053 0.040604856 0.044505356 0.044650778 0.042455691 0.042071721 0.048693758 0.04594318 0.047011249 0.046448434 0.051636929 0.052367178 0.054325862 0.053102639 0.058290372 0.060652297 0 0 0 0 0 0 0.076295061 0.086901504 0.082970525 0.099720905 0.104071721 0.092422539 0.111361826 0.127909973 0.109303027 0.131824796 0.165757492 0.197903492 0.186122904 0.174841781 0.502565033 3.397516416 2.00688907
570.375 0 0 0 0 0 0 0 0 0 0 0 0 0 0.004213135 0.006308472 0.003957564 0.005071831 0.002037888 0.002973372 -0.004180411 0.009640788 0.000297 0.006784058 0.004444022 0.007734172 0.006518587 0.006113324 0.00270943 0.006317305 0.00680297 0.005379575 0.005061345 0.008326608 0.007155925 0.009683096 0.008375788 0.008481779 0.010237142 0.010828893 0.009663044 0.010890066 0.01100694 0.012765795 0.013780468 0.012576474 0.014316778 0.013924088 0.015680956 0.018586196 0.017793585 0.018785821 0.018154555 0.020035256 0.018855864 0.019867023 0.025929807 0.022979979 0.026588446 0.024888388 0.028084655 0.02772136 0.026900148 0.024718587 0.028859249 0.028956914 0.030587852 0.032698607 0.031120144 0.032784304 0.032906821 0.035713197 0.033549064 0.033472684 0.034568311 0.036564478 0.037626162 0.038378432 0.039510194 0.035810224 0.040085816 0.039469395 0.03979535 0.038808305 0.040881348 0.042485543 0.04403543 0.045032831 0.046012129 0.044889016 0.049978017 0.052966361 0.051946189 0.052001986 0.054564967 0 0 0 0 0 0 0.075101513 0.07846814 0.083120391 0.081436378 0.091882221 0.089300478 0.096018528 0.100822592 0.099988875 0.122531468 0.102099068 0.161371218 0.34587743 0.451625411 -0.88849536 -2.642310499 8.224379814
573.713 0 0 0 0 0 0 0 0 0 0 0 0 0.007715005 0.009784363 0.010970746 0.01100981 0.003153098 0.00953333 0.010274168 0.007730943 0.006543436 0.009919881 0.003609591 0.007099408 0.00441013 0.008839522 0.006982037 0.00918144 0.009384301 0.00833396 0.007777596 0.008651412 0.009172678 0.007941356 0.012822553 0.009037253 0.008724971 0.01018986 0.010848841 0.011555206 0.010570598 0.012461003 0.013441601 0.01412597 0.013868268 0.014224825 0.017121261 0.018859316 0.017316217 0.016694021 0.017319181 0.020039514 0.020520711 0.022396852 0.022290189 0.020945092 0.022334532 0.025906618 0.023039465 0.025369109 0.028411485 0.027494457 0.027779552 0.029257635 0.031076656 0.032576449 0.031611025 0.032017765 0.033888063 0.033782983 0.034431779 0.035746758 0.038167064 0.037140908 0.0370577 0.034927836 0.036842719 0.037506376 0.037721714 0.038538652 0.038250121 0.040448353 0.041421639 0.041721058 0.045372797 0.043813727 0.044470515 0.046627732 0.045079955 0.046597354 0.050955779 0.051297361 0.053225134 0 0 0 0 0 0 0.073851911 0.070842479 0.081549763 0.08256779 0.079951135 0.085744489 0.09886584 0.093015766 0.114121577 0.100218774 0.116848874 0.181439481 0.239193945 0.27119563 0.846260261 1.464916488 7.412689812 20.64899662
577.05 0 0 0 0 0 0 0 0 0 0 0 0.000816 0.000396 0.002500209 -0.002605632 -0.000184 0.003335705 0.001874975 0.001492732 0.000806 0.004527599 0.003613436 0.002749948 0.003485779 -0.000134 0.002823173 0.003189478 0.003894002 0.002945 0.005420805 0.005193539 0.005984792 0.003770432 0.005731599 0.006513644 0.008015632 0.005080097 0.006070313 0.00739941 0.008582314 0.010585192 0.008470848 0.010073638 0.011502371 0.009858813 0.011450657 0.013033207 0.01244169 0.015290316 0.015907276 0.015518936 0.016149982 0.016371847 0.019005234 0.019223522 0.019169082 0.021834135 0.020414404 0.022988333 0.023796257 0.022009097 0.023709427 0.022401912 0.02385015 0.023884625 0.026059774 0.025535247 0.0288353 0.027961102 0.027932959 0.030683519 0.03042131 0.027573864 0.032902168 0.030398566 0.031243823 0.030608492 0.028772074 0.032350823 0.034227114 0.034304116 0.033262126 0.036361338 0.03617694 0.035430065 0.035933186 0.036156794 0.041083314 0.039484997 0.040754273 0.04046741 0.041282859 0.044263894 0 0 0 0 0 0 0.059077836 0.064915973 0.067592557 0.06834989 0.078140725 0.076346816 0.078404456 0.084411622 0.075623494 0.070435448 0.087191991 0.096676547 0.056337604 0.090638251 -0.177404104 2.486923535 3.978209279 -4.148463531
580.388 0 0 0 0 0 0 0 0 0 0 0.006282319 0.001018097 -0.001583427 0.004023422 0.002414901 -0.000903 0.003158348 0.001188655 0.003975743 0.002576035 0.006542348 0.003907329 0.006072311 0.003759643 0.006011067 0.002176326 0.006493417 0.00752754 0.004745551 0.006381377 0.003315972 0.006458404 0.004216952 0.006910849 0.008778324 0.0086341 0.009300307 0.009823936 0.007954845 0.00927668 0.009281846 0.009590429 0.008259671 0.010415925 0.010407434 0.013531726 0.012460426 0.012411462 0.010003881 0.015869309 0.014846711 0.017034659 0.015014292 0.012328668 0.01723019 0.015509322 0.020395651 0.019458219 0.021716843 0.021678893 0.022044275 0.023385166 0.024571508 0.022954965 0.025961335 0.023358114 0.025008708 0.026513335 0.025974113 0.026990062 0.028889078 0.028013514 0.028973976 0.02929017 0.030325264 0.030489182 0.031007544 0.03214534 0.031052947 0.032230296 0.032704522 0.032688449 0.030649382 0.033250536 0.034026454 0.035765819 0.037641136 0.039624021 0.038946659 0.037790989 0.042311737 0.04338992 0 0 0 0 0 0 0.056322516 0.05821663 0.065766737 0.066090097 0.065223634 0.068244274 0.07774788 0.078585841 0.080523692 0.076042323 0.069463287 0.109622803 0.094507166 0.084356275 0.052753815 0.452317451 0.572767347 4.498066683 -9.285786227
583.727 0 0 0 0 0 0 0 0 0 -0.003857512 -0.003962889 -0.006494928 -0.008278952 -0.010693684 -0.014816855 -0.00575494 -0.006645374 -0.003904274 -0.006768963 -0.008505127 -0.004969197 -0.00344781 -0.008941512 -0.000418 -0.002930108 -0.002169412 -0.00037 -0.002459212 0.001239056 0.000539 -0.001963701 0.001097709 0.000738 0.004343584 0.00044 0.004949186 0.0016192 0.004755383 0.005266403 0.006331948 0.006712357 0.006614186 0.006100802 0.007590504 0.008942724 0.007553331 0.008396492 0.008859358 0.00833665 0.008679839 0.009655002 0.011242842 0.012411382 0.013355315 0.014157751 0.012536286 0.012586485 0.015205529 0.014237684 0.015271695 0.017905934 0.01728488 0.01764622 0.019041524 0.017692134 0.019137538 0.019218827 0.020440756 0.022582323 0.023136871 0.021509448 0.023836044 0.024349876 0.023195235 0.025248317 0.024438111 0.023638903 0.027398811 0.026493946 0.025050951 0.027234572 0.026909714 0.026239071 0.028082413 0.030133882 0.029178694 0.031821241 0.02975138 0.034394299 0.031512762 0.035440814 0.034258781 0 0 0 0 0 0 0.038653621 0.048392304 0.047521341 0.049194788 0.049747821 0.058072266 0.049670398 0.053721973 0.043581876 0.041459079 0.047498304 0.024943172 0.015392694 -0.101663498 -0.255530258 -1.215393631 -2.980070127 -10.5502273 -23.68582773
587.066 0 0 0 0 0 0 0 0 0.000224 0.001286005 0.000835 0.006494034 0.002169267 0.001721029 0.003149468 0.006656623 0.002446293 0.003054927 0.007925534 0.007704674 0.006989965 0.005542425 0.003311528 0.004163146 0.005060556 0.002425088 0.004518207 0.003634868 0.004168044 0.008627047 0.005476531 0.005055649 0.003843167 0.007831993 0.006237461 0.005263971 0.003654893 0.008017357 0.00961346 0.009580033 0.008125577 0.008372911 0.008878427 0.01091068 0.009114887 0.010829183 0.011550684 0.011838948 0.013982771 0.015090902 0.015039147 0.013004375 0.016209534 0.016416546 0.017392159 0.016736723 0.016190536 0.017425863 0.0180329 0.018665759 0.017455162 0.020123108 0.021422084 0.021965421 0.023505899 0.025358501 0.02400626 0.022387691 0.023539715 0.025455458 0.026514018 0.025249094 0.026792141 0.025542916 0.026956375 0.026807511 0.026063846 0.029085027 0.028795163 0.028181266 0.029372749 0.026562919 0.028182686 0.029572548 0.031525596 0.03054335 0.030751889 0.034078774 0.036913807 0.038119716 0.037474826 0 0 0 0 0 0 0.046261802 0.048835382 0.05161164 0.054737447 0.058096285 0.06674738 0.070787661 0.070859122 0.07013989 0.078442836 0.085263309 0.078111035 0.084342896 0.034619481 0.091190896 0.075134716 0.352918502 0.760356214 0.526799584 1.05556875
590.406 0 0 0 0 0 0 0.005431871 0.009173424 0.002676961 0.005413457 0.001685968 -1.06e-06 0.002588332 0.008105236 -0.002057894 0.002541504 0.001412683 0.002571272 0.001167004 -0.001134899 0.00627415 0.003481386 0.002764568 0.007009464 0.004036199 0.004771004 0.00530658 0.006635368 0.006145275 0.002941268 0.003026102 0.005008941 0.007665258 0.006281554 0.006131607 0.007325089 0.007444742 0.009961312 0.005849233 0.010844187 0.008014777 0.008025428 0.007767705 0.008469038 0.008397206 0.00962675 0.012009151 0.013272181 0.012969276 0.013278516 0.01543329 0.013369146 0.012023999 0.014646474 0.015030708 0.014255503 0.017053301 0.01669121 0.019083929 0.017142352 0.018729653 0.018449002 0.018524295 0.021347134 0.019776979 0.020786056 0.021133873 0.02239132 0.021552629 0.022641005 0.025125638 0.025789781 0.025162372 0.02510715 0.02468176 0.027286384 0.02633038 0.024079631 0.026768431 0.026341807 0.027798309 0.027825688 0.027310593 0.030326496 0.030134924 0.031741009 0.030479619 0.032286791 0.032557443 0.036796655 0.035436148 0 0 0 0 0 0 0.048179175 0.049496405 0.053402415 0.049430807 0.055326108 0.05300291 0.061185097 0.069035334 0.058421762 0.056077866 0.074185546 0.090301818 0.082807935 0.079661524 0.184138774 0.485995602 0.039620515 1.922064643 -6.128958359 -20.84149631
593.746 0 0 0 0 0 -0.006838846 -0.008576773 -0.003474433 -0.006751385 -0.010268351 0.002983036 -0.004757691 -0.001406967 -0.007199435 0.002265362 -0.004769257 -0.000893 -0.003633453 -0.00420718 -0.000819 -0.002058722 -0.000458 -0.000734 0.000422 -0.000136 0.00065 0.001242529 0.003825445 0.004133648 0.001978416 0.003159107 0.002435204 0.006618252 0.003747031 0.004129135 0.001061607 0.003496251 0.003978785 0.005765647 0.005333158 0.004944028 0.006887203 0.007684335 0.007899289 0.0067229 0.007570898 0.006503997 0.009108982 0.009500187 0.008187048 0.008309816 0.01068169 0.010568754 0.011080528 0.011795452 0.013160689 0.014314967 0.014328401 0.012229897 0.011291291 0.01189653 0.0144576 0.017203857 0.015750623 0.016115516 0.016257968 0.017310278 0.018853411 0.017249755 0.017673013 0.019741878 0.021711758 0.021833138 0.020126359 0.022747275 0.021254033 0.020049464 0.022167243 0.022394212 0.022484345 0.020751389 0.023789327 0.021326318 0.025437864 0.022215814 0.02624163 0.025532332 0.026009073 0.028780108 0.028756301 0 0 0 0 0 0 0.02770225 0.037959114 0.044588419 0.040413459 0.045171202 0.041082246 0.055736501 0.03918366 0.042569096 0.046397267 0.042558878 0.050704454 0.039394502 0.024217323 0.003929072 -3.4e-05 -0.275751946 -0.659454475 -3.684395888 -3.226399779 -19.97720105
597.086 0 0 0 0 0.000255 -0.00074 -0.001201579 -0.003961464 -0.004315729 -0.003304214 0.001069495 0.003128587 -0.000201 -0.004915337 -0.004189614 -0.000551 -0.000713 0.001569727 0.000511 0.003794184 0.00638521 0.006160811 0.000153 0.004280161 0.002874582 0.004984818 0.001760446 0.004337265 0.002894057 0.006427923 0.006688918 0.000626 0.003391437 0.005079001 0.007344567 0.003929119 0.006444483 0.007508541 0.005142326 0.006282215 0.00694281 0.007136967 0.009225523 0.00763823 0.00907041 0.008458058 0.008421039 0.007850052 0.009833554 0.010256214 0.01252779 0.011085805 0.012756721 0.012124741 0.014622773 0.01272607 0.012776476 0.014867028 0.016047563 0.016885834 0.015800622 0.014759429 0.015146856 0.016137285 0.014479648 0.016801681 0.019753256 0.01808456 0.01761678 0.019899844 0.018289152 0.017975906 0.022085369 0.019724627 0.021952666 0.020176767 0.021179895 0.019927825 0.02382677 0.02343686 0.024603398 0.023769439 0.023718683 0.02625744 0.027078904 0.026538778 0.026077993 0.031276382 0.028384008 0.028260439 0 0 0 0 0 0 0.039015061 0.040910395 0.038743809 0.043496897 0.036071912 0.043930714 0.049360287 0.049723749 0.046493125 0.055210602 0.037245409 0.05842288 0.049655324 0.034184569 0.035574119 0.025231404 0.069499633 0.100657506 -0.912754719 -1.897176929 6.476073268
600.427 0 0 0 -0.000792 0.006683834 0.001749137 0.009750192 0.000707 0.007832218 0.003799631 -0.002828745 0.005291947 0.005137157 0.002392341 -0.001156819 0.006189276 -0.00055 0.001233506 0.003273185 0.001003718 -0.000327 0.003435317 0.010824058 0.004481395 0.00249876 0.003992865 0.003818516 0.004283871 0.002701925 0.003372407 0.004631079 0.004569062 0.007346676 0.005594343 0.007717181 0.006311356 0.007985142 0.004956724 0.008333507 0.007292642 0.007098168 0.006895212 0.007810217 0.005553959 0.008729435 0.009355655 0.009804697 0.008681768 0.009633558 0.010152565 0.009326884 0.009890478 0.013400745 0.013412267 0.01049441 0.014947916 0.010325552 0.014572657 0.015474873 0.014437789 0.015561653 0.017286594 0.015192682 0.016026834 0.016058918 0.017713163 0.015375768 0.019052692 0.018105148 0.017475467 0.019898303 0.020372667 0.019136308 0.021310062 0.021065707 0.020473971 0.020085186 0.023028638 0.021429413 0.022504984 0.021663682 0.024848821 0.024815672 0.023927849 0.023290029 0.023930523 0.027498289 0.027846033 0.030164762 0 0 0 0 0 0 0.03353906 0.034575707 0.03480163 0.037655982 0.041531804 0.042253404 0.04782407 0.051366298 0.056809304 0.057733021 0.056024867 0.05836094 0.051876122 0.056258426 0.078042286 0.032094859 0.098694694 0.16447256 0.204499591 0.992185747 7.701383387 19.34457288
603.768 0 0 -0.001949521 0.001878483 -0.003376224 0.002021378 0.000246 -0.004313644 0.003258441 0.002710396 0.003518825 0.002567199 0.008517075 0.000405 0.003515112 0.006443713 0.000919 0.005185076 -0.002090777 0.002028643 -0.002293328 0.001572243 -0.003194916 0.001167386 0.005191711 0.001882714 0.002441342 0.004204259 0.002493078 0.003748755 0.001957098 0.005655352 0.006266803 0.003592477 0.00434159 0.005287758 0.003770821 0.004037938 0.003564532 0.006789471 0.007017536 0.0082191 0.006742447 0.005390221 0.008580452 0.008478031 0.009554476 0.008612172 0.009821941 0.010259464 0.009341634 0.010236569 0.009618026 0.009358359 0.010603046 0.011311153 0.011082137 0.011434542 0.011368776 0.015529986 0.015816847 0.013545454 0.016706358 0.01311628 0.015021364 0.014370876 0.016512154 0.016886226 0.017364766 0.01788636 0.018225146 0.018431105 0.019042167 0.019279337 0.019129943 0.020616675 0.01973099 0.016461651 0.019873857 0.019800343 0.020730455 0.021122612 0.020683421 0.021509065 0.021500819 0.022241843 0.025434791 0.025995066 0.025085727 0 0 0 0 0 0 0.034770354 0.033979156 0.039089015 0.025985529 0.035009515 0.034035005 0.038943442 0.043344952 0.04779062 0.050676582 0.034602209 0.055107549 0.037441794 0.018664353 0.046316708 0.070925516 0.162470461 -0.221983629 -0.309893212 1.069524325 -15.56595102 20.66051093
607.109 0 -0.009835266 8.8e-07 0.001616225 -0.004698762 -0.001780128 -0.006190106 0.001442432 0.000931 -0.003632774 0.000221 -0.00150549 0.000835 0.001015474 0.000784 -0.000572 -0.005183239 0.000538 0.003148825 -0.002211555 0.005427143 0.005554261 0.001222657 0.000879 0.010298546 0.004597066 0.005172717 0.000501 0.003341263 0.002626056 0.003828495 0.004317231 0.002231366 0.003513548 0.004632691 0.005060738 0.008032285 0.003007453 0.005231641 0.005132823 0.006950096 0.006399075 0.006304312 0.007035327 0.007226053 0.006686702 0.005906216 0.006796614 0.008920845 0.00739124 0.008636151 0.006725439 0.009204378 0.009785944 0.011267008 0.010811316 0.0117876 0.012887342 0.012704798 0.011353481 0.015133752 0.013897433 0.013520619 0.015924716 0.012408021 0.015205603 0.014636635 0.017133048 0.014728453 0.016826532 0.018547642 0.017183423 0.015815959 0.017403969 0.01829061 0.017497675 0.017835833 0.018828446 0.017757606 0.018459121 0.02193436 0.021084781 0.020182171 0.020044706 0.020136425 0.022019076 0.020226173 0.020115251 0 0 0 0 0 0 0.029303366 0.027256203 0.024792706 0.031862097 0.033198394 0.035001128 0.034415679 0.041969071 0.040702177 0.040715911 0.048923286 0.043474345 0.04616115 0.047671008 0.044354859 0.033976127 0.016294981 -0.05200214 -0.087476216 -0.394595639 -0.269269351 -1.396900725 -16.44372112
610.451 -0.000296 -0.005550752 0.002255002 -0.00381027 0.004483563 -0.001281846 0.007751798 0.000486 -0.000943 -0.002293154 0.00536443 -0.003039807 -0.007172115 -0.000405 0.006936832 -0.000772 0.006540772 0.006173465 0.000176 0.000343 -0.001496966 0.001758697 0.002003109 0.003264268 0.001851579 0.003140615 -0.000525 0.00251598 0.003374855 -0.000118 0.004529941 0.003405071 0.00566919 0.003098807 0.00351 0.00519893 0.002656118 0.007437288 0.005494913 0.005303559 0.005816322 0.006718764 0.006791749 0.005020386 0.006013253 0.005828445 0.00625229 0.007354685 0.009361159 0.009895166 0.00821398 0.008591716 0.008436645 0.009273611 0.011764538 0.010679152 0.01067416 0.010641307 0.009416141 0.00764752 0.011904868 0.008726927 0.012380683 0.013760193 0.010693191 0.012628119 0.013626674 0.014180078 0.015505774 0.015598091 0.016285729 0.017127877 0.017243595 0.016544909 0.015260162 0.014199225 0.015925041 0.016494703 0.017790638 0.017190914 0.017734459 0.019944303 0.017999022 0.018649167 0.017199612 0.019074729 0.022110249 0.021131696 0 0 0 0 0 0 0.026272485 0.023449759 0.028514982 0.030030426 0.030295507 0.029241359 0.035826862 0.037395346 0.035046657 0.040833601 0.031139054 0.041513407 0.038286048 0.050684957 0.030149705 0.031772882 0.072015475 0.059948773 0.03194848 -0.20975058 0.068058568 -4.515596601 -5.547217238
613.792 0.005685093 0.006073777 -0.002792554 -0.001887901 0.010962983 0.000763 0.003218455 0.001442299 -0.000469 0.004994641 0.001101679 0.001504757 0.005638099 0.003029695 0.002156641 0.004951153 0.0029643 0.001795981 0.00734471 0.006290352 0.003452614 0.006348839 0.006414052 0.003084717 0.004231834 0.007030072 0.004265675 0.004102323 0.001551824 0.001482856 0.00339144 0.003884541 0.003390325 0.005400734 0.00623057 0.005734626 0.004015268 0.004132949 0.005023554 0.005889524 0.005032396 0.005391556 0.005516351 0.004523358 0.007527903 0.009107965 0.007681983 0.007766963 0.006408298 0.007820275 0.006790946 0.009966874 0.01020888 0.008807334 0.010428451 0.011525023 0.010973578 0.009664742 0.01233659 0.013997855 0.010343975 0.014272012 0.011978716 0.012297209 0.012754561 0.01435821 0.013164387 0.012452718 0.014098839 0.014904163 0.017334355 0.013672898 0.016552935 0.016890421 0.015108016 0.016920643 0.018546175 0.018469509 0.017898898 0.017953591 0.017486879 0.01900351 0.019570363 0.017122525 0.017842502 0.018376112 0.022150468 0 0 0 0 0 0 0.025178612 0.026240642 0.028010327 0.031258799 0.028669073 0.029823634 0.029888641 0.043949832 0.034892467 0.040174869 0.043630787 0.042219415 0.048603519 0.062673746 0.052679243 0.067387455 0.028940143 0.016306513 0.200478391 0.024016117 0.872254349 -0.201437525 -2.793189118 -16.40820162
617.135 -0.0082507 0.002954742 -0.008270798 -0.003031315 -0.00746827 -0.002332239 -0.000253 -0.002452238 0.005018833 -0.001159599 -0.002935113 -0.000439 0.005547137 -0.000825 0.000802 0.00350565 0.003409912 0.003122451 -0.002502044 0.004864117 0.005545271 -0.002109843 -0.002653332 0.000302 0.002737878 0.001657388 0.006343256 0.005458818 0.004266683 0.002332302 0.003353301 0.0047146 0.002175784 0.002119106 0.005459523 0.003790663 0.005838915 0.003147779 0.003165661 0.004409338 0.006039448 0.004426535 0.005688473 0.005304152 0.007254427 0.007432365 0.005232403 0.005455027 0.004334875 0.008165011 0.008051304 0.005711043 0.009165283 0.009382877 0.010886681 0.007555216 0.008551192 0.007827732 0.008963442 0.010631147 0.011056139 0.009784343 0.012238568 0.010032264 0.013468658 0.011908078 0.011527021 0.012396689 0.010190448 0.013108242 0.01322409 0.014802758 0.014345084 0.014418281 0.018238097 0.015308532 0.015741379 0.012823196 0.015213488 0.015396219 0.015259892 0.016456949 0.013848571 0.018378236 0.018897703 0.019982965 0.019407397 0 0 0 0 0 0 0.023674158 0.023081005 0.025135162 0.026167013 0.024486898 0.024445762 0.030341728 0.027990626 0.019278888 0.037043154 0.023346023 0.039025607 0.03552831 0.039213297 0.033314653 0.043568496 0.065558603 0.043684374 -0.037944654 0.073145936 0.084851052 1.50944251 -2.282655474 4.538080401
