 -9.90000000e+01 2.40300000e+02 2.44300000e+02 2.48300000e+02 2.52300000e+02 2.56300000e+02 2.60300000e+02 2.64300000e+02 2.68300000e+02 2.72300000e+02 2.76300000e+02 2.80300000e+02 2.84300000e+02 2.88300000e+02 2.92300000e+02 2.96300000e+02 3.00300000e+02 3.04300000e+02 3.08300000e+02 3.12300000e+02 3.16300000e+02 3.20300000e+02 3.24300000e+02 3.28300000e+02 3.32300000e+02 3.36300000e+02 3.40300000e+02 3.44300000e+02 3.48300000e+02 3.52300000e+02 3.56300000e+02 3.60300000e+02 3.64300000e+02 3.68300000e+02 3.72300000e+02 3.76300000e+02 3.80300000e+02 3.84300000e+02 3.88300000e+02 3.92300000e+02 3.96300000e+02
 2.10901000e+02 NA NA NA NA NA NA NA NA NA NA NA NA NA NA NA NA NA NA NA NA NA NA NA NA NA NA NA NA NA NA NA NA NA NA NA NA NA NA NA NA
 2.14901000e+02 NA NA NA NA NA NA NA NA NA NA NA NA NA NA NA NA NA NA NA NA NA NA NA NA NA NA NA NA NA NA NA NA NA NA NA NA NA NA NA NA
 2.18901000e+02 NA NA NA NA NA NA NA NA NA NA NA NA NA NA NA NA NA NA NA NA NA NA NA NA NA NA NA NA NA NA NA NA NA NA NA NA NA NA NA NA
 2.22901000e+02 0.00000000e+00 0.00000000e+00 0.00000000e+00 0.00000000e+00 -0.00000000e+00 -0.00000000e+00 0.00000000e+00 0.00000000e+00 -0.00000000e+00 -0.00000000e+00 -0.00000000e+00 0.00000000e+00 -0.00000000e+00 -0.00000000e+00 -0.00000000e+00 -0.00000000e+00 -0.00000000e+00 -0.00000000e+00 -0.00000000e+00 -0.00000000e+00 0.00000000e+00 -0.00000000e+00 0.00000000e+00 -0.00000000e+00 -0.00000000e+00 0.00000000e+00 0.00000000e+00 0.00000000e+00 -0.00000000e+00 0.00000000e+00 -0.00000000e+00 -0.00000000e+00 -0.00000000e+00 -0.00000000e+00 -0.00000000e+00 -0.00000000e+00 0.00000000e+00 -0.00000000e+00 -0.00000000e+00 0.00000000e+00
 2.26901000e+02 0.00000000e+00 0.00000000e+00 -0.00000000e+00 -0.00000000e+00 0.00000000e+00 -0.00000000e+00 0.00000000e+00 -0.00000000e+00 -0.00000000e+00 -0.00000000e+00 -0.00000000e+00 -0.00000000e+00 -0.00000000e+00 -0.00000000e+00 -0.00000000e+00 0.00000000e+00 -0.00000000e+00 0.00000000e+00 -0.00000000e+00 0.00000000e+00 -0.00000000e+00 -0.00000000e+00 -0.00000000e+00 -0.00000000e+00 0.00000000e+00 -0.00000000e+00 0.00000000e+00 -0.00000000e+00 0.00000000e+00 -0.00000000e+00 0.00000000e+00 0.00000000e+00 0.00000000e+00 -0.00000000e+00 0.00000000e+00 0.00000000e+00 -0.00000000e+00 -0.00000000e+00 0.00000000e+00 0.00000000e+00
 2.30901000e+02 0.00000000e+00 0.00000000e+00 -0.00000000e+00 0.00000000e+00 -0.00000000e+00 0.00000000e+00 0.00000000e+00 -0.00000000e+00 0.00000000e+00 0.00000000e+00 -0.00000000e+00 -0.00000000e+00 -0.00000000e+00 -0.00000000e+00 -0.00000000e+00 0.00000000e+00 -0.00000000e+00 0.00000000e+00 0.00000000e+00 -0.00000000e+00 -0.00000000e+00 -0.00000000e+00 0.00000000e+00 -0.00000000e+00 0.00000000e+00 -0.00000000e+00 -0.00000000e+00 0.00000000e+00 -0.00000000e+00 0.00000000e+00 0.00000000e+00 -0.00000000e+00 -0.00000000e+00 -0.00000000e+00 -0.00000000e+00 0.00000000e+00 0.00000000e+00 -0.00000000e+00 -0.00000000e+00 -0.00000000e+00
 2.34901000e+02 0.00000000e+00 0.00000000e+00 0.00000000e+00 0.00000000e+00 -0.00000000e+00 -0.00000000e+00 0.00000000e+00 0.00000000e+00 0.00000000e+00 -0.00000000e+00 0.00000000e+00 0.00000000e+00 -0.00000000e+00 0.00000000e+00 -0.00000000e+00 -0.00000000e+00 0.00000000e+00 0.00000000e+00 -0.00000000e+00 0.00000000e+00 0.00000000e+00 0.00000000e+00 0.00000000e+00 0.00000000e+00 0.00000000e+00 -0.00000000e+00 0.00000000e+00 0.00000000e+00 -0.00000000e+00 -0.00000000e+00 -0.00000000e+00 0.00000000e+00 0.00000000e+00 0.00000000e+00 0.00000000e+00 0.00000000e+00 0.00000000e+00 0.00000000e+00 0.00000000e+00 0.00000000e+00
 2.38901000e+02 0.00000000e+00 -0.00000000e+00 0.00000000e+00 0.00000000e+00 -0.00000000e+00 0.00000000e+00 0.00000000e+00 -0.00000000e+00 0.00000000e+00 0.00000000e+00 -0.00000000e+00 0.00000000e+00 -0.00000000e+00 0.00000000e+00 0.00000000e+00 -0.00000000e+00 -0.00000000e+00 0.00000000e+00 0.00000000e+00 -0.00000000e+00 -0.00000000e+00 -0.00000000e+00 -0.00000000e+00 -0.00000000e+00 -0.00000000e+00 -0.00000000e+00 0.00000000e+00 -0.00000000e+00 0.00000000e+00 0.00000000e+00 -0.00000000e+00 0.00000000e+00 -0.00000000e+00 0.00000000e+00 -0.00000000e+00 0.00000000e+00 0.00000000e+00 0.00000000e+00 -0.00000000e+00 -0.00000000e+00
 2.42901000e+02 0.00000000e+00 -0.00000000e+00 0.00000000e+00 -0.00000000e+00 0.00000000e+00 -0.00000000e+00 0.00000000e+00 -0.00000000e+00 0.00000000e+00 -0.00000000e+00 0.00000000e+00 -0.00000000e+00 -0.00000000e+00 -0.00000000e+00 -0.00000000e+00 0.00000000e+00 -0.00000000e+00 -0.00000000e+00 0.00000000e+00 0.00000000e+00 -0.00000000e+00 0.00000000e+00 0.00000000e+00 0.00000000e+00 -0.00000000e+00 0.00000000e+00 -0.00000000e+00 -0.00000000e+00 -0.00000000e+00 0.00000000e+00 -0.00000000e+00 0.00000000e+00 -0.00000000e+00 0.00000000e+00 0.00000000e+00 -0.00000000e+00 -0.00000000e+00 -0.00000000e+00 0.00000000e+00 -0.00000000e+00
 2.46901000e+02 0.00000000e+00 -0.00000000e+00 0.00000000e+00 0.00000000e+00 -0.00000000e+00 0.00000000e+00 5.41205171e-02 2.06170480e-02 0.00000000e+00 -0.00000000e+00 -0.00000000e+00 0.00000000e+00 -0.00000000e+00 -0.00000000e+00 0.00000000e+00 -0.00000000e+00 0.00000000e+00 -0.00000000e+00 -0.00000000e+00 -0.00000000e+00 0.00000000e+00 0.00000000e+00 -0.00000000e+00 0.00000000e+00 -0.00000000e+00 -0.00000000e+00 0.00000000e+00 0.00000000e+00 -0.00000000e+00 0.00000000e+00 0.00000000e+00 0.00000000e+00 0.00000000e+00 0.00000000e+00 0.00000000e+00 0.00000000e+00 -0.00000000e+00 -0.00000000e+00 -0.00000000e+00 0.00000000e+00
 2.50901000e+02 0.00000000e+00 0.00000000e+00 -0.00000000e+00 -0.00000000e+00 0.00000000e+00 1.21209784e-01 8.70168934e-02 7.48989399e-02 2.91721549e-02 0.00000000e+00 -0.00000000e+00 -0.00000000e+00 -0.00000000e+00 0.00000000e+00 -0.00000000e+00 -0.00000000e+00 0.00000000e+00 -0.00000000e+00 0.00000000e+00 0.00000000e+00 -0.00000000e+00 0.00000000e+00 -0.00000000e+00 0.00000000e+00 0.00000000e+00 0.00000000e+00 0.00000000e+00 -0.00000000e+00 0.00000000e+00 -0.00000000e+00 -0.00000000e+00 -0.00000000e+00 -0.00000000e+00 0.00000000e+00 -0.00000000e+00 0.00000000e+00 0.00000000e+00 0.00000000e+00 -0.00000000e+00 -0.00000000e+00
 2.54901000e+02 0.00000000e+00 -0.00000000e+00 -0.00000000e+00 0.00000000e+00 1.37586258e-01 1.53521792e-01 1.66963945e-01 1.19994055e-01 7.41185705e-02 2.94805446e-02 -0.00000000e+00 -0.00000000e+00 0.00000000e+00 0.00000000e+00 -0.00000000e+00 -0.00000000e+00 0.00000000e+00 -0.00000000e+00 0.00000000e+00 0.00000000e+00 0.00000000e+00 -0.00000000e+00 -0.00000000e+00 0.00000000e+00 -0.00000000e+00 0.00000000e+00 0.00000000e+00 0.00000000e+00 0.00000000e+00 -0.00000000e+00 -0.00000000e+00 -0.00000000e+00 0.00000000e+00 0.00000000e+00 0.00000000e+00 0.00000000e+00 -0.00000000e+00 0.00000000e+00 0.00000000e+00 -0.00000000e+00
 2.58901000e+02 0.00000000e+00 -0.00000000e+00 0.00000000e+00 1.43026402e-01 2.19978160e-01 2.59207813e-01 2.11272188e-01 1.64181811e-01 1.18135079e-01 -0.00000000e+00 0.00000000e+00 -0.00000000e+00 0.00000000e+00 -0.00000000e+00 -0.00000000e+00 -0.00000000e+00 0.00000000e+00 -0.00000000e+00 -0.00000000e+00 0.00000000e+00 -0.00000000e+00 0.00000000e+00 0.00000000e+00 -0.00000000e+00 0.00000000e+00 0.00000000e+00 0.00000000e+00 -0.00000000e+00 0.00000000e+00 -0.00000000e+00 0.00000000e+00 -0.00000000e+00 0.00000000e+00 0.00000000e+00 -0.00000000e+00 0.00000000e+00 -0.00000000e+00 -0.00000000e+00 0.00000000e+00 0.00000000e+00
 2.62901000e+02 4.46610595e-02 -0.00000000e+00 1.48625377e-01 2.86555077e-01 3.41851113e-01 3.02392470e-01 2.54437948e-01 1.17693993e-01 -0.00000000e+00 0.00000000e+00 7.96281035e-03 9.53434041e-03 4.21758195e-03 0.00000000e+00 0.00000000e+00 -0.00000000e+00 0.00000000e+00 -0.00000000e+00 -0.00000000e+00 -0.00000000e+00 0.00000000e+00 -0.00000000e+00 0.00000000e+00 -0.00000000e+00 0.00000000e+00 -0.00000000e+00 0.00000000e+00 0.00000000e+00 -0.00000000e+00 0.00000000e+00 -0.00000000e+00 0.00000000e+00 0.00000000e+00 -0.00000000e+00 -0.00000000e+00 0.00000000e+00 0.00000000e+00 -0.00000000e+00 -0.00000000e+00 0.00000000e+00
 2.66901000e+02 1.19774586e+00 1.66247063e-01 3.54998428e-01 4.08828217e-01 3.92587219e-01 2.76861742e-01 8.66637452e-02 -0.00000000e+00 0.00000000e+00 -0.00000000e+00 2.55866885e-02 2.00224152e-02 1.24745749e-02 9.37533802e-03 0.00000000e+00 0.00000000e+00 0.00000000e+00 0.00000000e+00 -0.00000000e+00 -0.00000000e+00 0.00000000e+00 0.00000000e+00 -0.00000000e+00 -0.00000000e+00 -0.00000000e+00 0.00000000e+00 -0.00000000e+00 -0.00000000e+00 0.00000000e+00 -0.00000000e+00 -0.00000000e+00 -0.00000000e+00 -0.00000000e+00 0.00000000e+00 -0.00000000e+00 -0.00000000e+00 -0.00000000e+00 -0.00000000e+00 0.00000000e+00 0.00000000e+00
 2.70901000e+02 2.68300381e+00 7.04150593e-01 2.93275491e-01 4.37751758e-01 2.44594631e-01 5.54609830e-02 -0.00000000e+00 0.00000000e+00 -0.00000000e+00 3.62552480e-02 3.58541983e-02 2.86648313e-02 4.32896269e-02 2.61245849e-02 6.44819119e-03 0.00000000e+00 0.00000000e+00 -0.00000000e+00 0.00000000e+00 0.00000000e+00 0.00000000e+00 -0.00000000e+00 0.00000000e+00 -0.00000000e+00 0.00000000e+00 0.00000000e+00 -0.00000000e+00 0.00000000e+00 -0.00000000e+00 0.00000000e+00 -0.00000000e+00 0.00000000e+00 0.00000000e+00 0.00000000e+00 -0.00000000e+00 0.00000000e+00 -0.00000000e+00 -0.00000000e+00 0.00000000e+00 0.00000000e+00
 2.74901000e+02 2.54217318e+00 1.79093544e+00 5.09579029e-01 2.12457522e-01 2.43459603e-02 -0.00000000e+00 -0.00000000e+00 -0.00000000e+00 1.08823654e-02 5.16622214e-02 4.48658372e-02 6.71849324e-02 5.95561276e-02 2.89324284e-02 2.29048394e-02 8.85526371e-03 -0.00000000e+00 -0.00000000e+00 0.00000000e+00 0.00000000e+00 0.00000000e+00 0.00000000e+00 0.00000000e+00 -0.00000000e+00 0.00000000e+00 0.00000000e+00 -0.00000000e+00 0.00000000e+00 -0.00000000e+00 -0.00000000e+00 0.00000000e+00 -0.00000000e+00 0.00000000e+00 -0.00000000e+00 0.00000000e+00 -0.00000000e+00 -0.00000000e+00 0.00000000e+00 -0.00000000e+00 0.00000000e+00
 2.78901000e+02 2.94093391e+00 2.15173355e+00 1.23712221e+00 2.80073001e-01 -0.00000000e+00 -0.00000000e+00 -0.00000000e+00 -0.00000000e+00 6.37348456e-02 6.10538126e-02 8.44620692e-02 9.30104030e-02 5.14330260e-02 4.56043570e-02 3.87270104e-02 2.69082622e-02 1.01237387e-02 -0.00000000e+00 0.00000000e+00 -0.00000000e+00 -0.00000000e+00 -0.00000000e+00 -0.00000000e+00 0.00000000e+00 0.00000000e+00 -0.00000000e+00 0.00000000e+00 0.00000000e+00 0.00000000e+00 0.00000000e+00 -0.00000000e+00 -0.00000000e+00 0.00000000e+00 -0.00000000e+00 -0.00000000e+00 -0.00000000e+00 0.00000000e+00 0.00000000e+00 -0.00000000e+00 0.00000000e+00
 2.82901000e+02 2.93548318e+00 2.07166376e+00 1.72916176e+00 8.85432580e-01 2.31012058e-01 -0.00000000e+00 -0.00000000e+00 3.86954335e-02 7.69661401e-02 1.01661634e-01 1.26461116e-01 7.39172768e-02 6.82996882e-02 6.85596774e-02 6.04569329e-02 4.32224716e-02 2.28606003e-02 8.75181512e-03 -0.00000000e+00 0.00000000e+00 0.00000000e+00 0.00000000e+00 -0.00000000e+00 -0.00000000e+00 0.00000000e+00 0.00000000e+00 -0.00000000e+00 -0.00000000e+00 0.00000000e+00 -0.00000000e+00 -0.00000000e+00 -0.00000000e+00 -0.00000000e+00 0.00000000e+00 -0.00000000e+00 0.00000000e+00 -0.00000000e+00 -0.00000000e+00 -0.00000000e+00 -0.00000000e+00
 2.86901000e+02 2.54529562e+00 2.07618469e+00 1.69833082e+00 1.35427522e+00 8.85130792e-01 1.97783511e-02 1.36703807e-02 9.03416862e-02 1.18866922e-01 1.59838642e-01 1.05973044e-01 9.09930050e-02 9.84057460e-02 9.19148357e-02 7.62723839e-02 5.10411837e-02 3.65586164e-02 2.24705349e-02 8.74578086e-03 0.00000000e+00 0.00000000e+00 0.00000000e+00 -0.00000000e+00 0.00000000e+00 -0.00000000e+00 -0.00000000e+00 -0.00000000e+00 -0.00000000e+00 0.00000000e+00 0.00000000e+00 -0.00000000e+00 -0.00000000e+00 -0.00000000e+00 0.00000000e+00 -0.00000000e+00 0.00000000e+00 0.00000000e+00 0.00000000e+00 -0.00000000e+00 0.00000000e+00
 2.90901000e+02 3.02764891e+00 2.09752599e+00 1.74578677e+00 1.45088133e+00 1.23994892e+00 5.35706844e-01 9.58999818e-02 1.36041864e-01 1.93246148e-01 1.38175387e-01 1.13724435e-01 1.28266588e-01 1.21604114e-01 1.09306294e-01 7.91941714e-02 6.43264117e-02 4.98593330e-02 3.57882953e-02 1.11677251e-02 4.05742363e-03 -0.00000000e+00 0.00000000e+00 0.00000000e+00 -0.00000000e+00 0.00000000e+00 0.00000000e+00 0.00000000e+00 0.00000000e+00 -0.00000000e+00 -0.00000000e+00 0.00000000e+00 0.00000000e+00 0.00000000e+00 0.00000000e+00 -0.00000000e+00 0.00000000e+00 -0.00000000e+00 0.00000000e+00 -0.00000000e+00 0.00000000e+00
 2.94901000e+02 2.97311205e+00 1.99294526e+00 1.72801754e+00 1.44039575e+00 1.31062903e+00 8.95409320e-01 3.42558153e-01 5.74694672e-02 1.70428997e-01 1.36430518e-01 1.55433706e-01 1.51336289e-01 1.42415392e-01 1.07357356e-01 9.20892816e-02 7.72347114e-02 5.71335005e-02 2.59574893e-02 1.62903687e-02 9.29301335e-03 3.72532616e-03 0.00000000e+00 0.00000000e+00 0.00000000e+00 -0.00000000e+00 0.00000000e+00 -0.00000000e+00 0.00000000e+00 0.00000000e+00 -0.00000000e+00 -0.00000000e+00 0.00000000e+00 0.00000000e+00 0.00000000e+00 -0.00000000e+00 0.00000000e+00 -0.00000000e+00 -0.00000000e+00 0.00000000e+00 -0.00000000e+00
 2.98901000e+02 2.90536054e+00 2.01201716e+00 1.68779900e+00 1.45482475e+00 1.29584773e+00 9.95457853e-01 7.09672717e-01 2.42044859e-01 1.22100811e-01 1.77875810e-01 1.81184813e-01 1.75602593e-01 1.39492602e-01 1.19890117e-01 1.04384224e-01 7.21232618e-02 4.07369466e-02 2.84864074e-02 2.03787090e-02 1.46985404e-02 1.14543629e-02 4.01239867e-03 -0.00000000e+00 0.00000000e+00 0.00000000e+00 -0.00000000e+00 -0.00000000e+00 0.00000000e+00 -0.00000000e+00 -0.00000000e+00 -0.00000000e+00 -0.00000000e+00 0.00000000e+00 -0.00000000e+00 0.00000000e+00 0.00000000e+00 0.00000000e+00 -0.00000000e+00 -0.00000000e+00 0.00000000e+00
 3.02901000e+02 2.82926022e+00 2.08210524e+00 1.74580254e+00 1.46185319e+00 1.28370738e+00 1.06788713e+00 7.79476703e-01 5.83940079e-01 1.11895997e-01 4.45950905e-02 2.08782473e-01 1.71983992e-01 1.47796013e-01 1.19632752e-01 8.71378962e-02 5.55338266e-02 4.06848719e-02 3.14408141e-02 2.68550350e-02 2.49830723e-02 1.55792392e-02 9.73279036e-03 3.81077891e-03 0.00000000e+00 -0.00000000e+00 0.00000000e+00 -0.00000000e+00 -0.00000000e+00 -0.00000000e+00 -0.00000000e+00 0.00000000e+00 -0.00000000e+00 -0.00000000e+00 -0.00000000e+00 0.00000000e+00 0.00000000e+00 0.00000000e+00 0.00000000e+00 -0.00000000e+00 0.00000000e+00
 3.06901000e+02 2.67595223e+00 2.02534462e+00 1.70004354e+00 1.43983972e+00 1.32750342e+00 1.04114466e+00 8.70267430e-01 7.88845733e-01 4.52463819e-01 6.82529249e-02 7.03096304e-02 1.68747588e-01 1.35012171e-01 1.02216343e-01 7.03711613e-02 5.29196956e-02 4.25251152e-02 3.92889563e-02 3.84703788e-02 2.76388160e-02 2.11272155e-02 1.45867876e-02 8.84340429e-03 5.02887773e-03 5.93893870e-04 -0.00000000e+00 -0.00000000e+00 -0.00000000e+00 0.00000000e+00 -0.00000000e+00 0.00000000e+00 0.00000000e+00 -0.00000000e+00 0.00000000e+00 0.00000000e+00 -0.00000000e+00 -0.00000000e+00 -0.00000000e+00 -0.00000000e+00 -0.00000000e+00
 3.10901000e+02 2.81283160e+00 1.92479798e+00 1.71506074e+00 1.43707296e+00 1.29119863e+00 1.03510129e+00 8.60024447e-01 7.93113046e-01 5.76790372e-01 3.04051961e-01 5.43156367e-02 7.42437098e-02 1.17467455e-01 8.53074692e-02 6.47310632e-02 5.40222408e-02 5.17833346e-02 5.19925647e-02 3.99691386e-02 3.24881564e-02 2.53054151e-02 1.85099402e-02 1.61246240e-02 1.16078374e-02 7.17098460e-03 2.80965035e-03 0.00000000e+00 -0.00000000e+00 0.00000000e+00 -0.00000000e+00 -0.00000000e+00 -0.00000000e+00 -0.00000000e+00 -0.00000000e+00 -0.00000000e+00 -0.00000000e+00 -0.00000000e+00 -0.00000000e+00 -0.00000000e+00 -0.00000000e+00
 3.14901000e+02 2.89220757e+00 2.04272836e+00 1.75154867e+00 1.48119107e+00 1.31848581e+00 1.06916997e+00 8.89425570e-01 7.91945512e-01 6.35444818e-01 4.65839156e-01 2.14265987e-01 7.80274218e-02 1.00429205e-01 7.66122931e-02 6.57049453e-02 6.43871451e-02 6.56252822e-02 5.23653088e-02 4.37678816e-02 3.60220918e-02 2.81502422e-02 2.40121914e-02 2.25620329e-02 1.80389792e-02 1.35969459e-02 7.12902069e-03 2.53952137e-03 -0.00000000e+00 -0.00000000e+00 -0.00000000e+00 -0.00000000e+00 -0.00000000e+00 -0.00000000e+00 -0.00000000e+00 -0.00000000e+00 -0.00000000e+00 -0.00000000e+00 -0.00000000e+00 -0.00000000e+00 -0.00000000e+00
 3.18901000e+02 2.83389476e+00 1.99910681e+00 1.72124701e+00 1.45167658e+00 1.30650969e+00 1.04877715e+00 8.62318141e-01 7.95075740e-01 6.31328463e-01 5.12065573e-01 3.24242558e-01 1.26081321e-01 2.91738832e-03 7.75229102e-02 7.71263218e-02 7.94145382e-02 6.48930725e-02 5.49607837e-02 4.67948107e-02 3.78148207e-02 3.18019464e-02 3.34971731e-02 2.88748185e-02 2.43421798e-02 1.62803542e-02 1.16223438e-02 7.04253042e-03 2.53732312e-03 -0.00000000e+00 -0.00000000e+00 0.00000000e+00 -0.00000000e+00 -0.00000000e+00 -0.00000000e+00 -0.00000000e+00 -0.00000000e+00 -0.00000000e+00 -0.00000000e+00 -0.00000000e+00 0.00000000e+00
 3.22901000e+02 2.62630223e+00 1.86907011e+00 1.70229444e+00 1.44711467e+00 1.28406257e+00 1.04191714e+00 9.07001798e-01 8.16839218e-01 6.44095870e-01 5.04411144e-01 3.98218435e-01 2.64231526e-01 7.97994771e-02 8.45701426e-03 9.28935319e-02 7.75898309e-02 6.63030847e-02 5.77252352e-02 4.75543036e-02 4.01504543e-02 4.22653071e-02 3.97173041e-02 3.50804346e-02 2.54157991e-02 2.06839012e-02 1.60312423e-02 1.14585292e-02 8.80140345e-03 3.39279515e-03 -0.00000000e+00 -0.00000000e+00 0.00000000e+00 0.00000000e+00 -0.00000000e+00 -0.00000000e+00 -0.00000000e+00 0.00000000e+00 -0.00000000e+00 0.00000000e+00 0.00000000e+00
 3.26901000e+02 2.80248622e+00 1.97313274e+00 1.73881448e+00 1.49645199e+00 1.34274337e+00 1.08549734e+00 9.27900677e-01 8.24746400e-01 6.69228914e-01 5.23433470e-01 4.13726449e-01 3.25678375e-01 1.92620402e-01 3.20900971e-02 1.00648882e-02 7.78054388e-02 6.90054863e-02 5.74069152e-02 4.85765194e-02 4.91208084e-02 5.05956895e-02 4.58378082e-02 3.45558468e-02 2.97407269e-02 2.50117595e-02 2.04439132e-02 2.00918468e-02 1.51325187e-02 9.72327921e-03 3.57427050e-03 -0.00000000e+00 -0.00000000e+00 -0.00000000e+00 -0.00000000e+00 -0.00000000e+00 -0.00000000e+00 0.00000000e+00 -0.00000000e+00 -0.00000000e+00 0.00000000e+00
 3.30901000e+02 2.76046714e+00 1.92939269e+00 1.75243648e+00 1.46828654e+00 1.35190135e+00 1.08390150e+00 9.47836939e-01 8.52261715e-01 6.65962390e-01 5.42268214e-01 4.34651489e-01 3.48796446e-01 2.78805545e-01 1.53575750e-01 2.93639573e-02 3.10937581e-02 6.73989872e-02 5.71075843e-02 5.64043911e-02 6.03016941e-02 5.66359520e-02 4.47928066e-02 3.88066922e-02 3.39925601e-02 3.18249053e-02 3.13709570e-02 2.68512098e-02 2.19976107e-02 1.57558025e-02 9.50079390e-03 3.72796082e-03 -0.00000000e+00 -0.00000000e+00 0.00000000e+00 0.00000000e+00 0.00000000e+00 -0.00000000e+00 -0.00000000e+00 -0.00000000e+00 0.00000000e+00
 3.34901000e+02 2.78617123e+00 2.07981139e+00 1.74208774e+00 1.46970817e+00 1.36555260e+00 1.14475187e+00 9.66814251e-01 8.63504298e-01 6.82227328e-01 5.55564169e-01 4.51494778e-01 3.77478082e-01 3.14943556e-01 2.31312809e-01 1.12834239e-01 1.11902132e-02 3.46587130e-02 6.49062721e-02 6.72238254e-02 6.75201788e-02 5.54445193e-02 4.79013456e-02 4.37843333e-02 4.32133279e-02 4.26587771e-02 3.85687174e-02 3.42598303e-02 2.79232861e-02 2.14304561e-02 1.61585295e-02 9.94214713e-03 3.94536093e-03 -0.00000000e+00 0.00000000e+00 -0.00000000e+00 -0.00000000e+00 -0.00000000e+00 -0.00000000e+00 -0.00000000e+00 0.00000000e+00
 3.38901000e+02 2.66981689e+00 1.97850415e+00 1.72977078e+00 1.49069744e+00 1.32023515e+00 1.11057623e+00 9.54007790e-01 8.59939578e-01 6.79170387e-01 5.56761070e-01 4.49523610e-01 3.81311730e-01 3.25928955e-01 2.60700499e-01 2.00255890e-01 8.21848368e-02 2.31296161e-02 5.26267818e-02 7.81957179e-02 6.61683004e-02 5.70321303e-02 5.53054804e-02 5.46148118e-02 5.39500414e-02 5.02916375e-02 4.64529352e-02 4.00143379e-02 3.33481827e-02 2.83405318e-02 2.23618795e-02 1.70484629e-02 1.04407802e-02 3.93150021e-03 0.00000000e+00 0.00000000e+00 -0.00000000e+00 -0.00000000e+00 -0.00000000e+00 0.00000000e+00 0.00000000e+00
 3.42901000e+02 2.63293971e+00 2.04370260e+00 1.66504029e+00 1.48113785e+00 1.37209287e+00 1.13577121e+00 9.65880292e-01 8.83161742e-01 7.13538579e-01 5.68471631e-01 4.47863425e-01 3.81139122e-01 3.39136876e-01 2.76103080e-01 2.25692862e-01 1.50918660e-01 5.77200918e-02 3.86941470e-02 6.64668131e-02 6.77780775e-02 6.68912951e-02 6.60653618e-02 6.52779506e-02 6.20387217e-02 5.84344305e-02 5.21076134e-02 4.52675146e-02 4.05259352e-02 3.47709445e-02 3.01309151e-02 2.34328840e-02 1.68507804e-02 1.10340936e-02 4.17580636e-03 0.00000000e+00 0.00000000e+00 0.00000000e+00 0.00000000e+00 0.00000000e+00 0.00000000e+00
 3.46901000e+02 2.70089825e+00 1.96135264e+00 1.72063955e+00 1.51394784e+00 1.38656502e+00 1.17040676e+00 9.94868833e-01 8.89468265e-01 7.17752969e-01 5.77899763e-01 4.61699232e-01 3.91552177e-01 3.43907368e-01 2.93482317e-01 2.49628695e-01 1.97787973e-01 1.29279039e-01 5.04488085e-02 3.80978433e-02 7.34962179e-02 7.75841539e-02 7.66573779e-02 7.39968147e-02 7.04404912e-02 6.42285910e-02 5.72037492e-02 5.27152071e-02 4.71883204e-02 4.32077122e-02 3.64169692e-02 2.97480419e-02 2.47075285e-02 1.77602360e-02 1.20921016e-02 6.48236872e-03 9.42161770e-04 -0.00000000e+00 0.00000000e+00 -0.00000000e+00 -0.00000000e+00
 3.50901000e+02 2.71907940e+00 2.02544473e+00 1.78050443e+00 1.53055709e+00 1.41427571e+00 1.16403108e+00 1.00342691e+00 9.15575436e-01 7.31988296e-01 5.82607598e-01 4.69797732e-01 3.99600798e-01 3.65102664e-01 3.01590065e-01 2.68139333e-01 2.21712850e-01 1.69708015e-01 1.19304586e-01 5.22737222e-02 5.89914994e-02 8.51519245e-02 8.61805828e-02 8.24862221e-02 7.63746459e-02 6.91691981e-02 6.49240773e-02 5.96110646e-02 5.62972979e-02 4.93991064e-02 4.26355998e-02 3.80484523e-02 3.13186935e-02 2.69715285e-02 2.03224181e-02 1.47057902e-02 9.16207155e-03 2.82234734e-03 -0.00000000e+00 -0.00000000e+00 0.00000000e+00
 3.54901000e+02 3.00779597e+00 2.11499709e+00 1.81536870e+00 1.53711191e+00 1.42218180e+00 1.19974163e+00 1.01308278e+00 9.26085757e-01 7.41054435e-01 5.86073489e-01 4.97695337e-01 4.07506449e-01 3.83228629e-01 3.22294021e-01 2.92569779e-01 2.50032497e-01 2.07211548e-01 1.77746627e-01 1.21369337e-01 7.02580516e-02 7.92193253e-02 9.35612617e-02 8.85757315e-02 8.11728101e-02 7.71770689e-02 7.24564014e-02 6.91640419e-02 6.24070840e-02 5.55327242e-02 5.12855500e-02 4.48694418e-02 3.97935001e-02 3.41314444e-02 2.84270935e-02 2.28027678e-02 1.55868777e-02 9.16344543e-03 2.80961731e-03 -0.00000000e+00 0.00000000e+00
 3.58901000e+02 2.51064172e+00 1.91024406e+00 1.72713034e+00 1.47475863e+00 1.37688695e+00 1.16554434e+00 9.97310901e-01 8.97841258e-01 7.14187855e-01 5.79711283e-01 4.64017790e-01 3.99055984e-01 3.65501445e-01 3.25726985e-01 2.89099473e-01 2.54374202e-01 2.22729622e-01 2.02824694e-01 1.65896209e-01 1.07504214e-01 8.07203753e-02 8.73529818e-02 9.24395580e-02 8.94867249e-02 8.53793725e-02 8.19558644e-02 7.54487073e-02 6.84726987e-02 6.45490391e-02 5.84323264e-02 5.25181085e-02 4.83409815e-02 4.21330116e-02 3.64171995e-02 2.83106681e-02 2.18220013e-02 1.54095879e-02 9.06957938e-03 2.79381130e-03 -0.00000000e+00
 3.62901000e+02 2.69380112e+00 2.08571940e+00 1.80121621e+00 1.56426193e+00 1.43441865e+00 1.19945687e+00 1.04891269e+00 9.33811482e-01 7.44759121e-01 5.96854234e-01 5.06176197e-01 4.28647625e-01 3.88367784e-01 3.47552892e-01 3.22210563e-01 2.94097588e-01 2.53773673e-01 2.34348989e-01 2.03023562e-01 1.71713941e-01 1.21575547e-01 1.00965569e-01 1.06539955e-01 9.97950712e-02 9.48078670e-02 8.85389343e-02 8.14418521e-02 7.78558625e-02 7.20146026e-02 6.52605119e-02 6.35118237e-02 5.58465020e-02 5.00214346e-02 4.15794063e-02 3.44459817e-02 2.79662499e-02 2.15644078e-02 1.58352513e-02 1.12646831e-02 3.48298299e-03
 3.66901000e+02 2.81153224e+00 2.11475281e+00 1.79438966e+00 1.59028131e+00 1.47398788e+00 1.22975398e+00 1.04432670e+00 9.34340589e-01 7.39908517e-01 6.04460468e-01 5.05076179e-01 4.42832986e-01 4.06096949e-01 3.75673973e-01 3.57297768e-01 3.26518290e-01 2.88562461e-01 2.71735575e-01 2.47058942e-01 2.08478628e-01 1.70790809e-01 1.27324477e-01 1.11908303e-01 1.14367787e-01 1.03905828e-01 9.44898254e-02 9.12064390e-02 8.56560828e-02 7.81593318e-02 7.80344435e-02 6.95838013e-02 6.36478706e-02 5.50858157e-02 4.70637048e-02 4.04986634e-02 3.40264540e-02 3.07893982e-02 2.67554425e-02 1.86196466e-02 1.14617515e-02
 3.70901000e+02 2.74711344e+00 2.12587212e+00 1.88060384e+00 1.62179119e+00 1.48873890e+00 1.23303329e+00 1.05322989e+00 9.56762038e-01 7.59721865e-01 6.23541706e-01 5.17645689e-01 4.64846137e-01 4.51891302e-01 4.13970274e-01 3.96198896e-01 3.66740780e-01 3.33582701e-01 3.13764756e-01 2.85726708e-01 2.59873601e-01 2.26516998e-01 1.74173668e-01 1.35238868e-01 1.24131954e-01 1.24007598e-01 1.06277133e-01 9.93605003e-02 9.17422834e-02 9.07646782e-02 8.45622453e-02 7.73160799e-02 6.86312781e-02 5.96994115e-02 5.30403128e-02 4.70841238e-02 4.57191642e-02 4.22039320e-02 3.36735324e-02 2.57488460e-02 1.92616498e-02
 3.74901000e+02 3.06980547e+00 2.19125362e+00 1.91320699e+00 1.69238801e+00 1.54871632e+00 1.27474740e+00 1.10780201e+00 9.93988509e-01 8.04238820e-01 6.60286317e-01 5.66501171e-01 4.98074753e-01 4.81175102e-01 4.66206754e-01 4.60249219e-01 4.27268650e-01 3.92777171e-01 3.74957110e-01 3.51871815e-01 3.04055011e-01 2.68291739e-01 2.37508405e-01 1.93586444e-01 1.57061773e-01 1.44131902e-01 1.32659837e-01 1.07737849e-01 1.03599004e-01 9.97773601e-02 9.10572695e-02 8.22384618e-02 7.23935553e-02 6.56185729e-02 6.21339492e-02 6.06556192e-02 5.76508232e-02 4.87058774e-02 3.94573281e-02 3.34040735e-02 2.63303405e-02
 3.78901000e+02 3.09283433e+00 2.27755677e+00 2.02891660e+00 1.72121211e+00 1.59671913e+00 1.31987496e+00 1.11369498e+00 9.95532815e-01 8.35265162e-01 6.77176923e-01 5.89515795e-01 5.36506446e-01 5.38039308e-01 5.27019624e-01 5.09717190e-01 4.94820802e-01 4.63635763e-01 4.45070717e-01 4.05676031e-01 3.59476579e-01 3.21697597e-01 2.82790753e-01 2.37447608e-01 1.93407891e-01 1.62428852e-01 1.51417488e-01 1.28043709e-01 1.16264086e-01 1.05526269e-01 9.59204496e-02 8.51503170e-02 7.88776160e-02 7.72294015e-02 7.56330878e-02 7.31153600e-02 6.37473372e-02 5.35988428e-02 4.81748609e-02 4.16817427e-02 3.32756923e-02
 3.82901000e+02 3.06143954e+00 2.30721920e+00 2.06104803e+00 1.77296680e+00 1.62120369e+00 1.36014433e+00 1.16541042e+00 1.04511261e+00 8.64517016e-01 7.18460947e-01 6.35519020e-01 5.77178615e-01 5.73636714e-01 5.80511061e-01 5.80388340e-01 5.64221241e-01 5.38447653e-01 5.13952989e-01 4.83981207e-01 4.25348042e-01 3.71785005e-01 3.31209512e-01 2.81394626e-01 2.46743179e-01 2.01374785e-01 1.75633428e-01 1.47961228e-01 1.39679988e-01 1.12147306e-01 9.81377921e-02 9.41965101e-02 9.24188108e-02 9.06826790e-02 8.86483291e-02 7.88273522e-02 6.84069657e-02 6.15981346e-02 5.55174329e-02 4.95962407e-02 4.06979862e-02
 3.86901000e+02 3.24956703e+00 2.53482031e+00 2.19636781e+00 1.89019867e+00 1.69442162e+00 1.42724493e+00 1.22249551e+00 1.10860100e+00 9.24099782e-01 7.70725555e-01 6.87261110e-01 6.31156230e-01 6.38797876e-01 6.47321865e-01 6.58292944e-01 6.43924312e-01 6.24455095e-01 6.01468379e-01 5.56830600e-01 5.02265213e-01 4.41750436e-01 3.88402878e-01 3.39269414e-01 3.00924255e-01 2.56601518e-01 2.07171096e-01 1.75452558e-01 1.73732875e-01 1.39335925e-01 1.09622813e-01 1.07708398e-01 1.05839562e-01 1.04015979e-01 9.39837865e-02 8.32609457e-02 7.53828871e-02 7.03870210e-02 6.31268218e-02 5.73970974e-02 4.88790564e-02
 3.90901000e+02 3.15667533e+00 2.48917475e+00 2.18405694e+00 1.91623003e+00 1.74494765e+00 1.42855107e+00 1.24344957e+00 1.11830121e+00 9.35617307e-01 7.93231271e-01 7.13694461e-01 6.62696200e-01 6.71780690e-01 7.03401466e-01 7.14182601e-01 7.06136481e-01 6.84087420e-01 6.61506665e-01 6.19098953e-01 5.61714887e-01 5.02586267e-01 4.37463289e-01 3.90860467e-01 3.41841794e-01 3.00341904e-01 2.52001890e-01 2.00968431e-01 1.84802207e-01 1.63696231e-01 1.38986149e-01 1.21108258e-01 1.19148764e-01 1.09232703e-01 9.81997092e-02 8.92220370e-02 8.37693598e-02 7.76140475e-02 7.12721985e-02 6.51288744e-02 5.69883506e-02
 3.94901000e+02 3.56341712e+00 2.70366383e+00 2.29380034e+00 1.99855259e+00 1.80229399e+00 1.51058192e+00 1.29939173e+00 1.17331128e+00 9.55712467e-01 8.23929289e-01 7.57442169e-01 7.20938996e-01 7.33728135e-01 7.54996596e-01 7.88611645e-01 7.87220004e-01 7.65976668e-01 7.52382461e-01 6.89896617e-01 6.23881037e-01 5.56690886e-01 4.89337488e-01 4.40068019e-01 3.84118645e-01 3.48281169e-01 3.06533040e-01 2.47794840e-01 2.15704180e-01 1.85908514e-01 1.63996549e-01 1.40521800e-01 1.24639107e-01 1.13262030e-01 1.03518406e-01 9.74146649e-02 9.25004338e-02 8.43608106e-02 7.90147857e-02 7.24972200e-02 6.50451885e-02
 3.98901000e+02 3.33563034e+00 2.69793287e+00 2.36302913e+00 2.01677527e+00 1.81101755e+00 1.56265495e+00 1.33205379e+00 1.21100819e+00 1.01249598e+00 8.56302623e-01 7.88132866e-01 7.48810460e-01 7.72578962e-01 8.10094821e-01 8.39927346e-01 8.54926368e-01 8.34142014e-01 8.04065402e-01 7.58119064e-01 6.91735889e-01 6.15241575e-01 5.47981852e-01 4.81515805e-01 4.29788259e-01 3.89312328e-01 3.44046452e-01 2.93863505e-01 2.50998687e-01 2.14000431e-01 1.85364757e-01 1.66085581e-01 1.36111858e-01 1.18563881e-01 1.11356464e-01 1.05952518e-01 9.96722594e-02 9.24463276e-02 8.67149254e-02 7.97194638e-02 7.30524187e-02
 4.02901000e+02 3.59538460e+00 2.82530273e+00 2.42821642e+00 2.09261568e+00 1.91453752e+00 1.62252302e+00 1.39463110e+00 1.25091921e+00 1.04050200e+00 8.98731454e-01 8.19726151e-01 7.90391259e-01 8.15005224e-01 8.57681640e-01 8.90930325e-01 9.08445104e-01 8.93123518e-01 8.73957871e-01 8.26460258e-01 7.52826400e-01 6.75710076e-01 6.03851859e-01 5.36266408e-01 4.86781276e-01 4.36055142e-01 3.91181979e-01 3.40715439e-01 3.05841951e-01 2.54182441e-01 2.15083027e-01 1.95091737e-01 1.66998385e-01 1.32107765e-01 1.19511974e-01 1.14606776e-01 1.06198599e-01 1.00473128e-01 9.43291616e-02 8.68890075e-02 8.09998644e-02
 4.06901000e+02 3.76902499e+00 3.00248463e+00 2.55979304e+00 2.18688761e+00 1.97830913e+00 1.68079244e+00 1.46107159e+00 1.30617892e+00 1.09795972e+00 9.28198140e-01 8.63243178e-01 8.30778947e-01 8.49041582e-01 8.86897411e-01 9.38792556e-01 9.57241601e-01 9.46602089e-01 9.31599334e-01 8.80595794e-01 8.11418982e-01 7.26911574e-01 6.52595450e-01 5.88069762e-01 5.35321681e-01 4.87850093e-01 4.41500317e-01 3.88798599e-01 3.55519353e-01 3.07011927e-01 2.55484277e-01 2.28823187e-01 1.97176413e-01 1.65822636e-01 1.35750109e-01 1.21710531e-01 1.13585354e-01 1.08155981e-01 1.01885263e-01 9.40173644e-02 8.88988427e-02
 4.10901000e+02 3.97441681e+00 3.13729527e+00 2.55310969e+00 2.25327197e+00 2.02240251e+00 1.74106701e+00 1.50057129e+00 1.33903169e+00 1.13327227e+00 9.70544406e-01 8.89505739e-01 8.63953113e-01 8.96411284e-01 9.21026854e-01 9.70085329e-01 9.89204533e-01 9.76511627e-01 9.64728858e-01 9.19561274e-01 8.49518056e-01 7.80872914e-01 7.07195218e-01 6.47796881e-01 5.82829498e-01 5.36925666e-01 4.86785603e-01 4.36520696e-01 3.94527979e-01 3.44163952e-01 2.96520295e-01 2.65559189e-01 2.26136040e-01 1.93832255e-01 1.61004221e-01 1.32383452e-01 1.21565953e-01 1.15747656e-01 1.09414249e-01 1.00896992e-01 9.67644062e-02
 4.14901000e+02 3.87823161e+00 3.07896298e+00 2.62879444e+00 2.27205715e+00 2.08243437e+00 1.75386673e+00 1.52788688e+00 1.37071895e+00 1.14742941e+00 9.81247702e-01 8.97885910e-01 8.67560886e-01 9.03588190e-01 9.25977947e-01 9.81128384e-01 9.95440194e-01 1.00504335e+00 9.95335196e-01 9.58185594e-01 8.96422813e-01 8.21854651e-01 7.49844594e-01 6.91561002e-01 6.41148931e-01 5.84638490e-01 5.35584573e-01 4.81894519e-01 4.37477583e-01 3.91065195e-01 3.43945685e-01 3.01204588e-01 2.55353701e-01 2.27489140e-01 1.95125290e-01 1.62038781e-01 1.33487773e-01 1.23311874e-01 1.16914833e-01 1.07414795e-01 1.04596474e-01
 4.18901000e+02 3.93650858e+00 3.16053569e+00 2.67892347e+00 2.34550053e+00 2.11485500e+00 1.80467272e+00 1.54644491e+00 1.38726337e+00 1.17799867e+00 1.00582866e+00 9.22064376e-01 8.89126711e-01 9.05286629e-01 9.49841014e-01 1.00303322e+00 1.02559517e+00 1.02015680e+00 1.00622104e+00 9.78807964e-01 9.27597921e-01 8.57178843e-01 7.83466328e-01 7.20746324e-01 6.77639003e-01 6.33083623e-01 5.82868126e-01 5.23794253e-01 4.77333768e-01 4.31647551e-01 3.81031291e-01 3.40502821e-01 2.89801251e-01 2.56632788e-01 2.23282862e-01 1.86449236e-01 1.57887361e-01 1.34955934e-01 1.24088753e-01 1.13916301e-01 1.12403077e-01
 4.22901000e+02 3.91703761e+00 3.17270911e+00 2.73444917e+00 2.36948046e+00 2.16632750e+00 1.84074931e+00 1.59201485e+00 1.42327969e+00 1.20228046e+00 1.03012264e+00 9.41185548e-01 9.08539586e-01 9.17899648e-01 9.58981425e-01 1.00618492e+00 1.02515881e+00 1.03109199e+00 1.02836968e+00 9.97046229e-01 9.41872697e-01 8.92685869e-01 8.29435564e-01 7.74208934e-01 7.19726807e-01 6.79283036e-01 6.29908434e-01 5.74095446e-01 5.26149196e-01 4.75368940e-01 4.24602664e-01 3.82919198e-01 3.35937871e-01 2.88506144e-01 2.54636802e-01 2.16823611e-01 1.89212117e-01 1.59198519e-01 1.34927896e-01 1.20420532e-01 1.20204234e-01
 4.26901000e+02 3.97298789e+00 3.13419886e+00 2.72874467e+00 2.38576521e+00 2.16416800e+00 1.84390203e+00 1.64316107e+00 1.45312973e+00 1.22101880e+00 1.06002605e+00 9.54803443e-01 9.15570041e-01 9.28445689e-01 9.52033735e-01 9.95932053e-01 1.01357406e+00 1.02391741e+00 1.02505640e+00 1.00317605e+00 9.56750599e-01 9.07523275e-01 8.56226330e-01 8.10771010e-01 7.55909048e-01 7.16428994e-01 6.69785153e-01 6.15733269e-01 5.69336600e-01 5.15104280e-01 4.64875113e-01 4.19537412e-01 3.72945303e-01 3.24514237e-01 2.86070079e-01 2.43807071e-01 2.12784251e-01 1.83661895e-01 1.55480886e-01 1.30013870e-01 1.27993243e-01
 4.30901000e+02 3.76819427e+00 3.20226132e+00 2.81002159e+00 2.45991779e+00 2.25443089e+00 1.93168699e+00 1.66315435e+00 1.48732050e+00 1.25013344e+00 1.08065722e+00 9.72506762e-01 9.15711520e-01 9.31269010e-01 9.55464635e-01 9.93346075e-01 1.01494048e+00 1.02036902e+00 1.02722633e+00 1.00986444e+00 9.70150938e-01 9.30702819e-01 8.91165972e-01 8.41858178e-01 7.95789578e-01 7.63652414e-01 7.18994661e-01 6.62612258e-01 6.13210422e-01 5.54194968e-01 5.04861906e-01 4.65322175e-01 4.07274188e-01 3.64222626e-01 3.19776894e-01 2.73199656e-01 2.45040974e-01 2.15846769e-01 1.83229093e-01 1.52647736e-01 1.35774671e-01
 4.34901000e+02 4.10886120e+00 3.24264011e+00 2.82162439e+00 2.47940618e+00 2.27782991e+00 1.97943342e+00 1.68838161e+00 1.50650150e+00 1.28313994e+00 1.09664925e+00 9.79643771e-01 9.37186426e-01 9.38126733e-01 9.55505498e-01 1.00245787e+00 1.01895912e+00 1.02371186e+00 1.03527024e+00 1.02396626e+00 9.86575138e-01 9.47102632e-01 9.16705239e-01 8.74795147e-01 8.34717154e-01 8.04921381e-01 7.60087511e-01 7.04078191e-01 6.50775628e-01 5.91539552e-01 5.44349516e-01 5.00778740e-01 4.48134465e-01 3.98584484e-01 3.56507887e-01 3.05832726e-01 2.74089522e-01 2.38346362e-01 2.15795421e-01 1.81467667e-01 1.52735610e-01
 4.38901000e+02 3.96763201e+00 3.25720805e+00 2.84607819e+00 2.48097339e+00 2.28478383e+00 1.95542076e+00 1.72784829e+00 1.54485121e+00 1.31448000e+00 1.11438472e+00 1.00505380e+00 9.38986010e-01 9.39494597e-01 9.57177454e-01 9.99414431e-01 9.98451171e-01 1.00500393e+00 1.02302764e+00 1.02237522e+00 9.85248208e-01 9.60573034e-01 9.29082904e-01 9.04195094e-01 8.71199849e-01 8.38429904e-01 7.93032748e-01 7.36051203e-01 6.94936655e-01 6.30654290e-01 5.80218990e-01 5.36372001e-01 4.81181736e-01 4.32890021e-01 3.89262792e-01 3.40454451e-01 3.02690209e-01 2.64536896e-01 2.39372357e-01 2.03890591e-01 1.75502856e-01
 4.42901000e+02 4.08127512e+00 3.32009345e+00 2.90415135e+00 2.52829704e+00 2.32456942e+00 2.01840624e+00 1.77543727e+00 1.59076675e+00 1.32212453e+00 1.14246495e+00 1.01071351e+00 9.55801616e-01 9.43716975e-01 9.50887262e-01 9.98885290e-01 1.00010565e+00 9.99015959e-01 1.00418314e+00 1.00864914e+00 9.92047578e-01 9.69685398e-01 9.42305294e-01 9.18453197e-01 8.89525951e-01 8.58127529e-01 8.20372873e-01 7.64648974e-01 7.24103176e-01 6.66756344e-01 6.13082030e-01 5.64168155e-01 5.08697604e-01 4.62943185e-01 4.16888789e-01 3.72174153e-01 3.32586059e-01 2.90132770e-01 2.60734313e-01 2.31137383e-01 1.97460159e-01
 4.46901000e+02 4.28286943e+00 3.39933196e+00 2.94980118e+00 2.61112420e+00 2.41355474e+00 2.05205666e+00 1.78841590e+00 1.58921630e+00 1.33418029e+00 1.16367587e+00 1.02361440e+00 9.61455525e-01 9.46679736e-01 9.49172879e-01 9.86102431e-01 9.82797397e-01 9.92091326e-01 1.00229014e+00 9.96098403e-01 9.88300072e-01 9.69501395e-01 9.58837561e-01 9.38332001e-01 8.96600154e-01 8.81575340e-01 8.41804002e-01 7.93188965e-01 7.43912918e-01 6.86766301e-01 6.35345548e-01 5.86336214e-01 5.34931211e-01 4.88919821e-01 4.40927986e-01 3.95934321e-01 3.56481446e-01 3.14200556e-01 2.84937914e-01 2.51098495e-01 2.22444701e-01
 4.50901000e+02 3.85470673e+00 3.15288464e+00 2.85204990e+00 2.56368958e+00 2.33378253e+00 2.02854393e+00 1.76005012e+00 1.58063162e+00 1.34433264e+00 1.14182051e+00 1.01412423e+00 9.38508287e-01 9.19507127e-01 9.24323080e-01 9.48048975e-01 9.58381026e-01 9.60684318e-01 9.74403287e-01 9.82324947e-01 9.71066902e-01 9.48481361e-01 9.29828341e-01 9.16038656e-01 9.06869911e-01 8.80178865e-01 8.43458069e-01 7.95999508e-01 7.52111205e-01 6.96149825e-01 6.45975772e-01 5.96883267e-01 5.48859496e-01 5.02497085e-01 4.53060695e-01 4.11988684e-01 3.73344777e-01 3.40381757e-01 2.98866058e-01 2.69769157e-01 2.38991101e-01
 4.54901000e+02 3.83154902e+00 3.14785121e+00 2.85397804e+00 2.52550497e+00 2.33228050e+00 2.02588250e+00 1.77373828e+00 1.58436963e+00 1.33869154e+00 1.15147996e+00 1.00752453e+00 9.25639767e-01 9.08796089e-01 9.15075659e-01 9.28322209e-01 9.39251801e-01 9.36559015e-01 9.49235924e-01 9.55088637e-01 9.52571266e-01 9.45341198e-01 9.36036066e-01 9.18677412e-01 8.99119186e-01 8.82451886e-01 8.57446475e-01 8.02851926e-01 7.59784525e-01 7.14260104e-01 6.56649078e-01 6.07421466e-01 5.59021833e-01 5.12448748e-01 4.68292801e-01 4.21602882e-01 3.85580857e-01 3.47394801e-01 3.17263524e-01 2.81885332e-01 2.52640994e-01
 4.58901000e+02 3.96207408e+00 3.18108279e+00 2.81984029e+00 2.49540191e+00 2.34277341e+00 2.02435199e+00 1.77507531e+00 1.58511005e+00 1.33625935e+00 1.14026919e+00 1.01387059e+00 9.33685458e-01 9.06173179e-01 9.02761642e-01 9.16096319e-01 9.12333366e-01 9.14988342e-01 9.25769532e-01 9.29628566e-01 9.27032949e-01 9.15940551e-01 9.13145867e-01 9.06836303e-01 8.91299314e-01 8.75172757e-01 8.49735611e-01 8.05639450e-01 7.64025034e-01 7.17239980e-01 6.62086942e-01 6.14258618e-01 5.67636338e-01 5.20285151e-01 4.74662801e-01 4.32983337e-01 3.97933899e-01 3.60689780e-01 3.30478324e-01 2.95933620e-01 2.65661281e-01
 4.62901000e+02 3.90066039e+00 3.13280400e+00 2.78178863e+00 2.50188983e+00 2.32354935e+00 2.01313355e+00 1.75018977e+00 1.58051403e+00 1.33349627e+00 1.14762174e+00 9.89687518e-01 9.18835143e-01 8.87470582e-01 8.79488952e-01 8.89137002e-01 8.91852832e-01 8.88443370e-01 8.93533749e-01 8.95530588e-01 8.94654810e-01 8.86241624e-01 8.88642847e-01 8.88010070e-01 8.73629092e-01 8.61897089e-01 8.36879645e-01 7.93876863e-01 7.56002894e-01 7.05383636e-01 6.55589768e-01 6.14487727e-01 5.69975910e-01 5.20604328e-01 4.77389899e-01 4.37872615e-01 4.01818482e-01 3.70421431e-01 3.38930328e-01 3.02346550e-01 2.74895132e-01
 4.66901000e+02 3.83969019e+00 3.07890309e+00 2.76367193e+00 2.47771028e+00 2.26661890e+00 1.98223808e+00 1.74244155e+00 1.58355167e+00 1.32979417e+00 1.13171988e+00 9.94742351e-01 8.98861220e-01 8.73551433e-01 8.60405591e-01 8.62722218e-01 8.66463656e-01 8.53951163e-01 8.63177355e-01 8.72035722e-01 8.58858821e-01 8.55748494e-01 8.57633094e-01 8.64407718e-01 8.51909878e-01 8.34125660e-01 8.15262013e-01 7.70683864e-01 7.46675185e-01 6.99631658e-01 6.51255322e-01 6.09503291e-01 5.63441575e-01 5.20421368e-01 4.79191545e-01 4.44617801e-01 4.07050011e-01 3.75165328e-01 3.44750977e-01 3.15054263e-01 2.87962626e-01
 4.70901000e+02 3.77937173e+00 3.05368742e+00 2.72247742e+00 2.45036204e+00 2.28485249e+00 1.90160577e+00 1.74977367e+00 1.55257959e+00 1.31750985e+00 1.11600772e+00 9.85776619e-01 9.00047491e-01 8.61484761e-01 8.41937032e-01 8.53194323e-01 8.37390468e-01 8.29672846e-01 8.22262023e-01 8.34636242e-01 8.32149983e-01 8.33068868e-01 8.41996705e-01 8.31687685e-01 8.26441324e-01 8.21818837e-01 8.00230587e-01 7.59285248e-01 7.29899993e-01 6.84108462e-01 6.42023441e-01 6.06466929e-01 5.59902465e-01 5.19062495e-01 4.80741002e-01 4.43561987e-01 4.04537428e-01 3.82823939e-01 3.49412586e-01 3.23614575e-01 2.94366769e-01
 4.74901000e+02 3.71941524e+00 3.02871220e+00 2.69644307e+00 2.42143168e+00 2.24200369e+00 1.52888083e+00 1.71736006e+00 1.53175448e+00 1.30323543e+00 1.10146369e+00 9.71282138e-01 8.81731902e-01 8.39921483e-01 8.31229998e-01 8.28333655e-01 8.13131659e-01 7.98256625e-01 7.99210797e-01 8.06870552e-01 8.02716824e-01 8.07677515e-01 8.05490647e-01 8.03504168e-01 8.04237360e-01 7.89559710e-01 7.73297328e-01 7.40783295e-01 7.18328307e-01 6.75185154e-01 6.32446570e-01 5.91663207e-01 5.54632626e-01 5.11896485e-01 4.75448001e-01 4.40880595e-01 4.08510536e-01 3.79271971e-01 3.50390638e-01 3.20173914e-01 2.98874301e-01
 4.78901000e+02 3.65883161e+00 3.00317016e+00 2.69983328e+00 2.40737677e+00 2.22895218e+00 1.93567666e+00 1.69133344e+00 1.51441952e+00 1.29442306e+00 1.09095827e+00 9.44619033e-01 8.69027194e-01 8.35748708e-01 8.10725268e-01 8.06988933e-01 7.86284744e-01 7.68738076e-01 7.77135908e-01 7.75265976e-01 7.76430472e-01 7.82191560e-01 7.77298591e-01 7.75482851e-01 7.75566528e-01 7.63002522e-01 7.50397990e-01 7.19826545e-01 6.96312714e-01 6.59186573e-01 6.14534500e-01 5.83741948e-01 5.42018901e-01 5.07517737e-01 4.69522025e-01 4.37478784e-01 4.07077230e-01 3.78907745e-01 3.54855138e-01 3.28130265e-01 3.03450866e-01
 4.82901000e+02 3.59980042e+00 2.97884987e+00 2.69740795e+00 2.35117055e+00 2.17771593e+00 1.90236793e+00 1.64612012e+00 1.50006958e+00 1.27891245e+00 1.06793498e+00 9.40834648e-01 8.51954123e-01 8.20409388e-01 7.96078595e-01 7.81222605e-01 7.55580181e-01 7.45395949e-01 7.48197871e-01 7.47327634e-01 7.46684823e-01 7.47159526e-01 7.47071297e-01 7.49008384e-01 7.47652131e-01 7.38003808e-01 7.21840055e-01 6.94703332e-01 6.78349923e-01 6.39563572e-01 6.02988770e-01 5.71710476e-01 5.34875694e-01 5.01303525e-01 4.66174078e-01 4.35440848e-01 4.02942454e-01 3.74911344e-01 3.53929127e-01 3.27036692e-01 3.05102487e-01
 4.86901000e+02 3.54071075e+00 2.97883367e+00 2.66637843e+00 2.34098246e+00 2.21771860e+00 1.89582151e+00 1.67180068e+00 1.50639028e+00 1.27419395e+00 1.07112548e+00 9.34110058e-01 8.41118459e-01 8.10201250e-01 7.85629647e-01 7.79634331e-01 7.45837245e-01 7.29861528e-01 7.21454692e-01 7.22084943e-01 7.17248147e-01 7.18808836e-01 7.24043590e-01 7.25395308e-01 7.23215678e-01 7.15072880e-01 7.08363291e-01 6.77827301e-01 6.61593438e-01 6.27382464e-01 5.88629430e-01 5.63816652e-01 5.29810215e-01 4.94586322e-01 4.62085546e-01 4.33322410e-01 4.06264128e-01 3.84105409e-01 3.52326405e-01 3.32396836e-01 3.08104560e-01
 4.90901000e+02 3.48180445e+00 2.98304819e+00 2.63546208e+00 2.36833251e+00 2.11909489e+00 1.83108881e+00 1.63374061e+00 1.47118844e+00 1.24509713e+00 1.05266381e+00 9.24800417e-01 8.35367915e-01 7.86059848e-01 7.54722358e-01 7.46722649e-01 7.20832996e-01 7.04605396e-01 6.95098900e-01 6.95095376e-01 6.94682611e-01 6.87761666e-01 6.91945952e-01 6.85473511e-01 6.93127964e-01 6.91538131e-01 6.74690964e-01 6.51237037e-01 6.30702793e-01 6.00798448e-01 5.74606244e-01 5.48238706e-01 5.14280259e-01 4.80831126e-01 4.54773018e-01 4.24401125e-01 3.99975590e-01 3.76453452e-01 3.50076755e-01 3.30361815e-01 3.12428103e-01
 4.94901000e+02 3.42344963e+00 2.97013708e+00 2.65315803e+00 2.38216354e+00 2.08431706e+00 1.82699210e+00 1.59047764e+00 1.45299827e+00 1.22743763e+00 1.02852017e+00 9.08279982e-01 8.22329610e-01 7.70641753e-01 7.46029596e-01 7.29807121e-01 6.99455619e-01 6.80845177e-01 6.68135659e-01 6.65573411e-01 6.56369989e-01 6.60016490e-01 6.60873127e-01 6.62072404e-01 6.61267619e-01 6.58249823e-01 6.50090880e-01 6.26659570e-01 6.10558649e-01 5.76966351e-01 5.54465268e-01 5.33916976e-01 4.98478576e-01 4.69512753e-01 4.44000303e-01 4.14212836e-01 3.90764436e-01 3.66737008e-01 3.44972551e-01 3.27236925e-01 3.07363560e-01
 4.98901000e+02 3.36487978e+00 2.95667652e+00 2.65475332e+00 2.34664131e+00 2.03262949e+00 1.77707565e+00 1.58183782e+00 1.41743191e+00 1.21402811e+00 1.01992026e+00 8.85421633e-01 7.90193153e-01 7.49945213e-01 7.31392112e-01 7.14869464e-01 6.80694014e-01 6.54341998e-01 6.44364061e-01 6.34768675e-01 6.33078855e-01 6.33633525e-01 6.33816622e-01 6.37128668e-01 6.36718864e-01 6.31147528e-01 6.20688668e-01 5.96107547e-01 5.93620128e-01 5.60360251e-01 5.34255821e-01 5.18062075e-01 4.86178853e-01 4.56703113e-01 4.35688784e-01 4.08543738e-01 3.88284544e-01 3.62216466e-01 3.41635048e-01 3.23863740e-01 3.06180016e-01
 5.02901000e+02 3.30692374e+00 2.93093405e+00 2.56123654e+00 2.21241389e+00 1.98018441e+00 1.76836311e+00 1.56835922e+00 1.41783150e+00 1.18781291e+00 1.01258456e+00 8.90370517e-01 7.96706567e-01 7.49514345e-01 7.18589585e-01 6.96851678e-01 6.70179176e-01 6.41124940e-01 6.25797381e-01 6.19730862e-01 6.15407816e-01 6.14181015e-01 6.11880456e-01 6.10274226e-01 6.12420360e-01 6.14338038e-01 6.04499597e-01 5.75792389e-01 5.72154855e-01 5.44314426e-01 5.19862704e-01 5.05560099e-01 4.75076957e-01 4.53311176e-01 4.30107578e-01 4.01991027e-01 3.77486724e-01 3.58997264e-01 3.41388080e-01 3.22321742e-01 3.03445491e-01
 5.06901000e+02 3.35178374e+00 2.76664824e+00 2.41231409e+00 2.18742335e+00 1.96129621e+00 1.74656950e+00 1.57677821e+00 1.40029517e+00 1.18225044e+00 1.01420681e+00 8.80746485e-01 7.80921258e-01 7.36414710e-01 7.08880551e-01 6.78819799e-01 6.61489054e-01 6.25740532e-01 6.15675781e-01 6.06331148e-01 5.93243686e-01 5.96895567e-01 5.89655229e-01 5.91268925e-01 5.98192686e-01 5.93151161e-01 5.89767252e-01 5.67481368e-01 5.53780248e-01 5.37293531e-01 5.11021883e-01 4.93587723e-01 4.67067049e-01 4.44527560e-01 4.21686922e-01 3.97479883e-01 3.77116363e-01 3.57625673e-01 3.38289624e-01 3.22119701e-01 3.07455461e-01
 5.10901000e+02 3.27321075e+00 2.63455483e+00 2.37616254e+00 2.13471520e+00 1.92911282e+00 1.75208178e+00 1.56497560e+00 1.38013588e+00 1.16673518e+00 9.73278865e-01 8.58572792e-01 7.78018529e-01 7.28571410e-01 6.86509334e-01 6.72151681e-01 6.34834898e-01 5.98834763e-01 5.89086814e-01 5.82350991e-01 5.71801390e-01 5.68692576e-01 5.66762333e-01 5.67818828e-01 5.70005956e-01 5.65947142e-01 5.58064259e-01 5.41627526e-01 5.37687954e-01 5.05685314e-01 4.89202343e-01 4.75853346e-01 4.52709206e-01 4.27173440e-01 4.05930910e-01 3.87838186e-01 3.66614529e-01 3.50604738e-01 3.32743775e-01 3.18798172e-01 2.98565483e-01
 5.14901000e+02 3.28448967e+00 2.52120536e+00 2.31555661e+00 2.11001022e+00 1.91740731e+00 1.72888614e+00 1.54096587e+00 1.35275036e+00 1.13066336e+00 9.53681863e-01 8.25353035e-01 7.54312514e-01 7.07485393e-01 6.63327799e-01 6.50110707e-01 6.17386269e-01 5.77623815e-01 5.64111531e-01 5.49627228e-01 5.45226040e-01 5.41240676e-01 5.39425192e-01 5.42349138e-01 5.39572342e-01 5.42425678e-01 5.29837165e-01 5.16192710e-01 5.07002819e-01 4.83256178e-01 4.66703339e-01 4.55335161e-01 4.38944088e-01 4.11727928e-01 3.98120909e-01 3.76315368e-01 3.53862324e-01 3.43452378e-01 3.25490721e-01 3.09424709e-01 2.91076917e-01
 5.18901000e+02 3.17393179e+00 2.52344594e+00 2.27946497e+00 2.07736384e+00 1.88328886e+00 1.69165671e+00 1.49434991e+00 1.29966092e+00 1.10825897e+00 9.38392638e-01 8.17642915e-01 7.22477096e-01 6.76824582e-01 6.60629068e-01 6.26164484e-01 5.98965172e-01 5.61005745e-01 5.43509403e-01 5.34692581e-01 5.23582108e-01 5.14599775e-01 5.10965388e-01 5.11800848e-01 5.16512320e-01 5.19085240e-01 5.11066862e-01 4.96990118e-01 4.86920887e-01 4.67236829e-01 4.51884134e-01 4.38303193e-01 4.22388419e-01 3.97559973e-01 3.81084543e-01 3.61248442e-01 3.47308794e-01 3.30792303e-01 3.15519493e-01 2.98189582e-01 2.85388226e-01
 5.22901000e+02 3.05471433e+00 2.48914156e+00 2.24815448e+00 2.03891037e+00 1.83608784e+00 1.63872845e+00 1.44348770e+00 1.25157481e+00 1.07446407e+00 9.05961770e-01 7.90509531e-01 7.02614701e-01 6.64558175e-01 6.31238344e-01 6.15287869e-01 5.78698482e-01 5.40559231e-01 5.25244851e-01 5.12812003e-01 5.09216948e-01 4.97433102e-01 4.95539763e-01 4.90805896e-01 4.94119856e-01 4.92055787e-01 4.84849678e-01 4.72107921e-01 4.68672570e-01 4.50752897e-01 4.33004316e-01 4.23392833e-01 4.02255655e-01 3.81938424e-01 3.69506229e-01 3.49879426e-01 3.34066188e-01 3.20029346e-01 3.02713676e-01 2.92349156e-01 2.81756517e-01
 5.26901000e+02 2.96556816e+00 2.42135392e+00 2.17623532e+00 1.99154309e+00 1.79050807e+00 1.59399846e+00 1.41161178e+00 1.23160074e+00 1.05486141e+00 8.83006315e-01 7.71296202e-01 6.84011917e-01 6.44513363e-01 6.11542324e-01 6.06289869e-01 5.58101484e-01 5.18483378e-01 5.01087937e-01 4.93248612e-01 4.77329952e-01 4.71257475e-01 4.70715674e-01 4.67491844e-01 4.71732089e-01 4.68227161e-01 4.60766729e-01 4.48393393e-01 4.43621841e-01 4.26303501e-01 4.15219120e-01 4.05449478e-01 3.88416429e-01 3.68447354e-01 3.50766713e-01 3.35303062e-01 3.19573464e-01 3.12682471e-01 2.93347055e-01 2.84712287e-01 2.74671071e-01
 5.30901000e+02 2.95085761e+00 2.36251359e+00 2.15553907e+00 1.93643961e+00 1.75709859e+00 1.57295901e+00 1.39073735e+00 1.21091782e+00 1.04065666e+00 8.75335001e-01 7.47276537e-01 6.57972733e-01 6.17296765e-01 5.94988272e-01 5.56102020e-01 5.29665277e-01 5.00069715e-01 4.81112963e-01 4.68122213e-01 4.56287614e-01 4.45256909e-01 4.47227824e-01 4.42705581e-01 4.43212623e-01 4.43765147e-01 4.37718959e-01 4.22613576e-01 4.21080666e-01 4.11778594e-01 3.91728077e-01 3.81495156e-01 3.70791529e-01 3.52653013e-01 3.31774550e-01 3.21572101e-01 3.05071644e-01 2.95733787e-01 2.82863465e-01 2.70762937e-01 2.59508761e-01
 5.34901000e+02 2.65875061e+00 2.28389571e+00 2.02861609e+00 1.82908834e+00 1.73513496e+00 1.55130482e+00 1.37559305e+00 1.20311005e+00 1.03322647e+00 8.66028330e-01 7.17616484e-01 6.18528183e-01 5.86620452e-01 5.58021369e-01 5.46743092e-01 5.06371572e-01 4.69953647e-01 4.52309065e-01 4.40476451e-01 4.25399524e-01 4.19544061e-01 4.14770090e-01 4.15944185e-01 4.17067146e-01 4.16972657e-01 4.08821460e-01 3.96522641e-01 3.96295034e-01 3.85469830e-01 3.73019617e-01 3.63921056e-01 3.46842691e-01 3.32272024e-01 3.21924967e-01 3.04356790e-01 2.91946208e-01 2.81353453e-01 2.68796376e-01 2.56594411e-01 2.49240908e-01
 5.38901000e+02 2.92660381e+00 2.28719578e+00 2.08249383e+00 1.84736609e+00 1.71000367e+00 1.53396885e+00 1.35736884e+00 1.18308291e+00 1.02545515e+00 8.76400188e-01 7.31493675e-01 6.16998495e-01 5.80604914e-01 5.46758440e-01 5.39762231e-01 4.98982582e-01 4.57614306e-01 4.41532571e-01 4.36356962e-01 4.14408202e-01 4.08783498e-01 4.02356092e-01 3.97142876e-01 3.99305394e-01 4.05698784e-01 3.97839225e-01 3.79992647e-01 3.86069190e-01 3.72102055e-01 3.61802016e-01 3.50979762e-01 3.40678257e-01 3.23128150e-01 3.11008610e-01 2.96644366e-01 2.88803327e-01 2.77418936e-01 2.64649652e-01 2.54212349e-01 2.47845925e-01
 5.42901000e+02 3.07073655e+00 2.38089631e+00 2.08502721e+00 1.84817056e+00 1.74461342e+00 1.51169489e+00 1.34858495e+00 1.18346619e+00 1.01772457e+00 8.56117026e-01 7.22883244e-01 6.09480412e-01 5.72553085e-01 5.49234178e-01 5.31259501e-01 4.88542979e-01 4.53412466e-01 4.32439062e-01 4.21299357e-01 4.03214113e-01 3.89919346e-01 3.93748012e-01 3.94123203e-01 3.87451434e-01 3.88376001e-01 3.85292874e-01 3.74552717e-01 3.74676685e-01 3.56979425e-01 3.45516077e-01 3.38021338e-01 3.29175129e-01 3.16811149e-01 3.03799373e-01 2.86264477e-01 2.78700739e-01 2.70886433e-01 2.52039349e-01 2.47869005e-01 2.40865085e-01
 5.46901000e+02 2.73373582e+00 2.26737534e+00 1.96230238e+00 1.78109126e+00 1.63899792e+00 1.44013451e+00 1.27597866e+00 1.10825620e+00 9.66690863e-01 8.45177471e-01 7.27038387e-01 6.11742736e-01 5.45549464e-01 5.22921648e-01 5.01403056e-01 4.58060373e-01 4.26824619e-01 4.10298118e-01 3.98917236e-01 3.79220586e-01 3.73214880e-01 3.68961255e-01 3.65037454e-01 3.63880288e-01 3.65663371e-01 3.59870495e-01 3.51364243e-01 3.51277956e-01 3.38648052e-01 3.28889984e-01 3.24138226e-01 3.10863581e-01 2.95430631e-01 2.84699476e-01 2.74106863e-01 2.62441391e-01 2.55774349e-01 2.43686810e-01 2.34588787e-01 2.27135431e-01
 5.50901000e+02 2.74363311e+00 2.27836948e+00 1.93857679e+00 1.75906712e+00 1.66127272e+00 1.38615602e+00 1.21733045e+00 1.08701105e+00 9.58817526e-01 8.33735563e-01 7.20079552e-01 6.18602015e-01 5.28226524e-01 5.03621267e-01 4.77658489e-01 4.48476853e-01 4.07226391e-01 3.91441456e-01 3.78630173e-01 3.71109360e-01 3.59327602e-01 3.50906524e-01 3.47962966e-01 3.46315482e-01 3.53281303e-01 3.44219001e-01 3.27549319e-01 3.33259039e-01 3.20377704e-01 3.14747421e-01 3.10285186e-01 2.91912854e-01 2.84765462e-01 2.70951148e-01 2.63017398e-01 2.52887803e-01 2.43124018e-01 2.37974545e-01 2.27028650e-01 2.19187924e-01
 5.54901000e+02 2.68382417e+00 2.16220868e+00 1.95934844e+00 1.72455364e+00 1.60960017e+00 1.35901455e+00 1.16783942e+00 1.06495574e+00 9.44601959e-01 8.37558965e-01 7.33483036e-01 6.27694773e-01 5.28533520e-01 4.76403098e-01 4.57140797e-01 4.26160701e-01 3.79819968e-01 3.70966536e-01 3.58757578e-01 3.46340614e-01 3.40081001e-01 3.39049124e-01 3.27800478e-01 3.33406509e-01 3.31587890e-01 3.25609486e-01 3.12640299e-01 3.16588138e-01 3.04527610e-01 2.98087161e-01 2.90047962e-01 2.79000724e-01 2.68969600e-01 2.60579639e-01 2.46795920e-01 2.39122793e-01 2.30542680e-01 2.22059641e-01 2.13601793e-01 2.05554812e-01
 5.58901000e+02 2.61334348e+00 2.11211515e+00 1.90700287e+00 1.68664783e+00 1.54971392e+00 1.34286237e+00 1.16467700e+00 1.04807675e+00 9.33153847e-01 8.20983547e-01 7.16075771e-01 6.23736760e-01 5.34067545e-01 4.55121676e-01 4.40288920e-01 4.00498072e-01 3.65474524e-01 3.52040542e-01 3.42133192e-01 3.31937378e-01 3.21373206e-01 3.18877863e-01 3.13841929e-01 3.16619749e-01 3.14667508e-01 3.08801727e-01 2.96716228e-01 2.95693429e-01 2.89890034e-01 2.83394083e-01 2.75658631e-01 2.63611793e-01 2.54827058e-01 2.50356853e-01 2.36965587e-01 2.28535345e-01 2.16920737e-01 2.10304445e-01 2.01815953e-01 1.95234046e-01
 5.62901000e+02 2.77152466e+00 2.16414718e+00 1.94612880e+00 1.67534874e+00 1.53355738e+00 1.31154229e+00 1.12392266e+00 1.02062787e+00 9.13531099e-01 8.12539936e-01 7.04235452e-01 5.98510249e-01 5.00845564e-01 4.53144944e-01 4.27139184e-01 3.93036494e-01 3.62268449e-01 3.38827747e-01 3.28990524e-01 3.12275890e-01 3.04463838e-01 3.00713838e-01 2.96870097e-01 3.01763936e-01 2.99413860e-01 2.94700683e-01 2.80787080e-01 2.79791472e-01 2.72221730e-01 2.65007665e-01 2.63120834e-01 2.51383483e-01 2.42195181e-01 2.36953798e-01 2.25087626e-01 2.16444838e-01 2.09368221e-01 2.08474831e-01 1.95075919e-01 1.88691877e-01
 5.66901000e+02 2.39774054e+00 1.99934086e+00 1.76989884e+00 1.56958355e+00 1.47766519e+00 1.25362657e+00 1.08023178e+00 9.72925945e-01 8.32333121e-01 7.22277732e-01 6.19173918e-01 5.46075248e-01 4.96322075e-01 4.61265850e-01 4.12248421e-01 3.63539395e-01 3.38027876e-01 3.21089149e-01 3.03070934e-01 2.87389797e-01 2.82892756e-01 2.79761164e-01 2.77908086e-01 2.74592788e-01 2.74490334e-01 2.71659375e-01 2.58483736e-01 2.61885572e-01 2.50268774e-01 2.48895332e-01 2.43907596e-01 2.30017358e-01 2.20847328e-01 2.15314404e-01 2.08439718e-01 2.00519332e-01 1.95542643e-01 1.85172531e-01 1.78144047e-01 1.73958242e-01
 5.70901000e+02 2.62405565e+00 1.98754672e+00 1.78062530e+00 1.59078505e+00 1.46886658e+00 1.20184088e+00 1.06615742e+00 9.59765745e-01 7.73945261e-01 6.67047307e-01 5.92662892e-01 5.40681201e-01 4.94484508e-01 4.44177981e-01 3.95410543e-01 3.54327268e-01 3.22073778e-01 3.09816417e-01 2.94472523e-01 2.74454682e-01 2.76257651e-01 2.65845657e-01 2.65839436e-01 2.64056060e-01 2.63295232e-01 2.55432580e-01 2.48480719e-01 2.49504060e-01 2.41925356e-01 2.36472457e-01 2.33248102e-01 2.16894538e-01 2.11799152e-01 2.09607179e-01 1.98420133e-01 1.89616590e-01 1.87896639e-01 1.81455483e-01 1.74621685e-01 1.70054406e-01
 5.74901000e+02 2.60291259e+00 1.98920512e+00 1.77933888e+00 1.57282535e+00 1.41942724e+00 1.20675594e+00 1.05594928e+00 9.30997933e-01 7.55109532e-01 6.40177157e-01 5.81550802e-01 5.26577070e-01 4.63165887e-01 4.01481461e-01 3.69729031e-01 3.40370863e-01 3.08165549e-01 2.91822523e-01 2.74265958e-01 2.70968306e-01 2.61102569e-01 2.55797509e-01 2.51213381e-01 2.46994351e-01 2.47835484e-01 2.44581657e-01 2.35052901e-01 2.34212949e-01 2.28183583e-01 2.22730735e-01 2.20432342e-01 2.10838019e-01 2.01558604e-01 1.96787817e-01 1.83657761e-01 1.82803414e-01 1.78839330e-01 1.69874645e-01 1.65708043e-01 1.60362480e-01
 5.78901000e+02 2.56469360e+00 2.02423596e+00 1.75801509e+00 1.54853599e+00 1.42539529e+00 1.17922852e+00 1.00331497e+00 9.14174219e-01 7.26716838e-01 5.87520431e-01 5.31600571e-01 4.67198746e-01 4.17374851e-01 3.86410661e-01 3.56103160e-01 3.21847644e-01 2.96643442e-01 2.76665516e-01 2.64372026e-01 2.54804297e-01 2.44029144e-01 2.43212066e-01 2.34103940e-01 2.36281629e-01 2.31952239e-01 2.30793520e-01 2.21626878e-01 2.24185000e-01 2.15959237e-01 2.07122042e-01 2.08911575e-01 1.96409835e-01 1.89359019e-01 1.82526461e-01 1.74740579e-01 1.71807834e-01 1.66303101e-01 1.60493612e-01 1.54000083e-01 1.47929041e-01
 5.82901000e+02 2.42256141e+00 1.97749620e+00 1.73819323e+00 1.52040068e+00 1.39931382e+00 1.13367233e+00 9.55830086e-01 8.84705070e-01 7.09875238e-01 5.49615326e-01 4.71383479e-01 4.32280870e-01 3.94580432e-01 3.57884213e-01 3.25752473e-01 2.96604530e-01 2.68246661e-01 2.60441148e-01 2.51363119e-01 2.32873966e-01 2.28249084e-01 2.23888507e-01 2.18872206e-01 2.23039522e-01 2.21982132e-01 2.16765226e-01 2.06983574e-01 2.09720306e-01 1.96140963e-01 1.92022507e-01 1.93192210e-01 1.85138655e-01 1.73690285e-01 1.70552554e-01 1.65061743e-01 1.60624137e-01 1.55723325e-01 1.49880799e-01 1.44010346e-01 1.36674595e-01
 5.86901000e+02 2.50157818e+00 1.99698172e+00 1.71276464e+00 1.51268711e+00 1.36310635e+00 1.13944301e+00 9.51815398e-01 8.60402803e-01 6.77755941e-01 5.63878976e-01 4.54583064e-01 3.96999808e-01 3.60304299e-01 3.29755614e-01 3.00325241e-01 2.71978098e-01 2.54524264e-01 2.48642525e-01 2.37003970e-01 2.21452132e-01 2.18003875e-01 2.12542128e-01 2.07602171e-01 2.11820735e-01 2.09253825e-01 2.04286997e-01 1.95807960e-01 1.99209838e-01 1.92896259e-01 1.80179505e-01 1.78626331e-01 1.70910277e-01 1.66874942e-01 1.65015440e-01 1.57165729e-01 1.52518766e-01 1.46846492e-01 1.40352261e-01 1.37955705e-01 1.32414625e-01
 5.90901000e+02 2.43651258e+00 1.89154384e+00 1.70907751e+00 1.45229694e+00 1.37125429e+00 1.11417141e+00 9.39807198e-01 8.41690503e-01 6.64467240e-01 5.32563406e-01 4.31055600e-01 3.65344309e-01 3.34815441e-01 3.05096890e-01 2.79924401e-01 2.64448014e-01 2.49391044e-01 2.34971448e-01 2.27965509e-01 2.11814469e-01 2.06715359e-01 2.01613876e-01 2.00656135e-01 1.98959340e-01 1.97503028e-01 1.96411115e-01 1.84258607e-01 1.87542950e-01 1.79194771e-01 1.73589567e-01 1.70994156e-01 1.65035832e-01 1.53883171e-01 1.51843068e-01 1.43505569e-01 1.44421558e-01 1.37682151e-01 1.35824018e-01 1.28574963e-01 1.26835103e-01
 5.94901000e+02 2.51768992e+00 1.86559243e+00 1.67902459e+00 1.45204364e+00 1.30757806e+00 1.08151676e+00 9.26444776e-01 8.28019896e-01 6.43982860e-01 5.12766647e-01 4.12424177e-01 3.41898561e-01 3.10099898e-01 2.90481039e-01 2.75150762e-01 2.60465179e-01 2.44973091e-01 2.28707785e-01 2.11690973e-01 2.04084589e-01 1.96226418e-01 1.89370168e-01 1.89242350e-01 1.88831234e-01 1.84868264e-01 1.83632412e-01 1.73553929e-01 1.75992783e-01 1.69216202e-01 1.63932467e-01 1.62876535e-01 1.53968814e-01 1.45392852e-01 1.42226226e-01 1.34414095e-01 1.33365282e-01 1.28025601e-01 1.24613176e-01 1.21132527e-01 1.16666832e-01
 5.98901000e+02 2.38872402e+00 1.89777335e+00 1.63613935e+00 1.42605148e+00 1.29320797e+00 1.06953247e+00 9.11749400e-01 8.14474553e-01 6.28113310e-01 4.94403684e-01 3.94435381e-01 3.26486477e-01 3.03008927e-01 2.87437028e-01 2.72383731e-01 2.55332952e-01 2.38621736e-01 2.21348108e-01 2.03916277e-01 1.91832671e-01 1.86303034e-01 1.78269753e-01 1.76738079e-01 1.84110316e-01 1.79382069e-01 1.76523605e-01 1.64061615e-01 1.66270806e-01 1.62310891e-01 1.55369569e-01 1.52970866e-01 1.44346867e-01 1.39131095e-01 1.35006619e-01 1.28200560e-01 1.25741375e-01 1.22707997e-01 1.17687786e-01 1.16521610e-01 1.11195641e-01
 6.02901000e+02 NA NA NA NA NA NA NA NA NA NA NA NA NA NA NA NA NA NA NA NA NA NA NA NA NA NA NA NA NA NA NA NA NA NA NA NA NA NA NA NA
 6.06901000e+02 NA NA NA NA NA NA NA NA NA NA NA NA NA NA NA NA NA NA NA NA NA NA NA NA NA NA NA NA NA NA NA NA NA NA NA NA NA NA NA NA
 6.10901000e+02 NA NA NA NA NA NA NA NA NA NA NA NA NA NA NA NA NA NA NA NA NA NA NA NA NA NA NA NA NA NA NA NA NA NA NA NA NA NA NA NA
 6.14901000e+02 NA NA NA NA NA NA NA NA NA NA NA NA NA NA NA NA NA NA NA NA NA NA NA NA NA NA NA NA NA NA NA NA NA NA NA NA NA NA NA NA
