NaN 600 596.73 593.46 590.19 586.92 583.65 580.38 577.11 573.84 570.57 567.3 564.03 560.76 557.49 554.22 550.95 547.68 544.41 541.14 537.87 534.6 531.33 528.06 524.79 521.52 518.25 514.98 511.71 508.44 505.17 501.9 498.63 495.36 492.09 488.82 485.55 482.28 479.01 475.74 472.47 469.2 465.93 462.66 459.39 456.12 452.85 449.58 446.31 443.04 439.77 436.5 433.23 429.96 426.69 423.42 420.15 416.88 413.61 410.34 407.07 403.8 400.53 397.26 393.99 390.72 387.45 384.18 380.91 377.64 374.37 371.1 367.83 364.56 361.29 358.02 354.75 351.48 348.21 344.94 341.67 338.4 335.13 331.86 328.59 325.32 322.05 318.78 315.51 312.24 308.97 305.7 302.43 299.16 295.89 292.62 289.35 286.08 282.81 279.54 276.27 273 269.73 266.46 263.19 259.92 256.65 253.38 250.11 246.84 243.57 240.3 237.03 233.76 230.49 227.22 223.95 220.68
NaN NaN NaN NaN NaN NaN NaN NaN NaN NaN NaN NaN NaN NaN NaN NaN NaN NaN NaN NaN NaN NaN NaN NaN NaN NaN NaN NaN NaN NaN NaN NaN NaN NaN NaN NaN NaN NaN NaN NaN NaN NaN NaN NaN NaN NaN NaN NaN NaN NaN NaN NaN NaN NaN NaN NaN NaN NaN NaN NaN NaN NaN NaN NaN NaN NaN NaN NaN NaN NaN NaN NaN NaN NaN NaN NaN NaN NaN NaN NaN NaN NaN NaN NaN NaN NaN NaN NaN NaN NaN NaN NaN NaN NaN NaN NaN NaN NaN NaN NaN NaN NaN NaN NaN NaN NaN NaN NaN NaN NaN NaN NaN NaN NaN NaN NaN NaN NaN
NaN NaN NaN NaN NaN NaN NaN NaN NaN NaN NaN NaN NaN NaN NaN NaN NaN NaN NaN NaN NaN NaN NaN NaN NaN NaN NaN NaN NaN NaN NaN NaN NaN NaN NaN NaN NaN NaN NaN NaN NaN NaN NaN NaN NaN NaN NaN NaN NaN NaN NaN NaN NaN NaN NaN NaN NaN NaN NaN NaN NaN NaN NaN NaN NaN NaN NaN NaN NaN NaN NaN NaN NaN NaN NaN NaN NaN NaN NaN NaN NaN NaN NaN NaN NaN NaN NaN NaN NaN NaN NaN NaN NaN NaN NaN NaN NaN NaN NaN NaN NaN NaN NaN NaN NaN NaN NaN NaN NaN NaN NaN NaN NaN NaN NaN NaN NaN NaN
210.901 0 0 0 0 0 0 0 0 0 0 0 0 0 0 0 0 0 0 0 0 0 0 0 0 0 0 0 0 0 0 0 0 0 0 0 0 0 0 0 0 0 0 0 0 0 0 0 0 0 0 0 0 0 0 0 0 0 0 0 0 0 0 0 0 0 0 0 0 0 0 0 0 0 0 0 0 0 0 0 0 0 0 0 0 0 0 0 0 0 0 0 0 0 0 0 0 0 0 0 0 0 0 0 0 0 0 0 0 0 0 0 0 0 0 0 0 0
214.065 0 0 0 0 0 0 0 0 0 0 0 0 0 0 0 0 0 0 0 0 0 0 0 0 0 0 0 0 0 0 0 0 0 0 0 0 0 0 0 0 0 0 0 0 0 0 0 0 0 0 0 0 0 0 0 0 0 0 0 0 0 0 0 0 0 0 0 0 0 0 0 0 0 0 0 0 0 0 0 0 0 0 0 0 0 0 0 0 0 0 0 0 0 0 0 0 0 0 0 0 0 0 0 0 0 0 0 0 0 0 0 0 0 0 0 0 0
217.232 0 0 0 0 0 0 0 0 0 0 0 0 0 0 0 0 0 0 0 0 0 0 0 0 0 0 0 0 0 0 0 0 0 0 0 0 0 0 0 0 0 0 0 0 0 0 0 0 0 0 0 0 0 0 0 0 0 0 0 0 0 0 0 0 0 0 0 0 0 0 0 0 0 0 0 0 0 0 0 0 0 0 0 0 0 0 0 0 0 0 0 0 0 0 0 0 0 0 0 0 0 0 0 0 0 0 0 0 0 0 0 0 0 0 0 0 0
220.402 0 0 0 0 0 0 0 0 0 0 0 0 0 0 0 0 0 0 0 0 0 0 0 0 0 0 0 0 0 0 0 0 0 0 0 0 0 0 0 0 0 0 0 0 0 0 0 0 0 0 0 0 0 0 0 0 0 0 0 0 0 0 0 0 0 0 0 0 0 0 0 0 0 0 0 0 0 0 0 0 0 0 0 0 0 0 0 0 0 0 0 0 0 0 0 0 0 0 0 0 0 0 0 0 0 0 0 0 0 0 0 0 0 0 0 0 0
223.574 0 0 0 0 0 0 0 0 0 0 0 0 0 0 0 0 0 0 0 0 0 0 0 0 0 0 0 0 0 0 0 0 0 0 0 0 0 0 0 0 0 0 0 0 0 0 0 0 0 0 0 0 0 0 0 0 0 0 0 0 0 0 0 0 0 0 0 0 0 0 0 0 0 0 0 0 0 0 0 0 0 0 0 0 0 0 0 0 0 0 0 0 0 0 0 0 0 0 0 0 0 0 0 0 0 0 0 0 0 0 0 0 0 0 0 0 0
226.748 0 0 0 0 0 0 0 0 0 0 0 0 0 0 0 0 0 0 0 0 0 0 0 0 0 0 0 0 0 0 0 0 0 0 0 0 0 0 0 0 0 0 0 0 0 0 0 0 0 0 0 0 0 0 0 0 0 0 0 0 0 0 0 0 0 0 0 0 0 0 0 0 0 0 0 0 0 0 0 0 0 0 0 0 0 0 0 0 0 0 0 0 0 0 0 0 0 0 0 0 0 0 0 0 0 0 0 0 0 0 0 0 0 0 0 0 0
229.925 0 0 0 0 0 0 0 0 0 0 0 0 0 0 0 0 0 0 0 0 0 0 0 0 0 0 0 0 0 0 0 0 0 0 0 0 0 0 0 0 0 0 0 0 0 0 0 0 0 0 0 0 0 0 0 0 0 0 0 0 0 0 0 0 0 0 0 0 0 0 0 0 0 0 0 0 0 0 0 0 0 0 0 0 0 0 0 0 0 0 0 0 0 0 0 0 0 0 0 0 0 0 0 0 0 0 0 0 0 0 0 0 0 0 0 0 0
233.104 0 0 0 0 0 0 0 0 0 0 0 0 0 0 0 0 0 0 0 0 0 0 0 0 0 0 0 0 0 0 0 0 0 0 0 0 0 0 0 0 0 0 0 0 0 0 0 0 0 0 0 0 0 0 0 0 0 0 0 0 0 0 0 0 0 0 0 0 0 0 0 0 0 0 0 0 0 0 0 0 0 0 0 0 0 0 0 0 0 0 0 0 0 0 0 0 0 0 0 0 0 0 0 0 0 0 0 0 0 0 0 0 0 0 0 0 -3.068308887
236.285 0 0 0 0 0 0 0 0 0 0 0 0 0 0 0 0 0 0 0 0 0 0 0 0 0 0 0 0 0 0 0 0 0 0 0 0 0 0 0 0 0 0 0 0 0 0 0 0 0 0 0 0 0 0 0 0 0 0 0 0 0 0 0 0 0 0 0 0 0 0 0 0 0 0 0 0 0 0 0 0 0 0 0 0 0 0 0 0 0 0 0 0 0 0 0 0 0 0 0 0 0 0 0 0 0 0 0 0 0 0 0 0 0 0 0 2.173979162 12.18685518
239.469 0 0 0 0 0 0 0 0 0 0 0 0 0 0 0 0 0 0 0 0 0 0 0 0 0 0 0 0 0 0 0 0 0 0 0 0 0 0 0 0 0 0 0 0 0 0 0 0 0 0 0 0 0 0 0 0 0 0 0 0 0 0 0 0 0 0 0 0 0 0 0 0 0 0 0 0 0 0 0 0 0 0 0 0 0 0 0 0 0 0 0 0 0 0 0 0 0 0 0 0 0 0 0 0 0 0 0 0 0 0 0 0 0 0 -1.930729 -0.442649004 -3.341142205
242.655 0 0 0 0 0 0 0 0 0 0 0 0 0 0 0 0 0 0 0 0 0 0 0 0 0 0 0 0 0 0 0 0 0 0 0 0 0 0 0 0 0 0 0 0 0 0 0 0 0 0 0 0 0 0 0 0 0 0 0 0 0 0 0 0 0 0 0 0 0 0 0 0 0 0 0 0 0 0 0 0 0 0 0 0 0 0 0 0 0 0 0 0 0 0 0 0 0 0 0 0 0 0 0 0 0 0 0 0 0 0 0 0 0 -0.061533727 0.842039825 -4.226005927 1.552089539
245.844 0 0 0 0 0 0 0 0 0 0 0 0 0 0 0 0 0 0 0 0 0 0 0 0 0 0 0 0 0 0 0 0 0 0 0 0 0 0 0 0 0 0 0 0 0 0 0 0 0 0 0 0 0 0 0 0 0 0 0 0 0 0 0 0 0 0 0 0 0 0 0 0 0 0 0 0 0 0 0 0 0 0 0 0 0 0 0 0 0 0 0 0 0 0 0 0 0 0 0 0 0 0 0 0 0 0 0 0 0 0 0 0 -0.031166867 0.750244402 0.266873403 7.411260377 -8.350634637
249.035 0 0 0 0 0 0 0 0 0 0 0 0 0 0 0 0 0 0 0 0 0 0 0 0 0 0 0 0 0 0 0 0 0 0 0 0 0 0 0 0 0 0 0 0 0 0 0 0 0 0 0 0 0 0 0 0 0 0 0 0 0 0 0 0 0 0 0 0 0 0 0 0 0 0 0 0 0 0 0 0 0 0 0 0 0 0 0 0 0 0 0 0 0 0 0 0 0 0 0 0 0 0 0 0 0 0 0 0 0 0 0 -0.077538229 -0.011772365 0.049535345 -0.379602854 3.291526049 -10.43201446
252.228 0 0 0 0 0 0 0 0 0 0 0 0 0 0 0 0 0 0 0 0 0 0 0 0 0 0 0 0 0 0 0 0 0 0 0 0 0 0 0 0 0 0 0 0 0 0 0 0 0 0 0 0 0 0 0 0 0 0 0 0 0 0 0 0 0 0 0 0 0 0 0 0 0 0 0 0 0 0 0 0 0 0 0 0 0 0 0 0 0 0 0 0 0 0 0 0 0 0 0 0 0 0 0 0 0 0 0 0 0 0 -0.015792999 0.051812036 0.084599342 -0.401027627 -0.639381952 -1.431742811 -16.82506875
255.423 0 0 0 0 0 0 0 0 0 0 0 0 0 0 0 0 0 0 0 0 0 0 0 0 0 0 0 0 0 0 0 0 0 0 0 0 0 0 0 0 0 0 0 0 0 0 0 0 0 0 0 0 0 0 0 0 0 0 0 0 0 0 0 0 0 0 0 0 0 0 0 0 0 0 0 0 0 0 0 0 0 0 0 0 0 0 0 0 0 0 0 0 0 0 0 0 0 0 0 0 0 0 0 0 0 0 0 0 0 0.002517082 0.008926389 0.004528051 -0.008838797 0.058197235 2.1054421 1.774289459 26.98197281
258.621 0 0 0 0 0 0 0 0 0 0 0 0 0 0 0 0 0 0 0 0 0 0 0 0 0 0 0 0 0 0 0 0 0 0 0 0 0 0 0 0 0 0 0 0 0 0 0 0 0 0 0 0 0 0 0 0 0 0 0 0 0 0 0 0 0 0 0 0 0 0 0 0 0 0 0 0 0 0 0 0 0 0 0 0 0 0 0 0 0 0 0 0 0 0 0 0 0 0 0 0 0 0 0 0 0 0 0 0 -0.007802834 -0.03333597 -0.05832767 -0.043995268 -0.245898546 -0.494051227 -0.793775536 -4.364279509 -5.506883467
261.821 0 0 0 0 0 0 0 0 0 0 0 0 0 0 0 0 0 0 0 0 0 0 0 0 0 0 0 0 0 0 0 0 0 0 0 0 0 0 0 0 0 0 0 0 0 0 0 0 0 0 0 0 0 0 0 0 0 0 0 0 0 0 0 0 0 0 0 0 0 0 0 0 0 0 0 0 0 0 0 0 0 0 0 0 0 0 0 0 0 0 0 0 0 0 0 0 0 0 0 0 0 0 0 0 0 0 0 -0.015157389 -0.036288571 -0.041793203 -0.080162618 -0.133579897 -0.293139372 -0.051167803 -0.195164775 -6.861212602 -21.66784449
265.023 0 0 0 0 0 0 0 0 0 0 0 0 0 0 0 0 0 0 0 0 0 0 0 0 0 0 0 0 0 0 0 0 0 0 0 0 0 0 0 0 0 0 0 0 0 0 0 0 0 0 0 0 0 0 0 0 0 0 0 0 0 0 0 0 0 0 0 0 0 0 0 0 0 0 0 0 0 0 0 0 0 0 0 0 0 0 0 0 0 0 0 0 0 0 0 0 0 0 0 0 0 0 0 0 0 0 0.002175163 0.006429223 -0.011792172 0.020119203 -0.032991324 -0.035653319 0.000116 0.156504112 0 -1.011276316 -6.715947196
268.228 0 0 0 0 0 0 0 0 0 0 0 0 0 0 0 0 0 0 0 0 0 0 0 0 0 0 0 0 0 0 0 0 0 0 0 0 0 0 0 0 0 0 0 0 0 0 0 0 0 0 0 0 0 0 0 0 0 0 0 0 0 0 0 0 0 0 0 0 0 0 0 0 0 0 0 0 0 0 0 0 0 0 0 0 0 0 0 0 0 0 0 0 0 0 0 0 0 0 0 0 0 0 0 0 0 0.008988709 0.005015754 0.004020288 0.020916789 -0.056856616 0.019671632 0.045836603 0.05744073 0.324640554 -0.031077569 2.77114048 10.21683227
271.434 0 0 0 0 0 0 0 0 0 0 0 0 0 0 0 0 0 0 0 0 0 0 0 0 0 0 0 0 0 0 0 0 0 0 0 0 0 0 0 0 0 0 0 0 0 0 0 0 0 0 0 0 0 0 0 0 0 0 0 0 0 0 0 0 0 0 0 0 0 0 0 0 0 0 0 0 0 0 0 0 0 0 0 0 0 0 0 0 0 0 0 0 0 0 0 0 0 0 0 0 0 0 0 0 0.012528782 -0.004195636 0.017078525 -0.002071593 0.001302042 -0.007519068 0.060280906 -0.054302365 0.156314687 -0.033816956 0.789080286 2.543580047 6.701700472
274.643 0 0 0 0 0 0 0 0 0 0 0 0 0 0 0 0 0 0 0 0 0 0 0 0 0 0 0 0 0 0 0 0 0 0 0 0 0 0 0 0 0 0 0 0 0 0 0 0 0 0 0 0 0 0 0 0 0 0 0 0 0 0 0 0 0 0 0 0 0 0 0 0 0 0 0 0 0 0 0 0 0 0 0 0 0 0 0 0 0 0 0 0 0 0 0 0 0 0 0 0 0 0 0 0.015313459 0.016705617 0.021330937 -0.004202891 -0.015595293 0.022722312 0.02846546 0.005118041 0.095010239 0.234621451 0.212979472 1.774960378 6.806327551 37.55334183
277.854 0 0 0 0 0 0 0 0 0 0 0 0 0 0 0 0 0 0 0 0 0 0 0 0 0 0 0 0 0 0 0 0 0 0 0 0 0 0 0 0 0 0 0 0 0 0 0 0 0 0 0 0 0 0 0 0 0 0 0 0 0 0 0 0 0 0 0 0 0 0 0 0 0 0 0 0 0 0 0 0 0 0 0 0 0 0 0 0 0 0 0 0 0 0 0 0 0 0 0 0 0 0 0.009514473 0.003775355 0.013394333 -0.012111548 -0.009566879 -0.016873946 0.024227606 -0.00710116 0.029728289 0.032084172 0.019473214 -0.163415739 0.229556498 -0.764846832 12.10253418
281.068 0 0 0 0 0 0 0 0 0 0 0 0 0 0 0 0 0 0 0 0 0 0 0 0 0 0 0 0 0 0 0 0 0 0 0 0 0 0 0 0 0 0 0 0 0 0 0 0 0 0 0 0 0 0 0 0 0 0 0 0 0 0 0 0 0 0 0 0 0 0 0 0 0 0 0 0 0 0 0 0 0 0 0 0 0 0 0 0 0 0 0 0 0 0 0 0 0 0 0 0 0 0.009801545 0.010579924 0.006508077 0.003766935 -0.006976629 -0.028873363 0.002014077 0.016912119 0.003435886 0.058680933 0.034465734 0.15762241 0.306798847 -0.874720483 1.712059912 -1.836307181
284.283 0 0 0 0 0 0 0 0 0 0 0 0 0 0 0 0 0 0 0 0 0 0 0 0 0 0 0 0 0 0 0 0 0 0 0 0 0 0 0 0 0 0 0 0 0 0 0 0 0 0 0 0 0 0 0 0 0 0 0 0 0 0 0 0 0 0 0 0 0 0 0 0 0 0 0 0 0 0 0 0 0 0 0 0 0 0 0 0 0 0 0 0 0 0 0 0 0 0 0 0 0.012318155 0.010672071 0.004032405 0.002902051 -0.003975625 -0.010836686 -0.014000583 0.009650015 -0.002097995 0.010474342 0.028767373 0.103633308 0.160356173 -0.015595967 2.171161237 6.776724983 3.71538215
287.501 0 0 0 0 0 0 0 0 0 0 0 0 0 0 0 0 0 0 0 0 0 0 0 0 0 0 0 0 0 0 0 0 0 0 0 0 0 0 0 0 0 0 0 0 0 0 0 0 0 0 0 0 0 0 0 0 0 0 0 0 0 0 0 0 0 0 0 0 0 0 0 0 0 0 0 0 0 0 0 0 0 0 0 0 0 0 0 0 0 0 0 0 0 0 0 0 0 0 0 0.012765763 0.012550688 0.008599987 0.010441484 0.0001 -0.017735744 0.005253299 0.000198 0.011133674 0.008595246 -0.007129898 0.023434143 -0.051275507 0.020956956 0.111063617 1.651615612 8.124933983 4.996916928
290.72 0 0 0 0 0 0 0 0 0 0 0 0 0 0 0 0 0 0 0 0 0 0 0 0 0 0 0 0 0 0 0 0 0 0 0 0 0 0 0 0 0 0 0 0 0 0 0 0 0 0 0 0 0 0 0 0 0 0 0 0 0 0 0 0 0 0 0 0 0 0 0 0 0 0 0 0 0 0 0 0 0 0 0 0 0 0 0 0 0 0 0 0 0 0 0 0 0 0 0.023027093 0.029900264 0.02654508 0.018879951 0.011057612 -0.002328013 0.00880553 0.012835458 0.013283512 0.020171699 0.02876173 0.024785027 0.076303693 0.093070646 0.297268775 0.229522553 0.815898946 -4.61169378 20.47057445
293.942 0 0 0 0 0 0 0 0 0 0 0 0 0 0 0 0 0 0 0 0 0 0 0 0 0 0 0 0 0 0 0 0 0 0 0 0 0 0 0 0 0 0 0 0 0 0 0 0 0 0 0 0 0 0 0 0 0 0 0 0 0 0 0 0 0 0 0 0 0 0 0 0 0 0 0 0 0 0 0 0 0 0 0 0 0 0 0 0 0 0 0 0 0 0 0 0 0 0.020321266 0.023507884 0.017285857 0.027251813 0.011331903 0.004583682 0.006092036 0.006321631 0.004245591 0.004813985 0.007212407 -0.003274406 -0.01093363 -0.004969332 -0.002712725 -0.023541971 -0.394774963 -0.601138639 -3.173166692 -17.46410461
297.166 0 0 0 0 0 0 0 0 0 0 0 0 0 0 0 0 0 0 0 0 0 0 0 0 0 0 0 0 0 0 0 0 0 0 0 0 0 0 0 0 0 0 0 0 0 0 0 0 0 0 0 0 0 0 0 0 0 0 0 0 0 0 0 0 0 0 0 0 0 0 0 0 0 0 0 0 0 0 0 0 0 0 0 0 0 0 0 0 0 0 0 0 0 0 0 0 0.01989478 0.028131644 0.033114267 0.033380256 0.023503827 0.001096397 0.007980244 0.015698241 0.015060367 0.016521016 0.01212133 0.029592172 0.028631077 0.003158632 0.02617855 0.052320137 -0.073859275 0.449327943 -0.300843981 3.193683019 -8.534927775
300.392 0 0 0 0 0 0 0 0 0 0 0 0 0 0 0 0 0 0 0 0 0 0 0 0 0 0 0 0 0 0 0 0 0 0 0 0 0 0 0 0 0 0 0 0 0 0 0 0 0 0 0 0 0 0 0 0 0 0 0 0 0 0 0 0 0 0 0 0 0 0 0 0 0 0 0 0 0 0 0 0 0 0 0 0 0 0 0 0 0 0 0 0 0 0 0 0.018293512 0.023728918 0.031832327 0.036016375 0.035650315 0.031632988 0.011511004 0.020079775 0.02773642 0.018965255 0.009836484 0.01552276 0.032407161 0.04732157 0.040818892 0.007979544 0.037602176 0.109889026 -0.138308055 -0.339066188 0.344968879 3.555651996
303.62 0 0 0 0 0 0 0 0 0 0 0 0 0 0 0 0 0 0 0 0 0 0 0 0 0 0 0 0 0 0 0 0 0 0 0 0 0 0 0 0 0 0 0 0 0 0 0 0 0 0 0 0 0 0 0 0 0 0 0 0 0 0 0 0 0 0 0 0 0 0 0 0 0 0 0 0 0 0 0 0 0 0 0 0 0 0 0 0 0 0 0 0 0 0 0.014463061 0.021021631 0.029762086 0.035921387 0.038623401 0.02653443 0.02653262 0.022111395 0.024918544 0.0224978 0.022857837 0.024788414 0.033137877 0.02693012 0.02837658 0.018289275 0.037141981 -0.033473792 0.057607985 0.095985846 0.788805897 2.200436355 18.99125815
306.85 0 0 0 0 0 0 0 0 0 0 0 0 0 0 0 0 0 0 0 0 0 0 0 0 0 0 0 0 0 0 0 0 0 0 0 0 0 0 0 0 0 0 0 0 0 0 0 0 0 0 0 0 0 0 0 0 0 0 0 0 0 0 0 0 0 0 0 0 0 0 0 0 0 0 0 0 0 0 0 0 0 0 0 0 0 0 0 0 0 0 0 0 0 0.012983512 0.013015568 0.020905884 0.032310245 0.038456797 0.04350145 0.03116439 0.033734705 0.034518321 0.031257813 0.027486731 0.026943698 0.028046893 0.017467185 0.030461117 0.017031751 0.015116779 0.030461764 -0.045895387 0.036379061 0.105381263 -0.840096289 -8.888128814 9.608633351
310.082 0 0 0 0 0 0 0 0 0 0 0 0 0 0 0 0 0 0 0 0 0 0 0 0 0 0 0 0 0 0 0 0 0 0 0 0 0 0 0 0 0 0 0 0 0 0 0 0 0 0 0 0 0 0 0 0 0 0 0 0 0 0 0 0 0 0 0 0 0 0 0 0 0 0 0 0 0 0 0 0 0 0 0 0 0 0 0 0 0 0 0 0 0.01103828 0.013683009 0.023065353 0.026130459 0.033428282 0.047290065 0.037705952 0.03119791 0.043414344 0.038605106 0.033931463 0.03071703 0.035441519 0.038383919 0.030545173 0.041337036 0.054035006 0.021080986 0.046909773 -0.007779037 -0.029081129 0.019929348 -1.408512389 -3.310067251 -26.83277128
313.316 0 0 0 0 0 0 0 0 0 0 0 0 0 0 0 0 0 0 0 0 0 0 0 0 0 0 0 0 0 0 0 0 0 0 0 0 0 0 0 0 0 0 0 0 0 0 0 0 0 0 0 0 0 0 0 0 0 0 0 0 0 0 0 0 0 0 0 0 0 0 0 0 0 0 0 0 0 0 0 0 0 0 0 0 0 0 0 0 0 0 0 0.011352577 0.011346459 0.014557556 0.022800459 0.030319736 0.039226549 0.042226715 0.04289195 0.047667765 0.04155949 0.035954225 0.042245169 0.035307248 0.041502227 0.035421188 0.034948204 0.04958393 0.057834849 0.04517268 0.069790745 0.033008992 0.295419067 0.413203349 2.152884612 2.372047259 7.386493295
316.553 0 0 0 0 0 0 0 0 0 0 0 0 0 0 0 0 0 0 0 0 0 0 0 0 0 0 0 0 0 0 0 0 0 0 0 0 0 0 0 0 0 0 0 0 0 0 0 0 0 0 0 0 0 0 0 0 0 0 0 0 0 0 0 0 0 0 0 0 0 0 0 0 0 0 0 0 0 0 0 0 0 0 0 0 0 0 0 0 0 0 0.009714423 0.01131171 0.01310845 0.018793599 0.026218995 0.036417183 0.038727801 0.046633444 0.05238143 0.056294493 0.051116559 0.047995615 0.045029328 0.044917557 0.036538399 0.049158532 0.039616258 0.052587773 0.04675001 0.059749692 0.050583809 0.079943318 0.031145648 0.045317971 -0.059366229 -0.054375907 -1.621452596
319.791 0 0 0 0 0 0 0 0 0 0 0 0 0 0 0 0 0 0 0 0 0 0 0 0 0 0 0 0 0 0 0 0 0 0 0 0 0 0 0 0 0 0 0 0 0 0 0 0 0 0 0 0 0 0 0 0 0 0 0 0 0 0 0 0 0 0 0 0 0 0 0 0 0 0 0 0 0 0 0 0 0 0 0 0 0 0 0 0 0 0.007634721 0.008638627 0.009538445 0.0079723 0.019627562 0.023134669 0.035068714 0.033008442 0.036450373 0.049289319 0.042378129 0.045476689 0.036123959 0.02973651 0.033243112 0.040507844 0.034027683 0.033505603 0.025009018 0.014653662 0.004386805 -0.027118186 0.003401202 0.038235245 -0.069819658 -0.217192703 -9.737498589 -7.276227362
323.031 0 0 0 0 0 0 0 0 0 0 0 0 0 0 0 0 0 0 0 0 0 0 0 0 0 0 0 0 0 0 0 0 0 0 0 0 0 0 0 0 0 0 0 0 0 0 0 0 0 0 0 0 0 0 0 0 0 0 0 0 0 0 0 0 0 0 0 0 0 0 0 0 0 0 0 0 0 0 0 0 0 0 0 0 0 0 0 0 0.009874921 0.009642571 0.011387505 0.014611165 0.018987437 0.020844958 0.034783276 0.034856439 0.045993057 0.051194104 0.057222934 0.056499785 0.039678335 0.041916364 0.045459171 0.037942048 0.040653375 0.047620177 0.042786926 0.046849845 0.046662114 0.019024279 0.042043961 0.021559447 0.076906093 0.227419859 -0.460886096 -2.506367997 -3.413486713
326.273 0 0 0 0 0 0 0 0 0 0 0 0 0 0 0 0 0 0 0 0 0 0 0 0 0 0 0 0 0 0 0 0 0 0 0 0 0 0 0 0 0 0 0 0 0 0 0 0 0 0 0 0 0 0 0 0 0 0 0 0 0 0 0 0 0 0 0 0 0 0 0 0 0 0 0 0 0 0 0 0 0 0 0 0 0 0 0 0.011419591 0.011081774 0.015177252 0.014880833 0.021008871 0.021497377 0.026990476 0.032372908 0.035409269 0.051855137 0.058372128 0.062466806 0.060570933 0.053248794 0.051284658 0.046874391 0.055163653 0.055428248 0.04923008 0.057093626 0.068281631 0.071030644 0.080049953 0.094992479 0.106011454 0.341870926 0.073005406 1.62192559 2.07064776 -5.721566591
329.517 0 0 0 0 0 0 0 0 0 0 0 0 0 0 0 0 0 0 0 0 0 0 0 0 0 0 0 0 0 0 0 0 0 0 0 0 0 0 0 0 0 0 0 0 0 0 0 0 0 0 0 0 0 0 0 0 0 0 0 0 0 0 0 0 0 0 0 0 0 0 0 0 0 0 0 0 0 0 0 0 0 0 0 0 0 0 0.009436805 0.008178178 0.014769267 0.01622183 0.019376711 0.02471513 0.022686107 0.027859355 0.035507934 0.045130582 0.054916855 0.057674435 0.057970992 0.053183862 0.058372868 0.050034805 0.048255688 0.040215521 0.046630747 0.049521222 0.048545078 0.044700905 0.051867403 0.019998599 0.06508955 0.089246505 -0.058510736 0.53135545 0.011440834 -5.023457815 -6.822831185
332.763 0 0 0 0 0 0 0 0 0 0 0 0 0 0 0 0 0 0 0 0 0 0 0 0 0 0 0 0 0 0 0 0 0 0 0 0 0 0 0 0 0 0 0 0 0 0 0 0 0 0 0 0 0 0 0 0 0 0 0 0 0 0 0 0 0 0 0 0 0 0 0 0 0 0 0 0 0 0 0 0 0 0 0 0 0 0.008794988 0.008784158 0.013077306 0.016762758 0.019204782 0.018762552 0.022882374 0.025631139 0.028116667 0.039140616 0.049965851 0.059660932 0.057762149 0.061864317 0.059071757 0.052956135 0.055487418 0.045665009 0.04719534 0.056089641 0.050528918 0.04025431 0.066185481 0.059933776 0.036691658 0.059104883 0.032871172 0.021387235 -0.582718463 0.490138176 -1.546291913 -9.77554324
336.011 0 0 0 0 0 0 0 0 0 0 0 0 0 0 0 0 0 0 0 0 0 0 0 0 0 0 0 0 0 0 0 0 0 0 0 0 0 0 0 0 0 0 0 0 0 0 0 0 0 0 0 0 0 0 0 0 0 0 0 0 0 0 0 0 0 0 0 0 0 0 0 0 0 0 0 0 0 0 0 0 0 0 0 0 0.008246028 0.010790401 0.015993116 0.014796634 0.019599052 0.020675166 0.024651121 0.031261399 0.02984389 0.040060257 0.046547439 0.057058703 0.056780357 0.068293446 0.066674971 0.06813225 0.062890247 0.059207763 0.058050964 0.05405687 0.062467296 0.066710193 0.064293294 0.080721689 0.097589534 0.072185712 0.082392055 0.135357241 0.356769991 0.765492605 2.189699509 0.5255136 -0.105011363
339.261 0 0 0 0 0 0 0 0 0 0 0 0 0 0 0 0 0 0 0 0 0 0 0 0 0 0 0 0 0 0 0 0 0 0 0 0 0 0 0 0 0 0 0 0 0 0 0 0 0 0 0 0 0 0 0 0 0 0 0 0 0 0 0 0 0 0 0 0 0 0 0 0 0 0 0 0 0 0 0 0 0 0 0 0.006904178 0.007447849 0.012912838 0.01592382 0.017205289 0.024286753 0.027957346 0.030413774 0.024227879 0.033519688 0.041014951 0.049498358 0.061013788 0.059867343 0.063076374 0.063269085 0.060447186 0.06103955 0.060908386 0.055997389 0.062111527 0.057765461 0.070558135 0.066461066 0.059824886 0.072966743 0.070038369 0.103923973 0.062422511 0.226525675 -0.148822994 -0.470010253 2.59525313 4.052091024
342.512 0 0 0 0 0 0 0 0 0 0 0 0 0 0 0 0 0 0 0 0 0 0 0 0 0 0 0 0 0 0 0 0 0 0 0 0 0 0 0 0 0 0 0 0 0 0 0 0 0 0 0 0 0 0 0 0 0 0 0 0 0 0 0 0 0 0 0 0 0 0 0 0 0 0 0 0 0 0 0 0 0 0 0.007788935 0.009689279 0.009453697 0.013866505 0.019349406 0.024503218 0.023740849 0.028043637 0.030260742 0.038007984 0.044237371 0.045534214 0.053874415 0.060670812 0.062661469 0.065196741 0.062150621 0.05476953 0.05427035 0.058815393 0.044829528 0.052201282 0.041931329 0.050890092 0.046143399 0.055646531 0.04244726 0.078002899 0.075841302 0.036876126 -0.13892152 -0.665334006 -2.204145334 -4.432580637 -20.90765128
345.766 0 0 0 0 0 0 0 0 0 0 0 0 0 0 0 0 0 0 0 0 0 0 0 0 0 0 0 0 0 0 0 0 0 0 0 0 0 0 0 0 0 0 0 0 0 0 0 0 0 0 0 0 0 0 0 0 0 0 0 0 0 0 0 0 0 0 0 0 0 0 0 0 0 0 0 0 0 0 0 0 0 0.007663429 0.011994283 0.014346983 0.017463417 0.018055985 0.023241787 0.027525105 0.031220278 0.032275172 0.035743815 0.041000854 0.045300399 0.049858317 0.058276416 0.061214424 0.063715521 0.0680948 0.064974299 0.064946094 0.064474048 0.062306591 0.055533733 0.0589611 0.055492332 0.073928792 0.062149312 0.07958733 0.079192949 0.081804749 0.042612823 0.008104074 0.070318071 -0.418152827 -0.754899008 -5.918928263 -16.85022689
349.021 0 0 0 0 0 0 0 0 0 0 0 0 0 0 0 0 0 0 0 0 0 0 0 0 0 0 0 0 0 0 0 0 0 0 0 0 0 0 0 0 0 0 0 0 0 0 0 0 0 0 0 0 0 0 0 0 0 0 0 0 0 0 0 0 0 0 0 0 0 0 0 0 0 0 0 0 0 0 0 0 0.012456861 0.014303703 0.016978145 0.023299074 0.022353751 0.027855457 0.031239309 0.03562977 0.036888656 0.039449655 0.043301334 0.049999046 0.055795237 0.062445778 0.063361657 0.069413264 0.072491439 0.076346642 0.070766089 0.078920284 0.073468666 0.071309649 0.073851055 0.070657187 0.076906585 0.085670529 0.08226153 0.106088163 0.120157896 0.133818193 0.166361339 0.186363502 0.237823223 0.195417696 1.872329123 2.185127173 18.72140053
352.278 0 0 0 0 0 0 0 0 0 0 0 0 0 0 0 0 0 0 0 0 0 0 0 0 0 0 0 0 0 0 0 0 0 0 0 0 0 0 0 0 0 0 0 0 0 0 0 0 0 0 0 0 0 0 0 0 0 0 0 0 0 0 0 0 0 0 0 0 0 0 0 0 0 0 0 0 0 0 0 0.011013955 0.013377964 0.017284704 0.019867027 0.022195494 0.028058355 0.030190245 0.035138615 0.034214974 0.040143705 0.042941473 0.048782675 0.054171497 0.054298384 0.061775346 0.064577576 0.073558671 0.07029709 0.067524227 0.070244563 0.071831063 0.067982513 0.072672616 0.066558409 0.066594694 0.071566886 0.086257773 0.09013498 0.077050358 0.095940672 0.096141073 0.114321826 0.138293271 -0.047039939 -0.052302067 -0.232367824 -7.853650374 21.68195848
355.537 0 0 0 0 0 0 0 0 0 0 0 0 0 0 0 0 0 0 0 0 0 0 0 0 0 0 0 0 0 0 0 0 0 0 0 0 0 0 0 0 0 0 0 0 0 0 0 0 0 0 0 0 0 0 0 0 0 0 0 0 0 0 0 0 0 0 0 0 0 0 0 0 0 0 0 0 0 0 0.009929931 0.01452972 0.016624911 0.022050786 0.024788875 0.028665013 0.031033372 0.036352208 0.037760131 0.039093399 0.048533024 0.050242555 0.056359792 0.059586 0.059617432 0.068070093 0.064652461 0.070489944 0.078752968 0.074394333 0.072561018 0.07468561 0.070397795 0.084863889 0.064852747 0.082427892 0.07515967 0.083463617 0.095530478 0.096383 0.082298575 0.111633813 0.091275837 0.17469215 0.045567711 -0.054749398 -2.408377458 -0.926851396 -2.107470478
358.798 0 0 0 0 0 0 0 0 0 0 0 0 0 0 0 0 0 0 0 0 0 0 0 0 0 0 0 0 0 0 0 0 0 0 0 0 0 0 0 0 0 0 0 0 0 0 0 0 0 0 0 0 0 0 0 0 0 0 0 0 0 0 0 0 0 0 0 0 0 0 0 0 0 0 0 0 0 0.014357393 0.017133524 0.02231809 0.025434528 0.028576586 0.031874625 0.036113289 0.037415865 0.046345893 0.04625144 0.050406755 0.054968171 0.062688966 0.064688631 0.070175735 0.073685205 0.075247311 0.078430501 0.082745691 0.083472774 0.082775205 0.081746552 0.091232001 0.086372802 0.086518714 0.091682491 0.097559351 0.103997893 0.107273541 0.125599611 0.12120609 0.14834853 0.160280265 0.145784739 0.172848567 0.255091041 0.322826742 1.050128772 3.255949728 41.38540344
362.061 0 0 0 0 0 0 0 0 0 0 0 0 0 0 0 0 0 0 0 0 0 0 0 0 0 0 0 0 0 0 0 0 0 0 0 0 0 0 0 0 0 0 0 0 0 0 0 0 0 0 0 0 0 0 0 0 0 0 0 0 0 0 0 0 0 0 0 0 0 0 0 0 0 0 0 0 0.012213649 0.013814066 0.018774435 0.023815367 0.027048298 0.030462691 0.033318912 0.039929207 0.046578579 0.0450659 0.053830329 0.057361281 0.059636096 0.067921726 0.066410965 0.069934563 0.071389221 0.078840223 0.079484792 0.084105253 0.085015558 0.089204299 0.080335557 0.08581684 0.093413308 0.087207917 0.092900867 0.092687165 0.106386647 0.106890777 0.110675156 0.126618473 0.149109895 0.113077354 0.083818854 0.195542111 0.158128207 -0.021068672 0.408479655 0.295002923 -6.247846086
365.325 0 0 0 0 0 0 0 0 0 0 0 0 0 0 0 0 0 0 0 0 0 0 0 0 0 0 0 0 0 0 0 0 0 0 0 0 0 0 0 0 0 0 0 0 0 0 0 0 0 0 0 0 0 0 0 0 0 0 0 0 0 0 0 0 0 0 0 0 0 0 0 0 0 0 0 0.013560707 0.019626881 0.023608731 0.026105628 0.029608125 0.035704134 0.03914025 0.04513562 0.05072118 0.048768927 0.057091414 0.062088283 0.067651695 0.071845631 0.07517311 0.078078585 0.07957019 0.084017024 0.084773073 0.089711317 0.089796563 0.091582651 0.096990637 0.095063283 0.094625096 0.097926783 0.114043029 0.108664287 0.117603983 0.117424452 0.127407142 0.146913422 0.160623349 0.177154458 0.206436311 0.262466241 0.326496608 0.349931346 0.650270145 4.042434754 8.807954594 51.45610623
368.591 0 0 0 0 0 0 0 0 0 0 0 0 0 0 0 0 0 0 0 0 0 0 0 0 0 0 0 0 0 0 0 0 0 0 0 0 0 0 0 0 0 0 0 0 0 0 0 0 0 0 0 0 0 0 0 0 0 0 0 0 0 0 0 0 0 0 0 0 0 0 0 0 0 0 0.011775956 0.017460456 0.018069556 0.023324038 0.027019043 0.034846298 0.036873929 0.044264071 0.045931947 0.047673601 0.051483825 0.058504838 0.062961929 0.068627665 0.070874822 0.078149187 0.07886429 0.08127208 0.083419317 0.087501494 0.09018559 0.093357582 0.0918324 0.092238813 0.097779342 0.099294799 0.101700771 0.111832016 0.099335797 0.115659181 0.117415452 0.134627532 0.14309884 0.153178376 0.149629886 0.17917899 0.187184055 0.327504567 0.25228161 0.52532228 0.355409885 5.207040729 3.107924624
371.859 0 0 0 0 0 0 0 0 0 0 0 0 0 0 0 0 0 0 0 0 0 0 0 0 0 0 0 0 0 0 0 0 0 0 0 0 0 0 0 0 0 0 0 0 0 0 0 0 0 0 0 0 0 0 0 0 0 0 0 0 0 0 0 0 0 0 0 0 0 0 0 0 0 0.011007132 0.015080823 0.017086549 0.019938976 0.02555845 0.032641925 0.037910578 0.041836262 0.050863882 0.057780842 0.056462675 0.059276592 0.06675511 0.072553448 0.075039006 0.077621136 0.083329682 0.08556457 0.083653167 0.089632915 0.094251283 0.094655215 0.098880235 0.093670972 0.097494715 0.098841224 0.104329754 0.096782255 0.104763583 0.10669098 0.121906296 0.125512037 0.128476741 0.13691914 0.167452532 0.153387708 0.13865116 0.151128927 0.090066456 0.358262052 0.438981875 -0.645987927 0.058818762 -0.153814036
375.128 0 0 0 0 0 0 0 0 0 0 0 0 0 0 0 0 0 0 0 0 0 0 0 0 0 0 0 0 0 0 0 0 0 0 0 0 0 0 0 0 0 0 0 0 0 0 0 0 0 0 0 0 0 0 0 0 0 0 0 0 0 0 0 0 0 0 0 0 0 0 0 0 0.012322856 0.014007058 0.019128452 0.02096667 0.027684944 0.032618999 0.042070447 0.045363641 0.056213729 0.057191487 0.055052405 0.062578605 0.070138148 0.077909721 0.080886993 0.084387943 0.08800138 0.094192031 0.093152641 0.094988234 0.094303201 0.098069153 0.103043241 0.105638608 0.101808237 0.105242806 0.104610964 0.100245511 0.110179317 0.120324571 0.121832437 0.13286929 0.15072124 0.145087672 0.160479693 0.18386863 0.18282401 0.182843855 0.208615539 0.220811184 0.205316095 0.527313586 1.938600584 -1.70936227 4.618443372
378.399 0 0 0 0 0 0 0 0 0 0 0 0 0 0 0 0 0 0 0 0 0 0 0 0 0 0 0 0 0 0 0 0 0 0 0 0 0 0 0 0 0 0 0 0 0 0 0 0 0 0 0 0 0 0 0 0 0 0 0 0 0 0 0 0 0 0 0 0 0 0 0 0.010175201 0.012851908 0.017278095 0.022561522 0.025313584 0.032394478 0.040027265 0.044624092 0.051194266 0.05635509 0.060859487 0.067499833 0.069668681 0.07549757 0.081399003 0.085584608 0.092484907 0.096440251 0.09850773 0.098630577 0.100888127 0.098081041 0.104856748 0.105665617 0.104144699 0.110999692 0.108017338 0.109172218 0.10799862 0.114620246 0.119621846 0.129251761 0.136731264 0.149704696 0.155317151 0.157112265 0.194207024 0.216561449 0.171807641 0.193932855 0.220754312 0.061492355 0.771944603 0.956045504 9.360954454 30.97347997
381.672 0 0 0 0 0 0 0 0 0 0 0 0 0 0 0 0 0 0 0 0 0 0 0 0 0 0 0 0 0 0 0 0 0 0 0 0 0 0 0 0 0 0 0 0 0 0 0 0 0 0 0 0 0 0 0 0 0 0 0 0 0 0 0 0 0 0 0 0 0 0 0.011750935 0.012474947 0.014192882 0.021367623 0.025752556 0.031675179 0.035596991 0.04377273 0.04899125 0.060652065 0.059806398 0.070165569 0.073286226 0.079566681 0.084245819 0.08667593 0.094413463 0.09320285 0.099127443 0.104917867 0.103852099 0.108359846 0.105179783 0.110490893 0.110366891 0.111020304 0.105254294 0.11250984 0.114822877 0.115460339 0.124838328 0.125320338 0.142323693 0.139031744 0.153631447 0.16339695 0.190658089 0.17312758 0.188721905 0.183526903 0.18202033 0.216440642 0.338358082 -0.149933649 0.70130664 -3.283598273 -3.971431186
384.947 0 0 0 0 0 0 0 0 0 0 0 0 0 0 0 0 0 0 0 0 0 0 0 0 0 0 0 0 0 0 0 0 0 0 0 0 0 0 0 0 0 0 0 0 0 0 0 0 0 0 0 0 0 0 0 0 0 0 0 0 0 0 0 0 0 0 0 0 0 0.014508262 0.015336244 0.017812909 0.023455116 0.025702473 0.032037122 0.038775347 0.044360077 0.051668073 0.058731825 0.064467369 0.070795096 0.075992706 0.080736728 0.085064164 0.093560211 0.095988213 0.10030321 0.105653244 0.109370223 0.109074044 0.115970254 0.113423435 0.114779518 0.116947942 0.113378357 0.115496414 0.118922752 0.119303029 0.122740736 0.122431621 0.127005692 0.126446013 0.147532821 0.151390865 0.177356787 0.173060816 0.187335982 0.194088336 0.224058029 0.247516671 0.243821581 0.188423459 0.20634794 1.105357233 0.941528577 8.316570137 31.93925579
388.223 0 0 0 0 0 0 0 0 0 0 0 0 0 0 0 0 0 0 0 0 0 0 0 0 0 0 0 0 0 0 0 0 0 0 0 0 0 0 0 0 0 0 0 0 0 0 0 0 0 0 0 0 0 0 0 0 0 0 0 0 0 0 0 0 0 0 0 0 0.006836096 0.013332167 0.012576466 0.015774689 0.019895565 0.029417222 0.035639128 0.044399255 0.048737507 0.053736429 0.05872736 0.062978426 0.073176572 0.079508007 0.088095077 0.087108431 0.096479636 0.098934737 0.102833645 0.105399982 0.109806881 0.112693646 0.110301146 0.114553737 0.11257776 0.11351146 0.110527145 0.113455849 0.117556817 0.11591207 0.111586472 0.114537363 0.123072861 0.125802291 0.134904475 0.147052217 0.158163233 0.159731891 0.175851905 0.198616934 0.180223159 0.179471806 0.113081035 0.108862404 -0.199379969 -0.326914469 -1.755410988 -7.388088616 -23.98799852
391.5 0 0 0 0 0 0 0 0 0 0 0 0 0 0 0 0 0 0 0 0 0 0 0 0 0 0 0 0 0 0 0 0 0 0 0 0 0 0 0 0 0 0 0 0 0 0 0 0 0 0 0 0 0 0 0 0 0 0 0 0 0 0 0 0 0 0 0 0.009955173 0.012244983 0.013008034 0.020207987 0.02324527 0.028795036 0.033798827 0.039168296 0.048743697 0.053703319 0.060503056 0.064921789 0.073829588 0.081476352 0.08869222 0.09575951 0.093355379 0.102307033 0.104589393 0.108002579 0.109026711 0.115281319 0.117969575 0.119251795 0.123357317 0.119928948 0.122784063 0.115661437 0.12421712 0.120712351 0.119920389 0.126209199 0.126595154 0.12725148 0.138743946 0.153163137 0.160249723 0.164773496 0.182624188 0.189986507 0.200006032 0.215185545 0.219774632 0.255819091 0.287055213 0.251185977 0.128177416 0.291180346 0.778199764 5.728170114
394.78 0 0 0 0 0 0 0 0 0 0 0 0 0 0 0 0 0 0 0 0 0 0 0 0 0 0 0 0 0 0 0 0 0 0 0 0 0 0 0 0 0 0 0 0 0 0 0 0 0 0 0 0 0 0 0 0 0 0 0 0 0 0 0 0 0 0 0.00890794 0.010863844 0.0139212 0.019518686 0.023346778 0.026815984 0.03353286 0.040782567 0.047658795 0.053586749 0.057148156 0.065191781 0.072453297 0.079379361 0.089938901 0.095683472 0.096604147 0.10438457 0.106563796 0.111364928 0.113777324 0.11546076 0.121163464 0.118839042 0.12162056 0.119796958 0.122149379 0.125548553 0.11788659 0.120068133 0.121865133 0.123642381 0.124148853 0.123840315 0.139123369 0.147814475 0.150679365 0.157794098 0.169152651 0.183154672 0.189036148 0.219112581 0.209486536 0.242812126 0.230611376 0.252632088 0.201516817 0.351513433 0.69941147 0.970240834 32.98598733
398.061 0 0 0 0 0 0 0 0 0 0 0 0 0 0 0 0 0 0 0 0 0 0 0 0 0 0 0 0 0 0 0 0 0 0 0 0 0 0 0 0 0 0 0 0 0 0 0 0 0 0 0 0 0 0 0 0 0 0 0 0 0 0 0 0 0 0.011438887 0.011966755 0.016070261 0.01863081 0.021553097 0.026838789 0.034416765 0.037429473 0.045431457 0.049762871 0.062320279 0.068515255 0.066460719 0.080707816 0.088654613 0.093452707 0.095932634 0.107658199 0.107591685 0.111636307 0.11325153 0.117271483 0.118648765 0.125570686 0.123518702 0.127374614 0.123605471 0.124122228 0.12429375 0.124902681 0.128239276 0.124467961 0.122475247 0.130850057 0.137928638 0.146409136 0.148672066 0.155582409 0.168465851 0.187577222 0.191414634 0.220217033 0.188131535 0.247751222 0.235370524 0.234793093 0.305592625 0.260338071 0.801891991 1.259339776 3.062478349 0.252095852
401.343 0 0 0 0 0 0 0 0 0 0 0 0 0 0 0 0 0 0 0 0 0 0 0 0 0 0 0 0 0 0 0 0 0 0 0 0 0 0 0 0 0 0 0 0 0 0 0 0 0 0 0 0 0 0 0 0 0 0 0 0 0 0 0 0 0.006254405 0.009384271 0.014210005 0.014657388 0.021673978 0.024587862 0.032317952 0.034771408 0.042043658 0.048835023 0.05786694 0.059697659 0.070195869 0.073144773 0.084535884 0.091237114 0.095360352 0.09887525 0.106348939 0.105992871 0.113323469 0.111637118 0.116874027 0.12346804 0.124624604 0.127407983 0.127059117 0.126591264 0.127489258 0.124674177 0.122189109 0.125280888 0.126272301 0.126403953 0.132533179 0.130711757 0.135725068 0.151848539 0.146501333 0.165735041 0.176086004 0.201616911 0.196371984 0.205107356 0.22362948 0.233655039 0.221535988 0.223878394 0.078027181 -0.018935185 0.722753145 -0.929739242 -5.46013259
404.627 0 0 0 0 0 0 0 0 0 0 0 0 0 0 0 0 0 0 0 0 0 0 0 0 0 0 0 0 0 0 0 0 0 0 0 0 0 0 0 0 0 0 0 0 0 0 0 0 0 0 0 0 0 0 0 0 0 0 0 0 0 0 0 0.007953671 0.009534613 0.012717093 0.017488055 0.021646728 0.024832607 0.031934685 0.034659008 0.04045957 0.047704573 0.054003361 0.058789982 0.065450279 0.071920991 0.081314956 0.089257852 0.097794769 0.100327441 0.105598425 0.111366813 0.112350174 0.11812433 0.12084225 0.124154806 0.127278195 0.129852639 0.130136532 0.127255923 0.128645688 0.127838124 0.123573469 0.125511658 0.129546142 0.126631458 0.129580651 0.132152943 0.14021313 0.14223425 0.144038612 0.159965648 0.175552256 0.193362717 0.196206768 0.21597922 0.241090724 0.247719193 0.236175755 0.247242978 0.216726334 0.386324507 0.477817972 -0.358968434 -1.73150415 2.813788296
407.912 0 0 0 0 0 0 0 0 0 0 0 0 0 0 0 0 0 0 0 0 0 0 0 0 0 0 0 0 0 0 0 0 0 0 0 0 0 0 0 0 0 0 0 0 0 0 0 0 0 0 0 0 0 0 0 0 0 0 0 0 0 0 0.006893978 0.011267977 0.013170422 0.015857752 0.018436004 0.023976072 0.025766785 0.033372557 0.037293857 0.045055239 0.053278906 0.057754248 0.064960206 0.073253844 0.078275536 0.087297183 0.091282434 0.099795957 0.10622165 0.110439436 0.111860996 0.115006773 0.117556729 0.122013851 0.122772974 0.129974371 0.128651983 0.129764387 0.135251909 0.129940288 0.131122392 0.127276133 0.125013526 0.128246684 0.127996073 0.131805928 0.131067564 0.131422887 0.145157498 0.15367672 0.167355322 0.168971008 0.19214659 0.193187155 0.226183412 0.223357563 0.244295924 0.23616589 0.235878529 0.215090846 0.394628231 -0.496852388 2.579242339 -0.337843164 -6.953416397
411.2 0 0 0 0 0 0 0 0 0 0 0 0 0 0 0 0 0 0 0 0 0 0 0 0 0 0 0 0 0 0 0 0 0 0 0 0 0 0 0 0 0 0 0 0 0 0 0 0 0 0 0 0 0 0 0 0 0 0 0 0 0 0.007361587 0.011077168 0.012217205 0.013687012 0.021809983 0.022988924 0.02605274 0.03428273 0.039958263 0.043527062 0.051440867 0.054274264 0.06015162 0.070087319 0.077067553 0.085289311 0.088532214 0.095844878 0.102230835 0.10686122 0.112772084 0.115694647 0.121162442 0.122727135 0.125408029 0.126005895 0.128858082 0.130581089 0.131613689 0.131865127 0.132945657 0.132352401 0.129006991 0.130705746 0.127072022 0.132954933 0.128822668 0.144449207 0.136487688 0.151989497 0.151594894 0.177275298 0.182639356 0.194546772 0.220044358 0.220533897 0.242273455 0.22010479 0.241666075 0.29548558 0.270436905 0.258158827 0.481374941 0.382765449 -2.139679216 8.054824826
414.488 0 0 0 0 0 0 0 0 0 0 0 0 0 0 0 0 0 0 0 0 0 0 0 0 0 0 0 0 0 0 0 0 0 0 0 0 0 0 0 0 0 0 0 0 0 0 0 0 0 0 0 0 0 0 0 0 0 0 0 0 0.008640753 0.010112515 0.012977501 0.014839901 0.019461282 0.023626629 0.026028267 0.032117241 0.035210939 0.043188031 0.047747599 0.053312953 0.058877159 0.065563617 0.071781943 0.080532317 0.086666836 0.091704411 0.099341382 0.106463081 0.110916436 0.113134364 0.115395939 0.124522011 0.124365811 0.126148698 0.127341381 0.126996081 0.131268193 0.134836502 0.13274488 0.132110917 0.132189394 0.129412943 0.128812951 0.129025864 0.128149159 0.131644154 0.132259453 0.143859651 0.151368964 0.160333316 0.169767995 0.18890748 0.210292753 0.211182043 0.224432946 0.245436466 0.217377758 0.24154294 0.259831025 0.215946976 0.206975957 0.39536577 0.629219172 6.058613831 15.20641268
417.778 0 0 0 0 0 0 0 0 0 0 0 0 0 0 0 0 0 0 0 0 0 0 0 0 0 0 0 0 0 0 0 0 0 0 0 0 0 0 0 0 0 0 0 0 0 0 0 0 0 0 0 0 0 0 0 0 0 0 0 0.007161052 0.008843895 0.010127814 0.01436394 0.016316575 0.020612834 0.023426411 0.030617322 0.032747357 0.040374104 0.045885174 0.050937929 0.054192015 0.062121275 0.070341565 0.073819439 0.082399742 0.087376952 0.09445217 0.101672309 0.10633656 0.112703035 0.115140338 0.116670235 0.122551433 0.123668711 0.122450826 0.126069477 0.129166041 0.13037194 0.128431744 0.127491334 0.129026024 0.1239244 0.122506039 0.126817471 0.129521213 0.129470821 0.129450444 0.133505398 0.138649734 0.146767327 0.151076391 0.173107186 0.17959493 0.196863902 0.204701861 0.213711913 0.216224496 0.226643342 0.251887366 0.237084677 0.251035742 0.4442364 0.222463057 0.285713469 2.55337428 -18.24625016
421.069 0 0 0 0 0 0 0 0 0 0 0 0 0 0 0 0 0 0 0 0 0 0 0 0 0 0 0 0 0 0 0 0 0 0 0 0 0 0 0 0 0 0 0 0 0 0 0 0 0 0 0 0 0 0 0 0 0 0 0.007393869 0.011237914 0.010656479 0.014553282 0.013681487 0.021562048 0.021677762 0.029445045 0.031366017 0.03897289 0.040775386 0.046940576 0.057544316 0.059703963 0.067982509 0.073369617 0.077382584 0.085281508 0.086934808 0.093632868 0.099979848 0.106887176 0.113583541 0.115585133 0.117206167 0.117940431 0.121449421 0.125371001 0.129164014 0.1277222 0.128756379 0.130549889 0.126721117 0.129214367 0.128399453 0.130528326 0.125249847 0.126289405 0.130294538 0.132041061 0.135478605 0.140328545 0.149828226 0.156404364 0.171379045 0.185510454 0.200303586 0.214735656 0.230895814 0.22676167 0.233757729 0.228565843 0.211188614 0.301281209 0.320908094 0.522815309 1.666983825 5.446584684 -23.30412207
424.362 0 0 0 0 0 0 0 0 0 0 0 0 0 0 0 0 0 0 0 0 0 0 0 0 0 0 0 0 0 0 0 0 0 0 0 0 0 0 0 0 0 0 0 0 0 0 0 0 0 0 0 0 0 0 0 0 0 0.005009704 0.008666567 0.010915827 0.010253028 0.016780112 0.016140438 0.022241958 0.027385548 0.030683249 0.037154561 0.040802298 0.045347164 0.04981838 0.05857398 0.063603844 0.068766669 0.075178838 0.084511934 0.08541966 0.094321159 0.099873456 0.100750538 0.107495847 0.112294313 0.114209091 0.120091309 0.122029972 0.124721593 0.126308398 0.123718609 0.132111213 0.132630257 0.133339716 0.131077944 0.13253899 0.130836057 0.128289985 0.12766981 0.134074887 0.128332913 0.128290373 0.131250814 0.137269246 0.151116264 0.160894654 0.170404843 0.19064055 0.197778631 0.210212539 0.221906345 0.23666873 0.259208071 0.261375987 0.288911004 0.21901694 0.273249635 0.102525809 1.183334608 -0.034075379 0
427.657 0 0 0 0 0 0 0 0 0 0 0 0 0 0 0 0 0 0 0 0 0 0 0 0 0 0 0 0 0 0 0 0 0 0 0 0 0 0 0 0 0 0 0 0 0 0 0 0 0 0 0 0 0 0 0 0 0.00749773 0.010105008 0.013723693 0.013735895 0.015384597 0.020696271 0.023215182 0.028839247 0.030492221 0.034869032 0.040352757 0.044851218 0.050441761 0.05619342 0.062190443 0.068840954 0.073717372 0.082100822 0.085426425 0.089877103 0.095570157 0.10020967 0.107722379 0.108360707 0.113431949 0.11492857 0.118420172 0.124249144 0.126424044 0.123324798 0.127718776 0.131165181 0.128678266 0.128284733 0.131271319 0.130566451 0.124422362 0.126614476 0.127673057 0.129464959 0.123180239 0.136226551 0.135413693 0.141273012 0.157060493 0.171138237 0.174406591 0.202441648 0.215425468 0.216186442 0.229665719 0.249398393 0.251098904 0.252073922 0.288247951 0.340301354 0.519191547 0.408557392 1.776231491 13.97865575 0
430.952 0 0 0 0 0 0 0 0 0 0 0 0 0 0 0 0 0 0 0 0 0 0 0 0 0 0 0 0 0 0 0 0 0 0 0 0 0 0 0 0 0 0 0 0 0 0 0 0 0 0 0 0 0 0 0 0.007496757 0.006305783 0.010646508 0.009982559 0.013359148 0.014597941 0.01910749 0.023879762 0.026338333 0.031018693 0.035356618 0.039556685 0.045786597 0.051928237 0.056464546 0.063239989 0.070093826 0.07320922 0.077804868 0.083350259 0.088581679 0.092213463 0.096534339 0.105147891 0.108494845 0.110550636 0.117229154 0.117712158 0.120596829 0.117914527 0.121365637 0.124521096 0.126302546 0.1258098 0.125745663 0.126690823 0.124569813 0.126093467 0.124203491 0.121328472 0.124271243 0.127118793 0.126414468 0.135803719 0.143334695 0.151611216 0.16489863 0.167139745 0.19184055 0.197545349 0.213962759 0.221862718 0.23030029 0.21848313 0.225208658 0.251018308 0.293604161 0.226278952 0.108553137 0.235710075 0 0
434.249 0 0 0 0 0 0 0 0 0 0 0 0 0 0 0 0 0 0 0 0 0 0 0 0 0 0 0 0 0 0 0 0 0 0 0 0 0 0 0 0 0 0 0 0 0 0 0 0 0 0 0 0 0 0 0.007626716 0.006615743 0.008402548 0.011210427 0.012723985 0.017543673 0.020205777 0.022622323 0.025513437 0.030825514 0.033883265 0.040048535 0.04305488 0.04743989 0.05647957 0.057411293 0.064778102 0.0717942 0.076623837 0.082776799 0.086554298 0.092291697 0.095837562 0.102186361 0.103296884 0.10729069 0.111348522 0.115546951 0.118095063 0.117892046 0.120873088 0.120037485 0.120954224 0.12347262 0.124760545 0.126333917 0.123219293 0.124960466 0.125977324 0.125862823 0.124364082 0.129216874 0.130464905 0.131630662 0.141606394 0.140587051 0.151012608 0.165021235 0.175317633 0.189105159 0.194453945 0.202459565 0.228699934 0.242190314 0.226400131 0.261808512 0.228945834 0.19474682 0.363848531 0.474446344 -0.143127784 0 0
437.548 0 0 0 0 0 0 0 0 0 0 0 0 0 0 0 0 0 0 0 0 0 0 0 0 0 0 0 0 0 0 0 0 0 0 0 0 0 0 0 0 0 0 0 0 0 0 0 0 0 0 0 0 0 0.004052179 0.004867044 0.006407221 0.00839738 0.012227477 0.01164371 0.016579869 0.017296918 0.023709225 0.026106007 0.03110038 0.035826502 0.041084806 0.045554959 0.049932982 0.054152218 0.059888371 0.066758298 0.07468542 0.077561578 0.079528729 0.087040129 0.0889799 0.094334544 0.098703875 0.107124057 0.10643035 0.108035031 0.113727776 0.118076831 0.116357797 0.114904392 0.117266419 0.123138816 0.120538622 0.127742552 0.122856705 0.123623396 0.120982044 0.121914523 0.123914035 0.122319079 0.119784325 0.122128463 0.12775387 0.131009761 0.142374855 0.143325658 0.156289119 0.170645991 0.173953453 0.202069992 0.215718728 0.209704354 0.222912771 0.23044661 0.2017112 0.20356179 0.201804272 0.349772583 -0.450434888 0 0 0
440.848 0 0 0 0 0 0 0 0 0 0 0 0 0 0 0 0 0 0 0 0 0 0 0 0 0 0 0 0 0 0 0 0 0 0 0 0 0 0 0 0 0 0 0 0 0 0 0 0 0 0 0 0 0.006423267 0.008522582 0.008625198 0.011255085 0.01218973 0.013884458 0.015212971 0.019871015 0.024725757 0.025392369 0.030759381 0.034448391 0.037435541 0.04348085 0.046827811 0.056671123 0.060677386 0.065294442 0.071438064 0.074540793 0.07882963 0.087088966 0.087108332 0.092586142 0.097552052 0.098448148 0.101643142 0.108149047 0.112696158 0.114431614 0.114916765 0.113689997 0.12102904 0.116816526 0.118804836 0.120149117 0.122816611 0.122769094 0.125576526 0.122599057 0.120878722 0.124594535 0.121977989 0.119860447 0.128285995 0.131151702 0.136476059 0.144599967 0.153944571 0.16282251 0.180898417 0.184971984 0.201952908 0.216266362 0.222094675 0.218895817 0.227195171 0.239440931 0.233192601 0.297763201 0.267435888 0.018503221 0 0 0
444.149 0 0 0 0 0 0 0 0 0 0 0 0 0 0 0 0 0 0 0 0 0 0 0 0 0 0 0 0 0 0 0 0 0 0 0 0 0 0 0 0 0 0 0 0 0 0 0 0 0 0 0 0.006197339 0.009080739 0.008592915 0.007619759 0.012828018 0.011569553 0.014811393 0.01769199 0.021547583 0.025913873 0.02951639 0.032219966 0.034002234 0.042470222 0.043824282 0.047464983 0.054381025 0.061624525 0.067408331 0.069951664 0.074969861 0.080081024 0.082730012 0.089410819 0.092618214 0.096006775 0.099388799 0.105895652 0.106165151 0.108609326 0.109106735 0.112502512 0.115739247 0.116077091 0.119334698 0.117064987 0.118299753 0.118111236 0.119442442 0.122063669 0.121691746 0.119628553 0.119155701 0.120285294 0.124778314 0.125607616 0.128892453 0.139025973 0.146900652 0.141728433 0.161141545 0.174532924 0.185409788 0.197297893 0.210943018 0.218612095 0.223047106 0.22779419 0.2307224 0.238193414 0.275174702 0.468003938 0 0 0 0
447.451 0 0 0 0 0 0 0 0 0 0 0 0 0 0 0 0 0 0 0 0 0 0 0 0 0 0 0 0 0 0 0 0 0 0 0 0 0 0 0 0 0 0 0 0 0 0 0 0 0 0 0.002435798 0.006432644 0.007048325 0.009295084 0.011171056 0.011777094 0.015606535 0.015094638 0.019787339 0.024091593 0.024509091 0.029436943 0.03280297 0.035445338 0.045783379 0.049318774 0.050191915 0.055405723 0.061489162 0.061911423 0.07245828 0.075373066 0.08142755 0.083561809 0.087141018 0.090289312 0.094730102 0.098271985 0.101785101 0.100300802 0.107189745 0.11005901 0.111088776 0.112457261 0.113166678 0.112205636 0.115795899 0.117748334 0.117331799 0.117021977 0.115622787 0.116457864 0.11908142 0.113578898 0.116460176 0.122149617 0.121213295 0.124105855 0.133045344 0.138837286 0.146539047 0.15971411 0.166132069 0.189684313 0.187507989 0.204985527 0.200485198 0.209706033 0.238301723 0.220397506 0.215732153 0.27366517 0.339410033 0 0 0 0
450.755 0 0 0 0 0 0 0 0 0 0 0 0 0 0 0 0 0 0 0 0 0 0 0 0 0 0 0 0 0 0 0 0 0 0 0 0 0 0 0 0 0 0 0 0 0 0 0 0 0 0.004882352 0.005518311 0.00784932 0.008076043 0.008359396 0.011900941 0.012082689 0.015358681 0.02128351 0.02248889 0.023681505 0.025745341 0.031611124 0.034738492 0.037965645 0.043889014 0.047218972 0.049894586 0.057731752 0.062440515 0.067941801 0.07422254 0.075678492 0.079069326 0.085288156 0.084955067 0.091978032 0.094618062 0.098250005 0.098334623 0.105887202 0.103471556 0.108640201 0.109210046 0.106072959 0.111059669 0.110617376 0.112938512 0.114457736 0.110607652 0.114306458 0.113253494 0.112867224 0.113275374 0.112105715 0.112247705 0.119194536 0.123682349 0.123812264 0.127955901 0.143351476 0.146322877 0.164666938 0.168936237 0.179986284 0.202395488 0.198033854 0.208797967 0.203040015 0.230918449 0.24896236 0.212404005 0.224888967 0 0 0 0 0
454.06 0 0 0 0 0 0 0 0 0 0 0 0 0 0 0 0 0 0 0 0 0 0 0 0 0 0 0 0 0 0 0 0 0 0 0 0 0 0 0 0 0 0 0 0 0 0 0 0 0.003490222 0.002474736 0.004682199 0.007568844 0.009140035 0.009332 0.010196201 0.013951762 0.014932259 0.018027715 0.019979175 0.022318239 0.027743154 0.030014818 0.034630277 0.038993662 0.039810158 0.046986396 0.053013217 0.058335416 0.060345484 0.065736629 0.073336216 0.074123958 0.079824996 0.082666464 0.084199548 0.087983268 0.089582786 0.094553375 0.097208169 0.099725109 0.101661569 0.103759182 0.1042069 0.103740502 0.10509679 0.10777631 0.110221786 0.107567049 0.110844823 0.109309714 0.111042823 0.109922795 0.108656243 0.113157671 0.109161245 0.114248812 0.112254781 0.125420783 0.131538202 0.136782988 0.144832333 0.152678803 0.155494645 0.175853134 0.181974482 0.184585118 0.193149836 0.202618358 0.191586709 0.199196462 0.174431047 0.098005935 0 0 0 0 0
457.366 0 0 0 0 0 0 0 0 0 0 0 0 0 0 0 0 0 0 0 0 0 0 0 0 0 0 0 0 0 0 0 0 0 0 0 0 0 0 0 0 0 0 0 0 0 0 0 0.00571592 0.006124342 0.007906371 0.011009775 0.012350179 0.011297305 0.012482534 0.019560138 0.017663304 0.019259289 0.022391563 0.027982383 0.028904042 0.030815885 0.035944874 0.040304478 0.044207913 0.045902541 0.051345428 0.05468881 0.059506369 0.06646385 0.070264679 0.073150778 0.077551435 0.080734666 0.084708371 0.08645448 0.090274283 0.091339264 0.09940783 0.099320098 0.100081337 0.104169401 0.104064735 0.106201283 0.105485887 0.105368412 0.108888523 0.106295308 0.111238243 0.112945214 0.110932399 0.109451287 0.111413201 0.112369647 0.114247445 0.113276257 0.119275366 0.122218463 0.127268757 0.130580374 0.142464668 0.150518159 0.155933153 0.171362569 0.190769881 0.19605708 0.205307221 0.226747172 0.214724202 0.216133079 0.250426666 0.239260426 0 0 0 0 0 0
460.673 0 0 0 0 0 0 0 0 0 0 0 0 0 0 0 0 0 0 0 0 0 0 0 0 0 0 0 0 0 0 0 0 0 0 0 0 0 0 0 0 0 0 0 0 0 0 0.002332175 0.003704952 0.004812865 0.005755705 0.008209044 0.007983657 0.009527814 0.012899231 0.013240809 0.01529372 0.020071914 0.019982277 0.023722425 0.027191473 0.02706235 0.033971381 0.03813548 0.039305796 0.045605937 0.04855212 0.055814835 0.05571677 0.062064145 0.063645575 0.068572278 0.074580942 0.077289131 0.079178277 0.083387138 0.086156788 0.087636913 0.093332416 0.093115808 0.098053502 0.095166148 0.097452381 0.097440969 0.098617299 0.098602271 0.101475289 0.101235849 0.10159224 0.102560557 0.10113213 0.100694208 0.103332475 0.102755497 0.106872951 0.106873536 0.111710415 0.111342796 0.117302482 0.121899576 0.129840282 0.136074651 0.14945906 0.156848844 0.167006658 0.179239056 0.179950926 0.183012732 0.19241015 0.196448322 0.16002733 0 0 0 0 0 0 0
463.982 0 0 0 0 0 0 0 0 0 0 0 0 0 0 0 0 0 0 0 0 0 0 0 0 0 0 0 0 0 0 0 0 0 0 0 0 0 0 0 0 0 0 0 0 0 0.001976621 0.003811625 0.004006217 0.006121863 0.006417795 0.006733814 0.011086697 0.013106378 0.015142165 0.015442267 0.019001008 0.018968648 0.024030621 0.024620781 0.030792732 0.031587054 0.036132762 0.03876782 0.039704418 0.04322688 0.049226854 0.054696641 0.060335455 0.061010709 0.067561066 0.067194069 0.075296075 0.074806786 0.0791333 0.082434472 0.085130975 0.086318652 0.087994057 0.093038129 0.093112832 0.095379128 0.094007781 0.094475728 0.094094078 0.099219336 0.100204691 0.097471884 0.100781949 0.097222334 0.101004202 0.099793928 0.10232351 0.103180942 0.105531645 0.106344836 0.108021139 0.11401035 0.118932383 0.117946928 0.13287617 0.134597268 0.150288881 0.155728582 0.165802751 0.18007187 0.177971385 0.188109767 0.2036681 0.198645495 0.209638412 0 0 0 0 0 0 -10.02386158
467.292 0 0 0 0 0 0 0 0 0 0 0 0 0 0 0 0 0 0 0 0 0 0 0 0 0 0 0 0 0 0 0 0 0 0 0 0 0 0 0 0 0 0 0 0 0.003423732 0.003173137 0.00218636 0.006313271 0.005864953 0.009343773 0.006415155 0.011458654 0.014063769 0.013636258 0.016492271 0.015726842 0.020457422 0.021961498 0.027595704 0.030346717 0.033141774 0.035402823 0.037938311 0.041316509 0.046106998 0.048651546 0.054677393 0.057013479 0.062487118 0.065201784 0.067720529 0.072267768 0.074954218 0.075537783 0.081695661 0.081377647 0.087502138 0.087273196 0.089290479 0.08783896 0.089335746 0.094845085 0.091137876 0.093068127 0.093356505 0.093339865 0.099189692 0.097294137 0.098251769 0.096237261 0.100682463 0.0996062 0.102318254 0.097797799 0.101885119 0.106703302 0.106457278 0.116103844 0.117860373 0.124197043 0.13173073 0.146716162 0.158910559 0.158051716 0.168891154 0.170058024 0.180918563 0.16805009 0.175034243 0 0 0 0 0 0 0 -6.754210301
470.603 0 0 0 0 0 0 0 0 0 0 0 0 0 0 0 0 0 0 0 0 0 0 0 0 0 0 0 0 0 0 0 0 0 0 0 0 0 0 0 0 0 0 0 0.003131367 0.003261598 0.004309597 0.005984629 0.006219812 0.007500025 0.009020851 0.010875526 0.014117747 0.01324753 0.015129865 0.017501009 0.020851542 0.021845219 0.026382083 0.02825748 0.03035004 0.031576734 0.037609787 0.038008787 0.045757168 0.047108864 0.048796896 0.053602248 0.057152723 0.060289145 0.06454785 0.065000962 0.070391161 0.07337358 0.075311115 0.077446135 0.083636177 0.083099662 0.084753141 0.089328612 0.086563651 0.090138697 0.088421199 0.089679937 0.092068836 0.091684613 0.09128872 0.09162106 0.093269521 0.091729662 0.098729664 0.095324301 0.094560144 0.09857312 0.100547556 0.099941872 0.099732033 0.110472896 0.113078997 0.119096886 0.132216081 0.138747175 0.146304526 0.148364758 0.163212254 0.174591534 0.167602889 0.187580419 0.190268979 0.17334585 0 0 0 0 0 0 3.157266864 -0.729107137
473.915 0 0 0 0 0 0 0 0 0 0 0 0 0 0 0 0 0 0 0 0 0 0 0 0 0 0 0 0 0 0 0 0 0 0 0 0 0 0 0 0 0 0 0.004833679 0.005981204 0.00717947 0.00828698 0.008425138 0.012089904 0.011308302 0.01451487 0.014421201 0.015532654 0.018556593 0.018369494 0.020166305 0.023505069 0.026314931 0.031679763 0.028614159 0.036141231 0.036576076 0.042378886 0.042829423 0.046221609 0.050681435 0.054497506 0.05441614 0.060281762 0.063044784 0.065118735 0.069367565 0.071416915 0.074859113 0.078476655 0.078665998 0.083807935 0.082817396 0.086350293 0.086471541 0.086965561 0.088625987 0.090728095 0.090470743 0.09131799 0.089931108 0.09305551 0.091284861 0.093354593 0.095031241 0.090706284 0.097049345 0.09925147 0.099517954 0.098886211 0.098102444 0.110061864 0.111705593 0.114564199 0.122347586 0.132728045 0.135467525 0.143038865 0.160016977 0.164029737 0.168135085 0.17615123 0.188565644 0.190097256 0 0 0 0 0 0 0 5.247475517 32.1328133
477.228 0 0 0 0 0 0 0 0 0 0 0 0 0 0 0 0 0 0 0 0 0 0 0 0 0 0 0 0 0 0 0 0 0 0 0 0 0 0 0 0 0 0.002452169 0.003148386 0.003923513 0.005525166 0.006393081 0.007673583 0.009235784 0.011567054 0.012086568 0.012589518 0.014923946 0.014944234 0.01923895 0.020012083 0.02188582 0.025639475 0.02615581 0.029590807 0.033957834 0.031214398 0.039533616 0.038272626 0.045506752 0.047757942 0.050699556 0.053799502 0.056257576 0.060268595 0.061335358 0.065327124 0.067479098 0.071489942 0.073438429 0.075127076 0.073372654 0.079941876 0.079486731 0.081132334 0.082911091 0.08533636 0.082895254 0.083407812 0.086390207 0.087107323 0.086226906 0.089249 0.08819928 0.091363372 0.089798719 0.088968236 0.091599294 0.093465728 0.096684614 0.097094756 0.100190503 0.106394902 0.106814524 0.117744582 0.120996794 0.133722822 0.135716653 0.139157673 0.150385068 0.166789929 0.169335235 0.167339379 0.170139568 0 0 0 0 0 0 -0.336211321 5.174767361 6.961966714
480.542 0 0 0 0 0 0 0 0 0 0 0 0 0 0 0 0 0 0 0 0 0 0 0 0 0 0 0 0 0 0 0 0 0 0 0 0 0 0 0 0 0.00314068 0.003173497 0.00298017 0.006015393 0.005427768 0.005979117 0.007336178 0.008978876 0.012325714 0.012360889 0.01245469 0.015113058 0.015620207 0.019714576 0.019160686 0.021381913 0.02567683 0.027352319 0.028485239 0.03227413 0.033943014 0.037876966 0.03927454 0.044578153 0.046084019 0.049003009 0.053002886 0.054598424 0.059384487 0.061134697 0.063561191 0.067343537 0.069527611 0.073709906 0.072684256 0.075639559 0.076279307 0.078156667 0.079457128 0.08116668 0.079858159 0.081927935 0.083021472 0.080908845 0.083440864 0.084180357 0.085400421 0.084751636 0.089514426 0.085575665 0.088323285 0.091091571 0.088991078 0.090922731 0.094741668 0.096671767 0.102011686 0.10989967 0.113060057 0.120665301 0.126317207 0.131588233 0.139735971 0.150573921 0.168326264 0.166834771 0.15818694 0 0 0 0 0 0 0 0.555716573 1.632661169 -10.19081955
483.858 0 0 0 0 0 0 0 0 0 0 0 0 0 0 0 0 0 0 0 0 0 0 0 0 0 0 0 0 0 0 0 0 0 0 0 0 0 0 0 0.00234166 0.003955359 0.004367978 0.004562971 0.005250587 0.007029004 0.007650439 0.008645322 0.009693742 0.012832386 0.013139209 0.014901711 0.017369496 0.01697539 0.020220011 0.020649181 0.022956386 0.024002403 0.029291951 0.027799337 0.032728676 0.03403384 0.035813617 0.038465173 0.041918418 0.046137657 0.04895077 0.052927986 0.056839674 0.057503747 0.057821372 0.063595128 0.064291898 0.068666706 0.068956968 0.069030721 0.072155069 0.074081089 0.074712045 0.073946034 0.077995645 0.076343988 0.079666807 0.076973857 0.077325367 0.08260336 0.079164945 0.080840528 0.081344755 0.080463149 0.084840048 0.086931605 0.085677134 0.089127104 0.089447454 0.097393397 0.100284038 0.09792544 0.100556215 0.112268054 0.117775122 0.127568098 0.132164533 0.143648064 0.1454008 0.14433947 0.157059774 0.158520852 0 0 0 0 0 0 0.573987921 0.064741682 2.574270237 4.049336233
487.174 0 0 0 0 0 0 0 0 0 0 0 0 0 0 0 0 0 0 0 0 0 0 0 0 0 0 0 0 0 0 0 0 0 0 0 0 0 0 0.004377142 0.004557816 0.004965081 0.0050235 0.006346057 0.00678467 0.006891747 0.009140708 0.012035867 0.01009701 0.013969551 0.014824234 0.016683262 0.017466953 0.020181387 0.021046935 0.024745403 0.024039219 0.026341493 0.026444957 0.028941415 0.032479993 0.035321764 0.038822765 0.041156686 0.045405187 0.04950006 0.049514994 0.051645107 0.054138065 0.056294673 0.059099564 0.063405721 0.064047084 0.065227626 0.068083364 0.06956522 0.071015326 0.070141217 0.072838097 0.076784964 0.078367253 0.076190358 0.078620673 0.076320159 0.082087508 0.07973656 0.079379775 0.080077593 0.081857192 0.081271434 0.082274593 0.085212695 0.085103528 0.087849708 0.087557221 0.087712317 0.093521121 0.100078685 0.105571027 0.110324 0.113469249 0.127793598 0.137278255 0.141000063 0.137304679 0.152575251 0.149190101 0 0 0 0 0 0 0 0.556906358 0.662676773 7.496490417 21.13252007
490.492 0 0 0 0 0 0 0 0 0 0 0 0 0 0 0 0 0 0 0 0 0 0 0 0 0 0 0 0 0 0 0 0 0 0 0 0 0 0.002432928 0.001830316 0.00334568 0.003474312 0.003945741 0.005311735 0.004292508 0.007216935 0.008969671 0.00800849 0.010341581 0.010803469 0.012103776 0.012953347 0.015634543 0.017199804 0.020286591 0.021355781 0.022093763 0.022279119 0.027859316 0.026324614 0.029322754 0.033530196 0.035029473 0.036561957 0.039796622 0.044156591 0.044725929 0.046958433 0.051525931 0.05154824 0.055110477 0.059860717 0.061458344 0.061181206 0.062904451 0.063928497 0.067233921 0.066949088 0.068851519 0.068356354 0.06878351 0.072422315 0.072940197 0.072253626 0.069562774 0.072262202 0.074426167 0.077069104 0.076600765 0.07419135 0.075366317 0.077208501 0.078503009 0.080359131 0.085748599 0.085594534 0.088318561 0.092522828 0.096143273 0.105086993 0.105431139 0.117936278 0.123295966 0.127365481 0.133856888 0.14542004 0.135954166 0 0 0 0 0 0 -0.034149081 0.009546041 -0.771807128 -9.607559923 -26.91518836
493.81 0 0 0 0 0 0 0 0 0 0 0 0 0 0 0 0 0 0 0 0 0 0 0 0 0 0 0 0 0 0 0 0 0 0 0 0 -0.000126 0.000183 0.002553828 0.002024817 0.005566055 0.003942759 0.004628041 0.005909044 0.00608332 0.008431992 0.008345207 0.007913552 0.009324989 0.009941631 0.015112601 0.014970705 0.018376896 0.017792477 0.020065609 0.021233173 0.023140412 0.024592823 0.025198885 0.029835629 0.031181797 0.034475013 0.038142347 0.038913385 0.04027474 0.04401459 0.048971107 0.048741324 0.051074721 0.053341813 0.054998427 0.057679672 0.058339624 0.060325303 0.062545585 0.063484632 0.064774295 0.064544447 0.065599248 0.065948726 0.068026942 0.06763378 0.067669753 0.069644544 0.070042058 0.069613899 0.071321128 0.075975626 0.073771107 0.074788413 0.076686431 0.075358418 0.077246297 0.079345977 0.081202799 0.087046992 0.09058637 0.088439345 0.093976405 0.10384772 0.107512503 0.114922113 0.12290377 0.127009348 0.127194244 0 0 0 0 0 0 0 -0.021507523 -0.162961035 -1.738686885 -2.781737397 -21.92354175
497.13 0 0 0 0 0 0 0 0 0 0 0 0 0 0 0 0 0 0 0 0 0 0 0 0 0 0 0 0 0 0 0 0 0 0 0 0.003483516 0.004443962 0.006818185 0.004791969 0.005763834 0.004361979 0.007289928 0.006381091 0.00799641 0.010805737 0.012531676 0.012390092 0.013488012 0.015730654 0.01608772 0.019218222 0.019458936 0.021117918 0.023145656 0.022876089 0.026332828 0.026967987 0.02879912 0.031527126 0.034255989 0.036284669 0.038270822 0.042404297 0.040640976 0.043588704 0.045340765 0.047098327 0.052311125 0.05112418 0.054825226 0.057810056 0.058108068 0.063126628 0.063003979 0.064030201 0.064550745 0.065898792 0.065725515 0.06713288 0.06638264 0.066234537 0.068082317 0.06917106 0.069227312 0.067955668 0.071133115 0.071692126 0.072097288 0.070233044 0.075945816 0.074496397 0.076911836 0.079631026 0.08032364 0.086100939 0.086935544 0.089459325 0.097138922 0.101467779 0.103167055 0.113524305 0.113095794 0.132356416 0.135469076 0.142430833 0 0 0 0 0 0 0.216994806 0.233266472 0.640036145 1.266300351 3.092293902 3.983551433
500.451 0 0 0 0 0 0 0 0 0 0 0 0 0 0 0 0 0 0 0 0 0 0 0 0 0 0 0 0 0 0 0 0 0 0 0.00065 0.002067572 0.002529782 0.00510635 0.004446494 0.004581012 0.005297389 0.006050847 0.007437675 0.007354603 0.008739378 0.009503548 0.011765667 0.012046399 0.015118781 0.015834213 0.015306512 0.017939632 0.01888237 0.020747997 0.02210457 0.023998158 0.026055678 0.027535259 0.030067885 0.03222299 0.031733802 0.035143936 0.036405798 0.040129819 0.041350918 0.042297636 0.047057817 0.047029338 0.050199059 0.051764566 0.053780621 0.054443689 0.057029642 0.058162967 0.057608883 0.06247436 0.060758691 0.062682115 0.0654994 0.063256137 0.065917681 0.064379215 0.066047587 0.0660945 0.0654678 0.067602489 0.068810229 0.068539595 0.072241412 0.073437203 0.070428367 0.074586419 0.076765798 0.077186308 0.079278919 0.083041156 0.086715566 0.08575401 0.093262933 0.104401943 0.107848729 0.116379185 0.119405969 0.118242246 0 0 0 0 0 0 0 0.140839734 0.106049573 -0.011262299 -0.923090975 -5.152969068 13.97107379
503.772 0 0 0 0 0 0 0 0 0 0 0 0 0 0 0 0 0 0 0 0 0 0 0 0 0 0 0 0 0 0 0 0 0 0.003512254 0.001624352 0.002099133 0.004622831 0.004495798 0.005658169 0.005281273 0.006238322 0.007812924 0.00750549 0.008249687 0.010581732 0.012151241 0.01224153 0.011957506 0.015632426 0.014291864 0.020205139 0.018275791 0.022958603 0.021736966 0.020707993 0.022241076 0.024890645 0.028670615 0.032415243 0.031299099 0.034678637 0.037466067 0.036125913 0.042862898 0.038667063 0.042937497 0.045194963 0.048070154 0.049862292 0.050703517 0.052712021 0.056754213 0.058566756 0.059167339 0.056562823 0.058898262 0.059192442 0.062328976 0.059135911 0.06289658 0.06341268 0.063327 0.062384425 0.066704535 0.063278765 0.065615104 0.065730864 0.069429463 0.06840032 0.066047625 0.07084919 0.070779375 0.071724963 0.077982693 0.07979776 0.08450509 0.085420506 0.096400809 0.09591503 0.100232145 0.106688789 0.110393732 0.117567081 0.122907147 0 0 0 0 0 0 0.161519317 0.16380853 0.270724899 0.383357605 0.790241372 -1.851413575 0.756689759
507.095 0 0 0 0 0 0 0 0 0 0 0 0 0 0 0 0 0 0 0 0 0 0 0 0 0 0 0 0 0 0 0 0 0.000889 0.003179728 0.003739699 0.003476593 0.004487278 0.002214941 0.003818527 0.005446895 0.005708113 0.007236497 0.008882636 0.009718612 0.009037386 0.009606347 0.012878169 0.011707406 0.014524028 0.016215743 0.015676908 0.020279971 0.019416305 0.019914182 0.025061635 0.025194223 0.024260824 0.027652666 0.031144317 0.032178866 0.031502877 0.032742443 0.035521312 0.039402372 0.039089987 0.043207055 0.043993429 0.045159189 0.046584852 0.048972959 0.051357518 0.052154106 0.052371837 0.054519606 0.054799653 0.059416941 0.05899583 0.058635232 0.059537494 0.061591148 0.060253655 0.060907694 0.060571369 0.059629457 0.061008052 0.064121085 0.063940587 0.065892916 0.068588337 0.066822947 0.07069947 0.070165979 0.072383851 0.073500758 0.074844943 0.07823397 0.082047008 0.087541415 0.088041714 0.096014987 0.092350419 0.108873149 0.121034677 0 0 0 0 0 0 0 0.135344601 0.133631234 0.10241327 -0.079239594 0.355638215 -7.205277489 2.671699909
510.418 0 0 0 0 0 0 0 0 0 0 0 0 0 0 0 0 0 0 0 0 0 0 0 0 0 0 0 0 0 0 0 0.003634223 0.00351463 0.004336556 0.00353265 0.005207127 0.005489913 0.0058489 0.005641461 0.00680611 0.007664385 0.008633499 0.00937112 0.009577293 0.01077219 0.012316048 0.011502298 0.014222655 0.013061446 0.016520733 0.014702645 0.018465199 0.022509176 0.021016492 0.022611772 0.022636297 0.024788056 0.027929637 0.028139552 0.029306134 0.033276439 0.034491348 0.034170509 0.035489725 0.037160163 0.041639962 0.043591628 0.046053945 0.047013756 0.049864403 0.049250814 0.051402211 0.053069293 0.053740143 0.053730009 0.054990001 0.055313093 0.057120472 0.056211469 0.058554459 0.057357034 0.057772194 0.059397934 0.061522126 0.059590907 0.061159674 0.060725201 0.064860075 0.062980903 0.067155658 0.065219754 0.067279477 0.071766131 0.073400271 0.075709993 0.07746133 0.080840414 0.083152534 0.090311937 0.094754928 0.097424278 0.108821376 0.109870895 0 0 0 0 0 0 0.130066654 0.132927 0.164062868 -0.023098877 0.100146292 0.506867939 -0.194444611 12.86339362
513.742 0 0 0 0 0 0 0 0 0 0 0 0 0 0 0 0 0 0 0 0 0 0 0 0 0 0 0 0 0 0 0.000646 -0.000272 0.003028724 0.00244012 0.000147 0.004001955 0.004454205 0.004524607 0.006235591 0.006228138 0.006057453 0.007375282 0.010461825 0.008940414 0.009873981 0.010900801 0.012367454 0.011457931 0.014346465 0.015182549 0.015094296 0.018166723 0.018687637 0.019403528 0.019630868 0.024843123 0.02580829 0.027407667 0.025811829 0.028092255 0.033030387 0.031074426 0.032175827 0.036094481 0.037908404 0.03880535 0.040165689 0.041060091 0.042449301 0.044331122 0.046866373 0.046655598 0.048065939 0.051015621 0.052139737 0.051050527 0.052118279 0.054474015 0.05398013 0.05356993 0.057180467 0.055273283 0.057026674 0.056668392 0.059381899 0.057082636 0.056512188 0.058120769 0.061654381 0.061419743 0.059029799 0.062568241 0.065691605 0.067196908 0.070747146 0.072555168 0.078022112 0.081054693 0.080638273 0.092117582 0.096046961 0.089322609 0 0 0 0 0 0 0.090172368 0.091998591 0.087927738 0.073923272 0.054603169 -0.15592801 -0.6019454 -4.227614599 -12.69440422
517.068 0 0 0 0 0 0 0 0 0 0 0 0 0 0 0 0 0 0 0 0 0 0 0 0 0 0 0 0 0 -0.001469588 -0.00075 0.001427657 0.002305982 0.00229963 0.000829 0.002872355 0.003754314 0.004999011 0.005391177 0.006014677 0.007195067 0.009001866 0.008060562 0.00851433 0.009314446 0.010905544 0.010989367 0.014144476 0.014065797 0.014027742 0.018174271 0.016753576 0.016680671 0.019316406 0.018701028 0.021259899 0.022562248 0.026595227 0.024868055 0.026560079 0.029053398 0.032287165 0.032355471 0.033964694 0.035682037 0.035932817 0.036358105 0.04189735 0.041032331 0.042686549 0.045454706 0.045010085 0.046889436 0.049745406 0.049231081 0.04865003 0.050041677 0.05040674 0.052335042 0.050929487 0.051862493 0.051927857 0.053596217 0.0528335 0.053950672 0.05388174 0.055195316 0.059513215 0.056392856 0.060243437 0.061264673 0.061116014 0.063908278 0.068800634 0.068559845 0.069660063 0.075670028 0.072426475 0.085345198 0.082908387 0.088897183 0.089222843 0 0 0 0 0 0 0.094250838 0.074726547 0.092002708 0.007397133 -0.055781313 0.172453417 -1.21753716 -1.38883063 -0.033262659
520.394 0 0 0 0 0 0 0 0 0 0 0 0 0 0 0 0 0 0 0 0 0 0 0 0 0 0 0 0 0.000922 0.00196091 0.001408936 0.0009 0.002907525 0.001390023 0.002748399 0.005868421 0.004048736 0.00464895 0.007383279 0.005860026 0.006181856 0.007127299 0.009608865 0.009440151 0.009537597 0.012503956 0.011626018 0.012533539 0.012319314 0.014721991 0.014774804 0.018064726 0.017335649 0.02030396 0.020736672 0.022305986 0.024128772 0.024849678 0.023883246 0.026112779 0.02763153 0.029472897 0.032290542 0.031566921 0.035058808 0.03519309 0.037757245 0.037730379 0.040411761 0.042026343 0.04353091 0.045287019 0.044523813 0.047303286 0.046445829 0.04877384 0.049199835 0.051707795 0.0519378 0.051562032 0.051945959 0.050736271 0.052572177 0.049593621 0.052473894 0.051977717 0.057189085 0.057361947 0.058469915 0.055948689 0.056143083 0.059852727 0.060963787 0.063149447 0.065777867 0.065683683 0.07437256 0.070397136 0.076840235 0.080488066 0.090831062 0 0 0 0 0 0 0.11049097 0.088406507 0.112058839 0.100913767 0.016861654 0.019937118 -0.065677737 -0.589488842 -3.736883706 -14.59508474
523.721 0 0 0 0 0 0 0 0 0 0 0 0 0 0 0 0 0 0 0 0 0 0 0 0 0 0 0 0.004727267 0.0035144 0.00246442 0.004077531 0.007177625 0.005276421 0.00592357 0.007317599 0.006574506 0.008972134 0.007880923 0.008342049 0.009602211 0.009376734 0.009367993 0.010693393 0.012468207 0.010778012 0.012563417 0.014142647 0.013505091 0.014608517 0.017896385 0.01860263 0.021026606 0.019028492 0.021721704 0.024345299 0.022706618 0.024065277 0.025598807 0.028670853 0.026668488 0.032268891 0.033304723 0.03359209 0.0359002 0.037468963 0.036668964 0.038015708 0.040597217 0.040294057 0.043521256 0.045808867 0.045360038 0.047276337 0.045183006 0.049102808 0.047091072 0.047407318 0.049135853 0.051092248 0.047531111 0.052336294 0.052396358 0.051914275 0.051660199 0.050532416 0.054915397 0.051427996 0.054534582 0.055338907 0.057900368 0.059157942 0.058194239 0.062316439 0.063130434 0.066050652 0.067881063 0.075966783 0.079464535 0.080829527 0.08184012 0.094347315 0 0 0 0 0 0 0.113636965 0.113755585 0.102694317 0.093582409 0.178500322 0.23782041 0.524527647 1.807346098 -1.39441733 16.70647712
527.048 0 0 0 0 0 0 0 0 0 0 0 0 0 0 0 0 0 0 0 0 0 0 0 0 0 0 0.002579445 0.004517444 0.002278407 0.000193 0.001801012 0.001271474 0.002930977 0.004836643 0.004778938 0.005413635 0.005361155 0.00749645 0.006798609 0.007333671 0.007993809 0.008808359 0.009790512 0.009917063 0.012206006 0.010932862 0.013976135 0.014991472 0.014235122 0.016188886 0.016433806 0.0164853 0.019043467 0.019582608 0.020996519 0.021621961 0.022596223 0.026448293 0.025375725 0.027015873 0.028306831 0.028455839 0.029222691 0.031484517 0.033293753 0.032461194 0.03479644 0.035691368 0.037232274 0.039642588 0.042311537 0.041453889 0.040540095 0.042120025 0.04213489 0.04421176 0.045225048 0.045039645 0.046246488 0.049500339 0.047591989 0.048724043 0.047882191 0.046869723 0.047892345 0.050580701 0.048380918 0.051487182 0.055624589 0.052662428 0.055672929 0.057197793 0.057903088 0.061548852 0.061559434 0.065556833 0.071537125 0.0725045 0.07584427 0.079639318 0 0 0 0 0 0 0.104290784 0.106728357 0.100769707 0.11312651 0.120723015 0.149332475 -0.0447844 0 -0.002809626 3.469953393 4.88568612
530.377 0 0 0 0 0 0 0 0 0 0 0 0 0 0 0 0 0 0 0 0 0 0 0 0 0 0.000467 0.002468422 -0.001407 0.002485105 0.00465032 0.001137988 0.004182776 0.003774533 0.002184881 0.00323483 0.00453637 0.003686572 0.00743284 0.006501135 0.006627202 0.007321841 0.008461732 0.009338341 0.009968485 0.009429079 0.01094939 0.010975599 0.011704843 0.014904084 0.014845344 0.014984308 0.015577418 0.016970275 0.017174197 0.018367239 0.018464392 0.021551067 0.021242453 0.021113101 0.024733116 0.025327567 0.024478736 0.025773629 0.029731654 0.030370107 0.0299833 0.031975237 0.032816615 0.033268075 0.037526937 0.034789872 0.037716283 0.041829331 0.037949502 0.039827212 0.043293058 0.041343144 0.04177692 0.044957752 0.044962572 0.043632003 0.044119733 0.042433876 0.044496277 0.045431453 0.047741926 0.046730696 0.04568893 0.050962135 0.050068526 0.050210833 0.050661228 0.051624727 0.055717601 0.061372491 0.058312017 0.061269394 0.067186168 0.068348979 0.073496282 0 0 0 0 0 0 0.081169099 0.094003598 0.064799483 0.081465165 0.048780073 0.034837 0.09945722 -0.097783432 -1.994580725 -4.617540756 -12.26773061
533.706 0 0 0 0 0 0 0 0 0 0 0 0 0 0 0 0 0 0 0 0 0 0 0 0 0.001221689 0.001759911 0.002242621 0.004744856 0.004565974 0.001779063 0.004659122 0.003641827 0.002936456 0.005001604 0.006333154 0.004613843 0.004363744 0.006987485 0.009382828 0.00861477 0.007783623 0.008868636 0.010176618 0.011731909 0.008876801 0.012403797 0.012287288 0.013378503 0.011458589 0.016956823 0.016026622 0.015601387 0.018605975 0.018965957 0.019517009 0.020213815 0.021721829 0.023320469 0.021305799 0.023704896 0.02328962 0.025087205 0.028806412 0.030622136 0.031771004 0.031128186 0.031316526 0.03238642 0.03797332 0.034125236 0.036286421 0.035766599 0.038179429 0.03870654 0.037381772 0.03875819 0.039302915 0.041406692 0.03987975 0.041348661 0.041047651 0.043481352 0.041840789 0.042654118 0.043451908 0.045982576 0.044762426 0.044676199 0.047390642 0.045579448 0.045985461 0.04794043 0.053530995 0.052636123 0.058025349 0.056556598 0.062311838 0.061034552 0.064549609 0 0 0 0 0 0 0.080795684 0.083323193 0.086640885 0.102414851 0.100646021 0.117493168 0.053922569 0.17282212 0.269896305 -0.004222044 -2.312354031 -6.126436096
537.037 0 0 0 0 0 0 0 0 0 0 0 0 0 0 0 0 0 0 0 0 0 0 0 0.00424898 0.001235291 0.000238 0.003511669 0.003259065 4.05e-07 0.002599382 0.002012489 0.004317792 0.001096679 0.003073094 0.001475923 0.006873887 0.006837545 0.006584384 0.007532573 0.007357345 0.008393197 0.007973796 0.010350701 0.010077942 0.009864411 0.011764184 0.011377806 0.014598689 0.013978388 0.013710358 0.015425361 0.015519632 0.016256577 0.017607977 0.017144255 0.020728676 0.017853653 0.020610657 0.022838845 0.023818472 0.024484657 0.024967252 0.026743011 0.024146989 0.028848488 0.028581522 0.029577435 0.029952841 0.031694048 0.033874814 0.035530096 0.034886319 0.039078986 0.038261718 0.034657599 0.03920561 0.036822649 0.038195745 0.039024598 0.038796927 0.041198841 0.039504939 0.042788109 0.039156607 0.043386468 0.042825563 0.045442766 0.042466536 0.045625096 0.044729106 0.047816093 0.046841204 0.048451817 0.052011701 0.052689396 0.055934238 0.05876817 0.062984944 0.065523331 0 0 0 0 0 0 0.08623299 0.085698981 0.076092894 0.082011744 0.055215374 0.050409162 0.115564129 -0.044749802 0.11693544 0.040723061 -1.088368584 18.90882538
540.367 0 0 0 0 0 0 0 0 0 0 0 0 0 0 0 0 0 0 0 0 0 0 0.002576729 -0.00404413 0.004008054 0.001557582 0.004942423 0.001323073 0.002120915 0.003852057 0.0041805 0.004377014 0.004462218 0.003594513 0.005525519 0.006891677 0.005557452 0.008274766 0.006900698 0.007043116 0.009932054 0.00852704 0.008770994 0.009775217 0.010107311 0.011388166 0.009810692 0.011490675 0.013551998 0.014428883 0.016077157 0.016518666 0.016543881 0.017039962 0.017781946 0.020656256 0.020253498 0.023209685 0.020961081 0.019531702 0.023034733 0.025802341 0.024207773 0.025960342 0.029466124 0.027543829 0.027876153 0.030637275 0.029432519 0.031611387 0.031448965 0.034030576 0.034171922 0.036313547 0.035829978 0.038586857 0.036749139 0.036052737 0.039360129 0.038488227 0.038333357 0.037870941 0.038314014 0.039823512 0.041149124 0.040780323 0.04180347 0.043912383 0.043400396 0.047415692 0.043717278 0.047382357 0.048916703 0.050252923 0.048948213 0.054024714 0.057140337 0.056369444 0 0 0 0 0 0 0.084645734 0.098742725 0.079217287 0.100009225 0.075899214 0.107132727 0.07178853 0.123656057 0.174003939 0.249624531 0.691853776 -0.239445653 -19.16340317
543.699 0 0 0 0 0 0 0 0 0 0 0 0 0 0 0 0 0 0 0 0 0 -0.006992877 0.000823 2.11e-06 0.001515309 0.004004621 0.001736558 0.003781946 0.000533 0.002556657 0.002160894 0.005743943 0.004340855 0.001614294 0.007505332 0.004695866 0.005621859 0.0042544 0.007472804 0.00707046 0.007673954 0.007500565 0.009020101 0.008747233 0.010769632 0.009451069 0.011004925 0.011914436 0.009973916 0.013518022 0.015664821 0.015621418 0.013198723 0.016766669 0.019832857 0.016338916 0.018598104 0.020430909 0.019979448 0.021542246 0.020296356 0.021389419 0.024494565 0.023806819 0.025767415 0.026427817 0.028494218 0.030141947 0.027824031 0.031361164 0.030664827 0.032823383 0.031591051 0.034833786 0.034366124 0.032931518 0.035898602 0.035003025 0.035138498 0.036162222 0.03388516 0.036985878 0.037331109 0.037395066 0.038628375 0.038909348 0.038148215 0.040974879 0.038491918 0.040968262 0.040825756 0.04395632 0.0466557 0.046970379 0.050149796 0.051513876 0.053766793 0.055819654 0 0 0 0 0 0 0.080606717 0.068512497 0.081060023 0.069214265 0.053633453 0.080857578 0.064534282 0.001396733 0.12408441 0.003141418 -0.538299801 -3.552239244 -3.634494291
547.031 0 0 0 0 0 0 0 0 0 0 0 0 0 0 0 0 0 0 0 0 0.005957976 0.008766256 0.006082517 0.005589461 0.003573864 0.006484208 0.007608506 0.004608529 0.005514648 0.005160918 0.00782957 0.003794236 0.006914909 0.007493032 0.007725184 0.009470908 0.010283989 0.008505456 0.00834446 0.0082896 0.008952497 0.009654414 0.009476503 0.009927716 0.013915565 0.014078594 0.013017863 0.013975795 0.014208251 0.016034958 0.014953241 0.018455039 0.021206146 0.017241377 0.019091648 0.017902442 0.021674898 0.020039584 0.022857464 0.023244497 0.023399602 0.028600885 0.027217801 0.025589876 0.027063676 0.030298479 0.028129261 0.031812934 0.030572603 0.033341981 0.031042228 0.034901953 0.033641918 0.034779001 0.035292414 0.032866026 0.036504216 0.033602574 0.035997806 0.035990248 0.035730917 0.036407061 0.03803738 0.03655312 0.037607924 0.037080533 0.039316746 0.039685234 0.041855278 0.043076868 0.04721456 0.045579155 0.046071308 0.047036654 0.049066644 0.049658055 0.057149671 0 0 0 0 0 0 0.078837694 0.075566798 0.074309988 0.089436407 0.080881579 0.105311987 0.088006858 0.100497646 0.200428197 0.200843348 0.772511393 1.086557373 4.598894643 25.35882498
550.364 0 0 0 0 0 0 0 0 0 0 0 0 0 0 0 0 0 0 0 0.000931 0.000147 -0.00116055 0.001251584 0.001742457 0.000121 0.003818098 0.001879599 0.002035143 0.003046336 0.00093 0.004687361 0.002769375 0.003699117 0.004674561 0.004292799 0.004765668 0.004720105 0.006237115 0.006206392 0.006856245 0.006558521 0.008397217 0.00815899 0.007604012 0.006931533 0.009275004 0.010967676 0.011871681 0.012811498 0.010665811 0.010781041 0.013865092 0.015721444 0.015649723 0.01666593 0.015568599 0.017467193 0.018829731 0.019532583 0.019109865 0.019551197 0.019917205 0.018916553 0.025935958 0.022283759 0.025134941 0.024536653 0.025617184 0.026544565 0.024782488 0.026375818 0.025705115 0.028302757 0.029897516 0.029289218 0.027881276 0.032412639 0.030660322 0.031697851 0.030743154 0.03373301 0.031208054 0.032085482 0.034593172 0.035721613 0.035118834 0.035628463 0.037605882 0.035906011 0.03653833 0.038164927 0.039386022 0.041511275 0.042437113 0.043679368 0.044886152 0.051222041 0 0 0 0 0 0 0.061519775 0.05926822 0.072022684 0.063603409 0.049609481 0.045893604 0.076444576 0.06738758 0.036289342 0.036163626 -0.395777366 -0.303036854 -2.545624296 -24.46033561
553.698 0 0 0 0 0 0 0 0 0 0 0 0 0 0 0 0 0 0 0.004963342 0.008108094 0.001960268 -0.002474067 -0.00014 0.002828237 0.00516787 0.004826291 0.004026392 0.005458398 0.006895668 0.002923786 0.008126384 0.005667702 0.005846917 0.003048663 0.006678151 0.006106346 0.007293033 0.008195695 0.008130114 0.008973679 0.007870621 0.008579176 0.008003878 0.01043726 0.010339803 0.01081837 0.010109007 0.011262473 0.013028442 0.012607931 0.013520054 0.014601383 0.013884668 0.014555382 0.014168976 0.018403485 0.017925037 0.018442603 0.020962919 0.019117505 0.021838553 0.019499205 0.022653251 0.021125928 0.023185187 0.023636265 0.025704174 0.02697617 0.026248024 0.027290779 0.028302848 0.028491476 0.027158316 0.028708008 0.030692366 0.028671445 0.030548584 0.030874388 0.03133113 0.032408163 0.03156777 0.032173709 0.034814241 0.034980301 0.034630068 0.033129012 0.033889225 0.035500873 0.037086016 0.038181072 0.038797698 0.042162963 0.041136473 0.044468722 0.042718517 0.048769006 0 0 0 0 0 0 0.054321544 0.060765716 0.063782304 0.063479791 0.067387275 0.072882634 0.095005257 0.078855301 0.063606128 0.124375869 0.069735628 0.247805567 1.258635648 3.238700848 -12.88632183
557.032 0 0 0 0 0 0 0 0 0 0 0 0 0 0 0 0 0 -0.00280518 -3.75e-06 -0.001876342 -0.001511839 -0.000295 0.004203414 0.000271 -0.001038376 -0.000126 0.002733068 0.001818344 -0.001866764 0.002089184 0.000699 0.000962 0.001504774 0.005531263 0.00489544 0.002398025 0.004680148 0.005450078 0.004663233 0.007483788 0.006502552 0.007163373 0.006950212 0.007686262 0.006296086 0.010172639 0.008492697 0.011279226 0.008281197 0.010025392 0.010465269 0.012471952 0.013695815 0.01312597 0.015514329 0.015668184 0.017129298 0.017594793 0.016313227 0.017501487 0.018008148 0.017896023 0.01887216 0.019296155 0.019882794 0.020657255 0.019832582 0.021499724 0.023227383 0.024875316 0.023982982 0.025732328 0.026322849 0.02620766 0.027429246 0.025631703 0.02634856 0.026676299 0.027974962 0.028437439 0.028750954 0.03107252 0.02818919 0.027610163 0.030349318 0.029546053 0.027953497 0.031787698 0.033373823 0.033850663 0.033691164 0.034746463 0.035221564 0.037338669 0.037976101 0.041510327 0 0 0 0 0 0 0.051096755 0.062719442 0.055111616 0.059654924 0.047824027 0.058221133 0.049194363 0.026284047 0.018735148 0.072889837 -0.053851229 -0.03849616 -0.545538235 -10.04028671 -35.43813509
560.367 0 0 0 0 0 0 0 0 0 0 0 0 0 0 0 0 0.003762276 0.001327477 0.002582868 0.001254541 -1.74e-06 0.001462535 0.003808507 -0.001083978 0.004165885 0.00474288 0.004776401 0.000682 0.004964779 0.003585142 0.006269577 0.003970287 0.006068768 0.005235252 0.003202073 0.007792884 0.007423937 0.004514666 0.00590138 0.004994413 0.008601298 0.008739139 0.008590742 0.008403562 0.008351439 0.010359846 0.008681823 0.009262024 0.008895527 0.012391793 0.00921872 0.012029279 0.015066952 0.01376788 0.016527452 0.015405171 0.017474894 0.018992823 0.016420741 0.019359612 0.018744653 0.021042985 0.019247282 0.01982796 0.018253375 0.019156844 0.021996289 0.021274194 0.025027805 0.02489563 0.023441465 0.025006293 0.025404603 0.026445642 0.026939925 0.024737802 0.028428578 0.026651565 0.027299856 0.027824943 0.028535218 0.030387677 0.028793065 0.029314858 0.030096368 0.028179066 0.028538263 0.03141949 0.031144634 0.035285036 0.034807814 0.032926527 0.037490012 0.035337444 0.04112735 0 0 0 0 0 0 0.057488085 0.054761039 0.058864623 0.06156123 0.056814035 0.058697237 0.066003358 0.077219645 0.082977786 0.086142563 0.073254153 0.09940769 0.075070905 -0.277538567 3.904235562 27.11234548
563.703 0 0 0 0 0 0 0 0 0 0 0 0 0 0 0 0.001242086 0.0024162 0.000669 0.006517783 0.00206001 0.005369413 -0.00148266 0.000426 -0.000958 0.002495836 0.003400175 0.004100555 0.003466015 0.005567409 0.004145923 0.004283892 0.004396942 0.002612076 0.004779663 0.004637411 0.002196005 0.003889513 0.006518347 0.008449628 0.005581738 0.004722743 0.007737971 0.005830514 0.007231206 0.007130099 0.009661063 0.008496588 0.008371037 0.009217586 0.010262736 0.009224298 0.011839016 0.013622365 0.010318494 0.011786884 0.012588746 0.011966496 0.014542183 0.013087625 0.015578106 0.018119046 0.018440275 0.01756497 0.01984644 0.017936406 0.018390413 0.020830028 0.018887449 0.022218221 0.020485051 0.023023029 0.022109068 0.023026327 0.023079095 0.022274094 0.025231868 0.024771866 0.024507199 0.024689521 0.024530977 0.025342576 0.025016019 0.026866313 0.025189769 0.027714654 0.029856472 0.029369083 0.029211416 0.029300992 0.031321217 0.030510737 0.031164416 0.031856469 0.037205862 0.036726437 0 0 0 0 0 0 0.045418473 0.052141625 0.052686204 0.044919601 0.044667245 0.051247405 0.037949021 0.057774546 0.034621529 0.01537988 0.053674781 -0.0342369 -0.439277467 -0.003020162 -1.636239421 12.95306502
567.039 0 0 0 0 0 0 0 0 0 0 0 0 0 0 0.009006323 0.007671724 0.003816292 0.009256942 0.007038346 0.004935965 0.008474659 0.010700797 0.006147062 0.007295392 0.007259523 0.006454318 0.00956758 0.006970472 0.007045662 0.005661423 0.006354914 0.007363102 0.008331215 0.006233682 0.006410211 0.006315675 0.007958377 0.005774676 0.007839105 0.006865878 0.008044443 0.006546348 0.008457356 0.007993698 0.007330628 0.00945984 0.011926716 0.011278464 0.011689925 0.013283501 0.013108394 0.012042362 0.014623517 0.016065369 0.014189747 0.016504439 0.015808514 0.015583718 0.017921857 0.016354527 0.015864552 0.019574199 0.021284313 0.018528341 0.020445424 0.021391023 0.02382412 0.022009118 0.02449636 0.022725769 0.023123841 0.025414703 0.021884928 0.024413456 0.027646894 0.023131116 0.024680547 0.026947672 0.028140316 0.02625038 0.027290592 0.026717355 0.027197346 0.028023411 0.029058259 0.027621392 0.025668167 0.030176035 0.032081241 0.032604167 0.03319096 0.030735538 0.035736868 0.034162608 0 0 0 0 0 0 0.047744662 0.057618416 0.052851568 0.06047754 0.062400926 0.068859291 0.064336663 0.066887413 0.056457105 0.084097321 0.063141177 0.101712188 0.43643337 0.491533814 2.780319829 9.659789314 25.20372193
570.375 0 0 0 0 0 0 0 0 0 0 0 0 0 -0.001918783 -0.002235519 -0.000903 0.001578472 0.00101574 -0.002156815 0.000642 -0.000314 -0.002555922 0.000433 0.000558 0.002665897 0.000894 0.004648459 -0.001888832 0.000789 0.002696815 -0.000107 0.00178535 0.002192445 0.003660453 0.00235043 0.0047054 0.005264101 0.005054902 0.00558037 0.004292548 0.003965948 0.006091001 0.00502046 0.005599039 0.005976831 0.006955584 0.006871886 0.008957191 0.00533918 0.008626297 0.009522233 0.008496443 0.008853413 0.010189472 0.011677391 0.012848546 0.011833336 0.01385456 0.010958108 0.013133816 0.011599041 0.013042125 0.015427535 0.013629942 0.016156437 0.013801777 0.015897374 0.01632687 0.015796179 0.018114182 0.01972635 0.018843243 0.019048495 0.019281687 0.020767161 0.019720924 0.021573093 0.022921717 0.019928105 0.020817728 0.019947863 0.022036228 0.02181796 0.023266982 0.020425469 0.024484104 0.024622951 0.023059301 0.02412389 0.029222016 0.025825115 0.02582278 0.031342536 0.027939511 0 0 0 0 0 0 0.032766074 0.043236416 0.044148133 0.036015587 0.037479199 0.031707869 0.028953228 0.04379258 0.02705395 -0.008030557 -0.006993249 -0.036928361 -0.133151198 -0.869923636 -1.412425055 -9.992969953 -26.0516224
573.713 0 0 0 0 0 0 0 0 0 0 0 0 0.004153186 0.002496369 0.005393522 0.001445016 0.006326948 0.007844697 0.002818604 0.003872394 0.006399292 0.001200965 0.006952678 0.008364404 0.002809398 0.004354459 0.005031649 0.00670829 0.003396855 0.002489883 0.006542907 0.005965338 0.004672735 0.005972845 0.003959 0.004073752 0.009967011 0.004210926 0.006838245 0.006412485 0.006039897 0.00696374 0.007569669 0.007407265 0.007996044 0.009265944 0.008436031 0.010505456 0.010523492 0.008971068 0.010733989 0.010128136 0.012759692 0.01284945 0.012708106 0.013480108 0.011709838 0.011570373 0.01599319 0.014237611 0.013621499 0.016805087 0.016577546 0.01742577 0.019722621 0.01679125 0.01902827 0.017190451 0.020617779 0.020261129 0.020845163 0.022419189 0.019651359 0.021198095 0.020267379 0.023294452 0.020203606 0.021082066 0.0209222 0.024204997 0.022750631 0.024189743 0.023450373 0.025704999 0.023177504 0.026221304 0.024680993 0.025742571 0.026344517 0.032494507 0.03095082 0.02903359 0.029319768 0 0 0 0 0 0 0.037963489 0.046366137 0.046646047 0.050846926 0.042116588 0.051638114 0.043917029 0.03893382 0.054904722 0.072088631 0.081616786 0.067256111 0.12159786 0.179210615 0.238494535 2.956384095 1.652192029 17.99159983
577.05 0 0 0 0 0 0 0 0 0 0 0 -0.001233785 0.003760148 0.003073032 0.000367 -0.004529176 0.001052774 0.001533594 0.001490581 0.001449772 0.001559772 0.004820931 0.000433 0.002794893 0.005488619 0.003587826 0.001467052 0.004829184 0.003061061 0.001730089 0.001868747 0.00188921 0.003027822 0.002219667 0.003710921 0.000944 0.005577223 0.005645782 0.005084093 0.00592457 0.004770408 0.006019752 0.005738547 0.004458057 0.006400948 0.006175897 0.007712605 0.006766492 0.007500562 0.008987695 0.009082385 0.006915231 0.011166605 0.009300942 0.010128194 0.009358168 0.00987847 0.011593312 0.011433644 0.011842325 0.012369709 0.013716566 0.014630477 0.013010298 0.01227089 0.014175692 0.016811434 0.014059655 0.015267269 0.017529977 0.015498815 0.017784105 0.017651864 0.019495676 0.017898552 0.018504865 0.019017787 0.018612895 0.018717367 0.020694539 0.020370604 0.020647658 0.023560026 0.01955115 0.023290124 0.020975373 0.021082736 0.021030145 0.022223319 0.024517967 0.025095524 0.025827863 0.026570797 0 0 0 0 0 0 0.032163667 0.034087757 0.030567217 0.030613459 0.042456826 0.035436579 0.038842665 0.037712783 0.04330621 0.016871689 -0.000857 0.029139884 -0.079945225 -0.139824791 0.156074126 -0.257733895 -1.285234143 -4.325885098
580.388 0 0 0 0 0 0 0 0 0 0 0.002514241 0.011209468 0.006719084 0.0084427 0.006882517 0.006501288 0.007903279 0.006135327 0.010941372 0.00500141 0.00468166 0.002107944 0.003908385 0.008775982 0.005345654 0.011534201 0.005396469 0.006822672 0.004188551 0.00421799 0.010068533 0.006661403 0.006876232 0.008783021 0.006061184 0.00830552 0.005930574 0.00619945 0.007040396 0.004974328 0.008295325 0.006623332 0.006121568 0.007558193 0.007701626 0.008819023 0.007624442 0.009422004 0.010927792 0.011488392 0.009931285 0.010886495 0.012453758 0.012555113 0.011403585 0.159386777 0.012765231 0.012055945 0.012437752 0.01350881 0.015422139 0.014837396 0.017502084 0.013980168 0.014618663 0.018934972 0.017699859 0.016502076 0.014421312 0.018142074 0.017106485 0.019857401 0.019705365 0.018966718 0.020731809 0.019135864 0.020255424 0.021536572 0.017184795 0.021528609 0.021010253 0.020877934 0.023000728 0.022410232 0.021538771 0.022127601 0.020290478 0.02555541 0.023899038 0.024551193 0.026140545 0.027674959 0 0 0 0 0 0 0.035363706 0.039349748 0.038374601 0.046604757 0.042748405 0.045363933 0.039087918 0.047925642 0.046548956 0.061150278 0.066487134 0.061754085 0.091724137 0.094842766 0.246299194 0.345143021 1.403819769 -1.458162545 42.68789784
583.727 0 0 0 0 0 0 0 0 0 0.001929333 -0.000211 -0.001022305 0.005120004 0.00478228 0.002595347 -0.001621342 0.003500044 0.002545259 0.004291758 0.00160614 0.000309 0.004944665 0.001586059 0.00250121 0.002530017 -0.000771 0.000359 0.001046991 0.00462525 0.002261084 0.003617414 0.003366461 0.003649191 0.003058135 0.002169788 0.004369765 0.002918867 0.003695808 0.003895449 0.004627082 0.00645834 0.004324269 0.005903809 0.004693462 0.004873765 0.005453429 0.008136462 0.009392694 0.008111907 0.006906842 0.006497056 0.008329902 0.007307935 0.008821293 0.00791832 0.171344908 0.01165768 0.00906009 0.009646781 0.009455678 0.009317123 0.008946412 0.010787543 0.01427269 0.012529948 0.012664327 0.015640871 0.013683782 0.012469819 0.014539709 0.015769868 0.016557627 0.017972871 0.015386825 0.017665647 0.015087636 0.017432793 0.016760104 0.017940607 0.01657388 0.017168509 0.018648404 0.01676718 0.016401021 0.016467908 0.018472013 0.018335595 0.020074016 0.021581442 0.020835695 0.022205285 0.021595532 0 0 0 0 0 0 0.032107552 0.028275285 0.032711815 0.034138007 0.03653246 0.033506571 0.032734422 0.040072272 0.036543283 0.044845537 0.040395228 0.06165752 0.061985767 0.148889819 0.257599879 -0.106914378 -1.296311896 2.055129369 1.499680241
587.066 0 0 0 0 0 0 0 0 -0.002433961 0.001285182 0.003967991 0.001627721 -0.004732445 -0.002679687 -0.001667625 0.003780539 0.007178775 0.005945649 0.005453158 0.001609424 0.001709607 -0.000453 0.002307358 0.003333016 0.006662532 -2.63e-07 0.001343567 0.000702 0.002255483 0.004528616 0.000927 0.002969984 0.000907 0.004843242 0.004859643 0.006048289 0.005403199 0.006889821 0.0056539 0.006616332 0.004012044 0.005273744 0.005409776 0.007484609 0.006132178 0.00595292 0.00799973 0.006723889 0.006554562 0.007313345 0.005864723 0.005808923 0.007380288 0.008891822 0.008564862 0.007878549 0.007606403 0.009056029 0.012403534 0.01043715 0.010672107 0.012845671 0.01112617 0.01343877 0.014248822 0.012109288 0.010634542 0.014060467 0.014525945 0.01432673 0.015558975 0.014165136 0.017836526 0.014631544 0.017055572 0.01610234 0.015551199 0.016021585 0.015987841 0.018478302 0.016416141 0.015997231 0.017128654 0.015884661 0.019551363 0.01824021 0.021055354 0.018222831 0.020117671 0.01933427 0.018538541 0 0 0 0 0 0 0.023690399 0.023770279 0.028278956 0.020824207 0.035687787 0.033128202 0.028881371 0.038029905 0.030522432 0.046436404 0.0215767 0.041063337 0.02111925 0.020501952 0.030993712 0.293809153 0.36581452 -0.186886955 7.010524718 -11.60598109
590.406 0 0 0 0 0 0 0.000471 0.006659286 -0.001117213 -0.003906522 0.000845 0.005955481 -0.000797 -0.001545636 0.002623238 -0.002547474 0.004068904 0.005319655 -0.005845161 0.003573351 0.004086651 -0.000908 -0.000728 0.004769555 3e-06 0.000386 0.002223144 0.00284663 0.002510817 0.00403185 0.00386685 -0.001305185 0.003317185 0.004032528 0.004912244 0.004583936 0.004131215 0.002870936 0.004070757 0.003728773 0.005734523 0.004511862 0.005614733 0.005217605 0.007467983 0.005634894 0.006521039 0.005326226 0.006623682 0.00976753 0.009043841 0.006796064 0.006349416 0.005893176 0.007775495 0.01098646 0.007673375 0.008567265 0.010266923 0.009192258 0.012701235 0.011812995 0.009514545 0.009700453 0.011248835 0.012072182 0.009965578 0.012542851 0.011488198 0.013741916 0.014492259 0.014379443 0.011825993 0.012202018 0.012612496 0.015311236 0.015779078 0.014078649 0.015061885 0.01537301 0.016931637 0.013339156 0.016435915 0.015074049 0.017963873 0.016012326 0.017366574 0.016620009 0.017096871 0.015947454 0.01696756 0 0 0 0 0 0 0.02579249 0.024809355 0.024284432 0.030042486 0.029820954 0.033221684 0.030281209 0.032121316 0.033042365 0.032353725 0.02587948 0.001643685 0.026871617 0.048778885 -0.007941651 -0.082718157 0.436729174 -1.28098009 -5.590523439 13.88663396
593.746 0 0 0 0 0 -0.003424818 0.004525133 0.000928 -0.005862839 -0.001752407 0.001064874 -0.003939507 0.002207694 -0.005071372 0.000945 -0.001469406 -0.002856632 0.001903424 0.003873249 -0.002296433 0.005233167 0.003056735 0.001617067 0.000851 0.002712954 0.000126 0.00273374 0.003823761 0.000918 0.002196793 0.000526 0.00231592 0.000263 0.004936178 0.002471589 0.003245794 0.004316702 0.00434373 0.002978333 0.003256982 0.004738218 0.00416588 0.00394452 0.003871561 0.005783251 0.005180669 0.005349713 0.004136401 0.004930024 0.006458741 0.007509788 0.006310756 0.007746141 0.006381216 0.007996583 0.006200103 0.007278273 0.007807972 0.007465622 0.011366635 0.007379142 0.00884922 0.009424439 0.010721871 0.011518965 0.0103128 0.011860884 0.012425796 0.011516167 0.010840375 0.012076427 0.010921208 0.010866305 0.014843618 0.013558966 0.011658219 0.013380787 0.015301916 0.014920948 0.014611064 0.012812389 0.01345806 0.014317928 0.014300071 0.012473006 0.013474714 0.012572294 0.016250642 0.017338677 0.015456032 0 0 0 0 0 0 0.024824034 0.020967333 0.021345325 0.024321395 0.025065302 0.024480512 0.031284337 0.033328344 0.026377509 0.020275601 0.030792917 0.026731554 0.016228927 0.014355075 -0.014862994 -0.013605377 -0.087808972 -0.58749511 -0.509062447 -0.885763274 -21.2159115
597.086 0 0 0 0 0.004563146 0.002958056 0.00168134 0.009343391 0.010913088 0.003753593 0.004293982 0.00626978 0.005670363 0.004521987 0.008579449 0.005921348 0.006658908 0.003318455 0.005264961 0.001155003 0.000158 0.001389587 0.005488517 0.004282344 0.005479576 0.003673565 0.004396476 0.00385681 0.003596007 0.006873996 0.005313804 0.004782074 0.007785952 0.001656628 0.003449509 0.005571513 0.004653155 0.002482624 0.005076581 0.002945236 0.005935498 0.005175772 0.004589005 0.006228744 0.005361016 0.004076771 0.008156028 0.004946882 0.008500959 0.004844853 0.007655405 0.005891785 0.007208595 0.008694317 0.008945958 0.008945246 0.009770987 0.009223685 0.012038268 0.01008357 0.012731796 0.012200078 0.010817673 0.012953126 0.011444686 0.012854126 0.011009747 0.01229859 0.013194695 0.01286502 0.013935925 0.014700167 0.014822621 0.015038755 0.012760393 0.014252317 0.016328638 0.013145421 0.013519646 0.017244738 0.012918359 0.015292199 0.016793686 0.017165814 0.018829695 0.020468471 0.01555213 0.012137242 0.015884075 0.020054675 0 0 0 0 0 0 0.023969121 0.027111562 0.029764887 0.023432706 0.030362376 0.024908617 0.027285914 0.035567679 0.030120333 0.037770668 0.026414496 0.027506025 0.028413873 0.078571184 0.078654019 0.086901413 0.271090848 0.556305554 -0.310682007 11.25843531 2.009224439
600.427 0 0 0 -0.009850286 -0.004117966 -0.003252149 0.007554643 -0.002132618 -0.008305707 -0.007390681 0.001525797 -0.001273088 -0.000207 -0.003595112 -1.8e-06 -0.004320413 -0.005296938 -0.007443314 0.000857 0.000504 -0.006652846 -0.000313 0.001654436 -0.000433 -0.003197138 0.004397938 0.004843589 -0.000247 0.001643849 -0.000235 -0.000763 -0.000526 0.001126978 0.001149934 0.000958 0.0017443 0.004492969 0.002074019 0.00271012 0.00344899 0.004745844 0.004260865 0.004037588 0.005882754 0.003290764 0.005234841 0.005120701 0.005577544 0.004614413 0.005933213 0.004711514 0.006137693 0.00602163 0.005121373 0.007880536 0.005716269 0.006007259 0.00593297 0.006468419 0.005583592 0.006136345 0.009792893 0.007946701 0.008880379 0.010673605 0.009803101 0.009080917 0.01006137 0.009563418 0.008903121 0.011238725 0.009849415 0.011335156 0.010506619 0.010172723 0.012206824 0.009688325 0.011163771 0.011044432 0.012680932 0.010816453 0.011729085 0.011061348 0.012540759 0.012521218 0.012039365 0.014322746 0.011695613 0.016567257 0 0 0 0 0 0 0.017977225 0.019888649 0.01952609 0.017239358 0.020645196 0.018410487 0.018159313 0.019307868 0.011932303 0.017563728 0.017271152 0.019311917 0.006730588 0.014950326 0.012174647 -0.003320645 -0.125867432 -0.08804635 -0.835735889 -0.810529114 -6.76624083 -46.14324728
603.768 0 0 0.008074842 -0.005649213 -0.000781 -0.008343781 -0.002219416 -0.002636002 -0.002332705 0.004756063 0.002641326 -0.000641 0.00270096 0.001208506 0.006649211 0.004554039 0.002215477 0.004834356 0.004006888 0.003727455 0.001148934 0.001895991 0.003801958 0.003072331 0.005196847 -0.00054 -0.001033291 0.002219136 0.002495566 0.000895 0.002610564 0.00385818 0.005578846 0.002417521 0.003629851 0.004788169 0.003770504 0.001946596 0.00369635 0.003310754 0.005053952 0.003355858 0.004966842 0.004278583 0.003867292 0.006400151 0.007369224 0.006194521 0.006216526 0.004540135 0.006510758 0.007170154 0.006392368 0.008245359 0.007888599 0.006169314 0.007681311 0.00842039 0.008534031 0.01231414 0.00972298 0.0093366 0.010913275 0.008270367 0.010440597 0.009486837 0.011045223 0.00882747 0.009896441 0.01189577 0.007597847 0.012103425 0.011160919 0.01141935 0.013372346 0.011836078 0.011564261 0.013053243 0.012654352 0.013028756 0.013825295 0.013251489 0.012008866 0.011577854 0.014684011 0.015110484 0.012218595 0.015027148 0.012557747 0 0 0 0 0 0 0.018416213 0.017382403 0.020779789 0.019245706 0.01602182 0.020484283 0.029017569 0.027208322 0.024409495 0.020372932 0.025960425 0.026612381 0.026982889 0.047374702 0.004800432 0.006368574 0.053405493 -0.158458871 -0.264548097 -0.624239227 -0.563567587 23.07547068
607.109 0 0.005212727 0.002235533 0.004583347 -0.002094485 0.00813264 0.001236724 0.002408427 0.000468 0.003413498 0.010622541 -0.000222 0.002295219 0.002635106 -0.00236722 0.005340327 0.007605427 0.006299088 0.005952165 0.00051 0.002635532 0.006199528 0.000303 0.002943044 0.002820516 0.002975694 0.004142172 0.005464591 0.003461994 0.004905481 0.005362509 0.001461766 0.002317054 0.003512155 0.003825878 0.003209241 0.002475358 0.005041929 0.004406027 0.004789218 0.00378424 0.004177793 0.005414585 0.004635308 0.004254135 0.003481592 0.007049919 0.007523265 0.006510302 0.008093409 0.006881373 0.008341394 0.008051618 0.006031021 0.008384681 0.006203266 0.008294719 0.008552381 0.007392676 0.007939783 0.012072164 0.00901028 0.008795914 0.01078889 0.011537979 0.009199454 0.009225731 0.007289334 0.011036734 0.011267927 0.012550601 0.010674934 0.010998707 0.013308407 0.010334948 0.010610694 0.011126126 0.010128299 0.011935071 0.0146813 0.013098176 0.014431457 0.012907553 0.012425416 0.013862648 0.014348081 0.013068576 0.0143895 0 0 0 0 0 0 0.019836875 0.020514559 0.022112317 0.024493342 0.020684701 0.027712563 0.022693001 0.029172774 0.028126546 0.033776157 0.031708339 0.038163015 0.023936073 0.043720394 0.043515746 0.04182917 0.061656709 0.029419791 0.342389111 0.413143034 1.8804991 6.099232596 23.11927539
610.451 0.004534396 -0.00145784 -0.000561 0.005200108 0.005018995 0.005905799 0.001501843 0.00219118 0.000948 0.004370674 -0.000446 0.007182454 0.008229009 0.004917954 0.009339141 0.001542507 0.009181721 0.002548733 0.006721097 0.004819446 0.006327637 0.002731472 0.007259946 0.004754776 0.002283939 0.003968496 0.002748501 0.00100154 0.003864412 0.005532587 0.005088075 0.003497039 0.001663382 0.006277173 0.003869161 0.003498891 0.004297861 0.002659583 0.003481808 0.003008751 0.004765984 0.004472881 0.004725186 0.004283173 0.004228158 0.00668791 0.005250204 0.006286271 0.007798752 0.004431279 0.006693711 0.008016808 0.004611542 0.009658254 0.006231593 0.008105192 0.006398821 0.006955584 0.008568799 0.008968381 0.008513859 0.008340777 0.011260805 0.010626034 0.0087606 0.010739563 0.009482781 0.012724419 0.010675495 0.009987502 0.011987718 0.011533818 0.010884222 0.011004192 0.010074065 0.011944731 0.010804953 0.012820117 0.014292227 0.01344382 0.011611435 0.013229613 0.012882842 0.011914626 0.013015536 0.013895949 0.013025442 0.01462558 0 0 0 0 0 0 0.018617832 0.019328935 0.02081556 0.018361589 0.024588337 0.023638606 0.02354867 0.026860854 0.029184127 0.027991496 0.014007715 0.020443308 0.015905361 0.029190389 0.016001928 0.054201513 0.063541373 0.000302 -0.114655994 0.99974228 0.821806205 4.756429204 1.131517358
613.792 0.006585965 0.002017566 0.005597459 -7.15e-07 0.009150464 -0.004320041 -0.001240962 0.000964 0.010311031 0.002958067 0.004426926 -0.002802135 -0.003552968 -0.00344719 0.001176434 0.008395016 0.005749402 0.002519063 -0.002278882 0.006302907 0.002139566 -0.000956 0.001984725 0.004708882 -0.002121294 0.0021615 0.001807713 0.004091718 0.001785024 0.000779 0.002186724 0.002202965 0.000672 0.003332853 0.00382382 0.004813497 0.003403981 0.003912285 0.003649241 0.002800337 0.003058307 0.002970607 0.004415051 0.003631306 0.002854736 0.0023703 0.003918594 0.004129699 0.00468897 0.004820667 0.004365446 0.003968183 0.003717757 0.004446649 0.003510763 0.006997343 0.00576889 0.007850134 0.007209862 0.008410186 0.008148399 0.006099876 0.007707764 0.008313077 0.004774357 0.005654329 0.009960384 0.007922946 0.006995434 0.00743476 0.010585186 0.00940576 0.010186301 0.008187951 0.008672243 0.009963304 0.009414161 0.010269741 0.01129146 0.009429971 0.01011462 0.010212939 0.012147885 0.012032031 0.011088995 0.014429167 0.011151326 0 0 0 0 0 0 0.015053207 0.015519687 0.018262218 0.018836129 0.019683988 0.019846841 0.023406001 0.021219697 0.016803354 0.028381261 0.019050554 0.025435167 0.012482631 0.031538021 0.012340611 0.031905242 0.034792005 -0.00551605 0.106833615 0.10759476 -0.230073265 -0.857447563 -1.867785712 -1.432804982
617.135 -0.01193665 -0.003254679 -0.006291355 0.006068066 -0.004540255 -0.010906182 -0.006324937 -0.002459704 -0.003113339 0.001395813 -0.00158299 0.000879 -0.000429 -0.000829 -0.001812789 -0.006823346 -0.002655217 0.000919 -0.00196677 0.002436393 -0.000338 -0.00763624 -0.000939 -0.00150255 0.000287 -0.004294649 0.002110786 0.000495 -0.0015953 0.000569 -0.002917611 -0.002791102 0.000692 -0.000277 0.000453 0.000428 0.002924267 -0.000614 0.003165222 -0.000243 0.002223699 0.001852335 0.00107597 0.002683223 0.00359664 0.001748734 -6.81e-05 0.002071398 0.002044055 0.004134371 0.003599716 0.001240532 0.003718835 0.002926942 0.007081581 0.003978787 0.002498078 0.003033482 0.004103771 0.00473081 0.006461624 0.00230234 0.006949817 0.002985712 0.006468973 0.007242684 0.004753737 0.007689883 0.007861129 0.005637945 0.0053309 0.008162359 0.008069328 0.009561758 0.00568307 0.006520619 0.007359269 0.007942953 0.008907473 0.007206579 0.010259173 0.00741008 0.007524198 0.009560876 0.012330944 0.009135308 0.009077882 0 0 0 0 0 0 0.013906754 0.013233173 0.016484777 0.011717526 0.010289594 0.016019636 0.011672077 0.014381616 0.010732834 0.014765022 0.012975091 0.016193834 0.010744915 0.003448177 0.009477591 -0.00416628 -0.040152509 -0.001843008 -0.039667976 0.146915628 -0.727290399 -1.936086112 -4.422407734 -12.76109297
