NaN 600 596.73 593.46 590.19 586.92 583.65 580.38 577.11 573.84 570.57 567.3 564.03 560.76 557.49 554.22 550.95 547.68 544.41 541.14 537.87 534.6 531.33 528.06 524.79 521.52 518.25 514.98 511.71 508.44 505.17 501.9 498.63 495.36 492.09 488.82 485.55 482.28 479.01 475.74 472.47 469.2 465.93 462.66 459.39 456.12 452.85 449.58 446.31 443.04 439.77 436.5 433.23 429.96 426.69 423.42 420.15 416.88 413.61 410.34 407.07 403.8 400.53 397.26 393.99 390.72 387.45 384.18 380.91 377.64 374.37 371.1 367.83 364.56 361.29 358.02 354.75 351.48 348.21 344.94 341.67 338.4 335.13 331.86 328.59 325.32 322.05 318.78 315.51 312.24 308.97 305.7 302.43 299.16 295.89 292.62 289.35 286.08 282.81 279.54 276.27 273 269.73 266.46 263.19 259.92 256.65 253.38 250.11 246.84 243.57 240.3 237.03 233.76 230.49 227.22 223.95 220.68
NaN NaN NaN NaN NaN NaN NaN NaN NaN NaN NaN NaN NaN NaN NaN NaN NaN NaN NaN NaN NaN NaN NaN NaN NaN NaN NaN NaN NaN NaN NaN NaN NaN NaN NaN NaN NaN NaN NaN NaN NaN NaN NaN NaN NaN NaN NaN NaN NaN NaN NaN NaN NaN NaN NaN NaN NaN NaN NaN NaN NaN NaN NaN NaN NaN NaN NaN NaN NaN NaN NaN NaN NaN NaN NaN NaN NaN NaN NaN NaN NaN NaN NaN NaN NaN NaN NaN NaN NaN NaN NaN NaN NaN NaN NaN NaN NaN NaN NaN NaN NaN NaN NaN NaN NaN NaN NaN NaN NaN NaN NaN NaN NaN NaN NaN NaN NaN NaN
NaN NaN NaN NaN NaN NaN NaN NaN NaN NaN NaN NaN NaN NaN NaN NaN NaN NaN NaN NaN NaN NaN NaN NaN NaN NaN NaN NaN NaN NaN NaN NaN NaN NaN NaN NaN NaN NaN NaN NaN NaN NaN NaN NaN NaN NaN NaN NaN NaN NaN NaN NaN NaN NaN NaN NaN NaN NaN NaN NaN NaN NaN NaN NaN NaN NaN NaN NaN NaN NaN NaN NaN NaN NaN NaN NaN NaN NaN NaN NaN NaN NaN NaN NaN NaN NaN NaN NaN NaN NaN NaN NaN NaN NaN NaN NaN NaN NaN NaN NaN NaN NaN NaN NaN NaN NaN NaN NaN NaN NaN NaN NaN NaN NaN NaN NaN NaN NaN
210.901 0 0 0 0 0 0 0 0 0 0 0 0 0 0 0 0 0 0 0 0 0 0 0 0 0 0 0 0 0 0 0 0 0 0 0 0 0 0 0 0 0 0 0 0 0 0 0 0 0 0 0 0 0 0 0 0 0 0 0 0 0 0 0 0 0 0 0 0 0 0 0 0 0 0 0 0 0 0 0 0 0 0 0 0 0 0 0 0 0 0 0 0 0 0 0 0 0 0 0 0 0 0 0 0 0 0 0 0 0 0 0 0 0 0 0 0 0
214.065 0 0 0 0 0 0 0 0 0 0 0 0 0 0 0 0 0 0 0 0 0 0 0 0 0 0 0 0 0 0 0 0 0 0 0 0 0 0 0 0 0 0 0 0 0 0 0 0 0 0 0 0 0 0 0 0 0 0 0 0 0 0 0 0 0 0 0 0 0 0 0 0 0 0 0 0 0 0 0 0 0 0 0 0 0 0 0 0 0 0 0 0 0 0 0 0 0 0 0 0 0 0 0 0 0 0 0 0 0 0 0 0 0 0 0 0 0
217.232 0 0 0 0 0 0 0 0 0 0 0 0 0 0 0 0 0 0 0 0 0 0 0 0 0 0 0 0 0 0 0 0 0 0 0 0 0 0 0 0 0 0 0 0 0 0 0 0 0 0 0 0 0 0 0 0 0 0 0 0 0 0 0 0 0 0 0 0 0 0 0 0 0 0 0 0 0 0 0 0 0 0 0 0 0 0 0 0 0 0 0 0 0 0 0 0 0 0 0 0 0 0 0 0 0 0 0 0 0 0 0 0 0 0 0 0 0
220.402 0 0 0 0 0 0 0 0 0 0 0 0 0 0 0 0 0 0 0 0 0 0 0 0 0 0 0 0 0 0 0 0 0 0 0 0 0 0 0 0 0 0 0 0 0 0 0 0 0 0 0 0 0 0 0 0 0 0 0 0 0 0 0 0 0 0 0 0 0 0 0 0 0 0 0 0 0 0 0 0 0 0 0 0 0 0 0 0 0 0 0 0 0 0 0 0 0 0 0 0 0 0 0 0 0 0 0 0 0 0 0 0 0 0 0 0 0
223.574 0 0 0 0 0 0 0 0 0 0 0 0 0 0 0 0 0 0 0 0 0 0 0 0 0 0 0 0 0 0 0 0 0 0 0 0 0 0 0 0 0 0 0 0 0 0 0 0 0 0 0 0 0 0 0 0 0 0 0 0 0 0 0 0 0 0 0 0 0 0 0 0 0 0 0 0 0 0 0 0 0 0 0 0 0 0 0 0 0 0 0 0 0 0 0 0 0 0 0 0 0 0 0 0 0 0 0 0 0 0 0 0 0 0 0 0 0
226.748 0 0 0 0 0 0 0 0 0 0 0 0 0 0 0 0 0 0 0 0 0 0 0 0 0 0 0 0 0 0 0 0 0 0 0 0 0 0 0 0 0 0 0 0 0 0 0 0 0 0 0 0 0 0 0 0 0 0 0 0 0 0 0 0 0 0 0 0 0 0 0 0 0 0 0 0 0 0 0 0 0 0 0 0 0 0 0 0 0 0 0 0 0 0 0 0 0 0 0 0 0 0 0 0 0 0 0 0 0 0 0 0 0 0 0 0 0
229.925 0 0 0 0 0 0 0 0 0 0 0 0 0 0 0 0 0 0 0 0 0 0 0 0 0 0 0 0 0 0 0 0 0 0 0 0 0 0 0 0 0 0 0 0 0 0 0 0 0 0 0 0 0 0 0 0 0 0 0 0 0 0 0 0 0 0 0 0 0 0 0 0 0 0 0 0 0 0 0 0 0 0 0 0 0 0 0 0 0 0 0 0 0 0 0 0 0 0 0 0 0 0 0 0 0 0 0 0 0 0 0 0 0 0 0 0 0
233.104 0 0 0 0 0 0 0 0 0 0 0 0 0 0 0 0 0 0 0 0 0 0 0 0 0 0 0 0 0 0 0 0 0 0 0 0 0 0 0 0 0 0 0 0 0 0 0 0 0 0 0 0 0 0 0 0 0 0 0 0 0 0 0 0 0 0 0 0 0 0 0 0 0 0 0 0 0 0 0 0 0 0 0 0 0 0 0 0 0 0 0 0 0 0 0 0 0 0 0 0 0 0 0 0 0 0 0 0 0 0 0 0 0 0 0 0 42.14464133
236.285 0 0 0 0 0 0 0 0 0 0 0 0 0 0 0 0 0 0 0 0 0 0 0 0 0 0 0 0 0 0 0 0 0 0 0 0 0 0 0 0 0 0 0 0 0 0 0 0 0 0 0 0 0 0 0 0 0 0 0 0 0 0 0 0 0 0 0 0 0 0 0 0 0 0 0 0 0 0 0 0 0 0 0 0 0 0 0 0 0 0 0 0 0 0 0 0 0 0 0 0 0 0 0 0 0 0 0 0 0 0 0 0 0 0 0 -2.032435292 -27.80994118
239.469 0 0 0 0 0 0 0 0 0 0 0 0 0 0 0 0 0 0 0 0 0 0 0 0 0 0 0 0 0 0 0 0 0 0 0 0 0 0 0 0 0 0 0 0 0 0 0 0 0 0 0 0 0 0 0 0 0 0 0 0 0 0 0 0 0 0 0 0 0 0 0 0 0 0 0 0 0 0 0 0 0 0 0 0 0 0 0 0 0 0 0 0 0 0 0 0 0 0 0 0 0 0 0 0 0 0 0 0 0 0 0 0 0 0 -3.233449525 -8.384355634 -2.647419877
242.655 0 0 0 0 0 0 0 0 0 0 0 0 0 0 0 0 0 0 0 0 0 0 0 0 0 0 0 0 0 0 0 0 0 0 0 0 0 0 0 0 0 0 0 0 0 0 0 0 0 0 0 0 0 0 0 0 0 0 0 0 0 0 0 0 0 0 0 0 0 0 0 0 0 0 0 0 0 0 0 0 0 0 0 0 0 0 0 0 0 0 0 0 0 0 0 0 0 0 0 0 0 0 0 0 0 0 0 0 0 0 0 0 0 -0.107170361 1.253215999 4.536429478 20.28710112
245.844 0 0 0 0 0 0 0 0 0 0 0 0 0 0 0 0 0 0 0 0 0 0 0 0 0 0 0 0 0 0 0 0 0 0 0 0 0 0 0 0 0 0 0 0 0 0 0 0 0 0 0 0 0 0 0 0 0 0 0 0 0 0 0 0 0 0 0 0 0 0 0 0 0 0 0 0 0 0 0 0 0 0 0 0 0 0 0 0 0 0 0 0 0 0 0 0 0 0 0 0 0 0 0 0 0 0 0 0 0 0 0 0 0.366798929 1.083422505 4.49704053 10.88487099 26.19463868
249.035 0 0 0 0 0 0 0 0 0 0 0 0 0 0 0 0 0 0 0 0 0 0 0 0 0 0 0 0 0 0 0 0 0 0 0 0 0 0 0 0 0 0 0 0 0 0 0 0 0 0 0 0 0 0 0 0 0 0 0 0 0 0 0 0 0 0 0 0 0 0 0 0 0 0 0 0 0 0 0 0 0 0 0 0 0 0 0 0 0 0 0 0 0 0 0 0 0 0 0 0 0 0 0 0 0 0 0 0 0 0 0 0.076591984 -0.168037681 0.041013893 2.053119293 2.482608968 12.44416515
252.228 0 0 0 0 0 0 0 0 0 0 0 0 0 0 0 0 0 0 0 0 0 0 0 0 0 0 0 0 0 0 0 0 0 0 0 0 0 0 0 0 0 0 0 0 0 0 0 0 0 0 0 0 0 0 0 0 0 0 0 0 0 0 0 0 0 0 0 0 0 0 0 0 0 0 0 0 0 0 0 0 0 0 0 0 0 0 0 0 0 0 0 0 0 0 0 0 0 0 0 0 0 0 0 0 0 0 0 0 0 0 0.006079053 -0.026121366 -0.09305828 -0.079848988 -0.312190037 -6.131587964 -17.48443846
255.423 0 0 0 0 0 0 0 0 0 0 0 0 0 0 0 0 0 0 0 0 0 0 0 0 0 0 0 0 0 0 0 0 0 0 0 0 0 0 0 0 0 0 0 0 0 0 0 0 0 0 0 0 0 0 0 0 0 0 0 0 0 0 0 0 0 0 0 0 0 0 0 0 0 0 0 0 0 0 0 0 0 0 0 0 0 0 0 0 0 0 0 0 0 0 0 0 0 0 0 0 0 0 0 0 0 0 0 0 0 -0.005417146 -0.016189876 -0.196960885 -0.250538343 -0.379884516 0.189715547 -1.087647611 16.7245219
258.621 0 0 0 0 0 0 0 0 0 0 0 0 0 0 0 0 0 0 0 0 0 0 0 0 0 0 0 0 0 0 0 0 0 0 0 0 0 0 0 0 0 0 0 0 0 0 0 0 0 0 0 0 0 0 0 0 0 0 0 0 0 0 0 0 0 0 0 0 0 0 0 0 0 0 0 0 0 0 0 0 0 0 0 0 0 0 0 0 0 0 0 0 0 0 0 0 0 0 0 0 0 0 0 0 0 0 0 0 0.002719739 -0.029576875 -0.093449607 -0.190713853 -0.336864461 -0.304497638 -0.90650437 -2.861210279 -31.24997573
261.821 0 0 0 0 0 0 0 0 0 0 0 0 0 0 0 0 0 0 0 0 0 0 0 0 0 0 0 0 0 0 0 0 0 0 0 0 0 0 0 0 0 0 0 0 0 0 0 0 0 0 0 0 0 0 0 0 0 0 0 0 0 0 0 0 0 0 0 0 0 0 0 0 0 0 0 0 0 0 0 0 0 0 0 0 0 0 0 0 0 0 0 0 0 0 0 0 0 0 0 0 0 0 0 0 0 0 0 -0.022369686 -0.011408555 -0.027995128 -0.153845255 0.418593059 -0.3765397 -0.538588264 -1.939138873 -5.55487499 -30.97570606
265.023 0 0 0 0 0 0 0 0 0 0 0 0 0 0 0 0 0 0 0 0 0 0 0 0 0 0 0 0 0 0 0 0 0 0 0 0 0 0 0 0 0 0 0 0 0 0 0 0 0 0 0 0 0 0 0 0 0 0 0 0 0 0 0 0 0 0 0 0 0 0 0 0 0 0 0 0 0 0 0 0 0 0 0 0 0 0 0 0 0 0 0 0 0 0 0 0 0 0 0 0 0 0 0 0 0 0 0.007861332 0.010101375 0.004743362 -0.090137329 -0.097345347 -0.053915581 -0.077908844 0.149574808 0.156032703 -0.217983448 16.21876213
268.228 0 0 0 0 0 0 0 0 0 0 0 0 0 0 0 0 0 0 0 0 0 0 0 0 0 0 0 0 0 0 0 0 0 0 0 0 0 0 0 0 0 0 0 0 0 0 0 0 0 0 0 0 0 0 0 0 0 0 0 0 0 0 0 0 0 0 0 0 0 0 0 0 0 0 0 0 0 0 0 0 0 0 0 0 0 0 0 0 0 0 0 0 0 0 0 0 0 0 0 0 0 0 0 0 0 0.0005 0.002230839 -0.009627492 -0.078221519 -0.056628359 -0.061180861 -0.059229691 -0.072969036 -0.253915398 -1.120306585 -0.84817597 -15.64893826
271.434 0 0 0 0 0 0 0 0 0 0 0 0 0 0 0 0 0 0 0 0 0 0 0 0 0 0 0 0 0 0 0 0 0 0 0 0 0 0 0 0 0 0 0 0 0 0 0 0 0 0 0 0 0 0 0 0 0 0 0 0 0 0 0 0 0 0 0 0 0 0 0 0 0 0 0 0 0 0 0 0 0 0 0 0 0 0 0 0 0 0 0 0 0 0 0 0 0 0 0 0 0 0 0 0 7.34e-05 -0.002968511 -0.0122279 -0.031867715 -0.043888002 -0.091377363 -0.013807917 -0.073163699 -0.033681494 -0.292400525 -0.213574064 -2.169738817 -4.827162722
274.643 0 0 0 0 0 0 0 0 0 0 0 0 0 0 0 0 0 0 0 0 0 0 0 0 0 0 0 0 0 0 0 0 0 0 0 0 0 0 0 0 0 0 0 0 0 0 0 0 0 0 0 0 0 0 0 0 0 0 0 0 0 0 0 0 0 0 0 0 0 0 0 0 0 0 0 0 0 0 0 0 0 0 0 0 0 0 0 0 0 0 0 0 0 0 0 0 0 0 0 0 0 0 0 -0.00172967 0.003023798 -0.006589816 -0.003025796 -0.03687815 0.000671 0.031032834 0.016038207 0.041878006 0.033999384 0.051686838 0.653211716 4.592827132 8.747008384
277.854 0 0 0 0 0 0 0 0 0 0 0 0 0 0 0 0 0 0 0 0 0 0 0 0 0 0 0 0 0 0 0 0 0 0 0 0 0 0 0 0 0 0 0 0 0 0 0 0 0 0 0 0 0 0 0 0 0 0 0 0 0 0 0 0 0 0 0 0 0 0 0 0 0 0 0 0 0 0 0 0 0 0 0 0 0 0 0 0 0 0 0 0 0 0 0 0 0 0 0 0 0 0 -0.000392 0.001647462 -0.003699629 -0.02512692 -0.054042335 -0.013296037 -0.011083604 -0.019812927 -0.026720473 -0.041856737 -0.027112829 -0.31544252 -0.322077619 -3.942063055 -4.738689331
281.068 0 0 0 0 0 0 0 0 0 0 0 0 0 0 0 0 0 0 0 0 0 0 0 0 0 0 0 0 0 0 0 0 0 0 0 0 0 0 0 0 0 0 0 0 0 0 0 0 0 0 0 0 0 0 0 0 0 0 0 0 0 0 0 0 0 0 0 0 0 0 0 0 0 0 0 0 0 0 0 0 0 0 0 0 0 0 0 0 0 0 0 0 0 0 0 0 0 0 0 0 0 0.005206951 0.001450038 0.001685624 -0.01400055 -0.019711237 -0.038832247 0.000332 -0.012672768 -0.026333897 -0.056795695 0.048300583 0.02046171 -0.261479617 -0.817150497 -4.137124684 1.614221677
284.283 0 0 0 0 0 0 0 0 0 0 0 0 0 0 0 0 0 0 0 0 0 0 0 0 0 0 0 0 0 0 0 0 0 0 0 0 0 0 0 0 0 0 0 0 0 0 0 0 0 0 0 0 0 0 0 0 0 0 0 0 0 0 0 0 0 0 0 0 0 0 0 0 0 0 0 0 0 0 0 0 0 0 0 0 0 0 0 0 0 0 0 0 0 0 0 0 0 0 0 0 0.013291075 0.007804256 0.012815023 0.011870414 -0.007897018 -0.011891108 0.014746404 0.022874245 0.034681047 0.059684935 0.078849496 0.117372985 0.040217637 0.774045557 0.967747062 5.17184019 -3.256852722
287.501 0 0 0 0 0 0 0 0 0 0 0 0 0 0 0 0 0 0 0 0 0 0 0 0 0 0 0 0 0 0 0 0 0 0 0 0 0 0 0 0 0 0 0 0 0 0 0 0 0 0 0 0 0 0 0 0 0 0 0 0 0 0 0 0 0 0 0 0 0 0 0 0 0 0 0 0 0 0 0 0 0 0 0 0 0 0 0 0 0 0 0 0 0 0 0 0 0 0 0 0.007183362 0.010405879 0.002445514 0.004792835 0.000593 -0.030932406 -0.009234004 0.003859206 0.003273057 0.005873009 -0.03639831 -0.00508244 -0.031369244 -0.026376516 -0.612679123 -1.871191307 -1.467556709 -6.278438504
290.72 0 0 0 0 0 0 0 0 0 0 0 0 0 0 0 0 0 0 0 0 0 0 0 0 0 0 0 0 0 0 0 0 0 0 0 0 0 0 0 0 0 0 0 0 0 0 0 0 0 0 0 0 0 0 0 0 0 0 0 0 0 0 0 0 0 0 0 0 0 0 0 0 0 0 0 0 0 0 0 0 0 0 0 0 0 0 0 0 0 0 0 0 0 0 0 0 0 0 0.021306508 0.016484641 0.014519398 0.021940621 -0.007744949 -0.009234379 -0.009530751 0.020160292 0.017245322 0.023767306 0.015779361 0.012712526 0.061307674 0.009187088 -0.104266135 -0.017520944 1.573264183 4.188710159 -10.13356228
293.942 0 0 0 0 0 0 0 0 0 0 0 0 0 0 0 0 0 0 0 0 0 0 0 0 0 0 0 0 0 0 0 0 0 0 0 0 0 0 0 0 0 0 0 0 0 0 0 0 0 0 0 0 0 0 0 0 0 0 0 0 0 0 0 0 0 0 0 0 0 0 0 0 0 0 0 0 0 0 0 0 0 0 0 0 0 0 0 0 0 0 0 0 0 0 0 0 0 0.021392215 0.025595579 0.028194988 0.025583493 0.00809677 0.008571146 0.012635219 0.029634615 0.021102385 0.028662211 0.025994126 0.045859254 0.01871115 0.01510292 -0.024135455 0.166797301 0.247336841 0.616288017 -0.215788718 -16.05546623
297.166 0 0 0 0 0 0 0 0 0 0 0 0 0 0 0 0 0 0 0 0 0 0 0 0 0 0 0 0 0 0 0 0 0 0 0 0 0 0 0 0 0 0 0 0 0 0 0 0 0 0 0 0 0 0 0 0 0 0 0 0 0 0 0 0 0 0 0 0 0 0 0 0 0 0 0 0 0 0 0 0 0 0 0 0 0 0 0 0 0 0 0 0 0 0 0 0 0.020341225 0.028823721 0.032590727 0.03857171 0.021715446 -0.004963628 0.014850499 0.016244781 0.021503722 0.026997371 0.041043079 0.02007585 0.036250362 0.007270481 -0.003183121 0.041977211 0.133224136 0.000443 0.004232015 -0.428953698 -6.775230237
300.392 0 0 0 0 0 0 0 0 0 0 0 0 0 0 0 0 0 0 0 0 0 0 0 0 0 0 0 0 0 0 0 0 0 0 0 0 0 0 0 0 0 0 0 0 0 0 0 0 0 0 0 0 0 0 0 0 0 0 0 0 0 0 0 0 0 0 0 0 0 0 0 0 0 0 0 0 0 0 0 0 0 0 0 0 0 0 0 0 0 0 0 0 0 0 0 0.01787773 0.026803866 0.036516639 0.045110474 0.044051289 0.033120362 0.020820306 0.025513032 0.039633137 0.032268935 0.026483315 0.041911929 0.045873388 0.03945171 0.029562679 0.049349573 0.038804652 0.00022 0.145263112 0.611727047 -4.829400143 2.984835355
303.62 0 0 0 0 0 0 0 0 0 0 0 0 0 0 0 0 0 0 0 0 0 0 0 0 0 0 0 0 0 0 0 0 0 0 0 0 0 0 0 0 0 0 0 0 0 0 0 0 0 0 0 0 0 0 0 0 0 0 0 0 0 0 0 0 0 0 0 0 0 0 0 0 0 0 0 0 0 0 0 0 0 0 0 0 0 0 0 0 0 0 0 0 0 0 0.016791777 0.021970093 0.030006494 0.037671462 0.047406799 0.050469783 0.026248625 0.039809939 0.043056082 0.035391208 0.036454142 0.02732213 0.036600306 0.052226438 0.04888047 0.02741255 0.036014552 0.079857323 0.094056576 0.562063272 -1.360434276 2.80000842 -6.859018541
306.85 0 0 0 0 0 0 0 0 0 0 0 0 0 0 0 0 0 0 0 0 0 0 0 0 0 0 0 0 0 0 0 0 0 0 0 0 0 0 0 0 0 0 0 0 0 0 0 0 0 0 0 0 0 0 0 0 0 0 0 0 0 0 0 0 0 0 0 0 0 0 0 0 0 0 0 0 0 0 0 0 0 0 0 0 0 0 0 0 0 0 0 0 0 0.01274991 0.016950643 0.026868725 0.039631958 0.045311523 0.044617894 0.043715297 0.048706761 0.043016318 0.043415743 0.046942576 0.033591828 0.045099221 0.043066506 0.041767492 0.058736423 0.081362341 0.057496304 0.124870876 0.207662589 0.033073926 0.856243248 -1.594877867 13.52280344
310.082 0 0 0 0 0 0 0 0 0 0 0 0 0 0 0 0 0 0 0 0 0 0 0 0 0 0 0 0 0 0 0 0 0 0 0 0 0 0 0 0 0 0 0 0 0 0 0 0 0 0 0 0 0 0 0 0 0 0 0 0 0 0 0 0 0 0 0 0 0 0 0 0 0 0 0 0 0 0 0 0 0 0 0 0 0 0 0 0 0 0 0 0 0.009976623 0.012010136 0.018358041 0.030211522 0.038516589 0.032425065 0.043724151 0.04898908 0.050227825 0.04506426 0.049079129 0.051387189 0.049054606 0.052729184 0.057173422 0.06961494 0.056604402 0.093414493 0.095099675 0.118670863 0.056825816 0.032903618 0.153629411 3.653034871 -11.39516609
313.316 0 0 0 0 0 0 0 0 0 0 0 0 0 0 0 0 0 0 0 0 0 0 0 0 0 0 0 0 0 0 0 0 0 0 0 0 0 0 0 0 0 0 0 0 0 0 0 0 0 0 0 0 0 0 0 0 0 0 0 0 0 0 0 0 0 0 0 0 0 0 0 0 0 0 0 0 0 0 0 0 0 0 0 0 0 0 0 0 0 0 0 0.003485634 0.00820869 0.014330885 0.018635024 0.032014262 0.033437099 0.037625298 0.044544956 0.057668879 0.054620189 0.04873114 0.046743404 0.030385895 0.041899333 0.046233339 0.049938239 0.047012556 0.031245111 0.043961529 0.028158246 0.062903726 -0.1321849 -0.74164994 -1.569183332 -13.53592227 -9.603272775
316.553 0 0 0 0 0 0 0 0 0 0 0 0 0 0 0 0 0 0 0 0 0 0 0 0 0 0 0 0 0 0 0 0 0 0 0 0 0 0 0 0 0 0 0 0 0 0 0 0 0 0 0 0 0 0 0 0 0 0 0 0 0 0 0 0 0 0 0 0 0 0 0 0 0 0 0 0 0 0 0 0 0 0 0 0 0 0 0 0 0 0 0.007809217 0.010949954 0.011784587 0.018606786 0.032129289 0.032526661 0.036935554 0.035921163 0.056204346 0.062173532 0.059581776 0.056836205 0.051105443 0.049988867 0.047869913 0.052543734 0.052846743 0.057794271 0.065842316 0.047484523 0.0616122 0.063295127 -0.050780349 -0.310652413 0.146666459 -0.623347078 -15.96240067
319.791 0 0 0 0 0 0 0 0 0 0 0 0 0 0 0 0 0 0 0 0 0 0 0 0 0 0 0 0 0 0 0 0 0 0 0 0 0 0 0 0 0 0 0 0 0 0 0 0 0 0 0 0 0 0 0 0 0 0 0 0 0 0 0 0 0 0 0 0 0 0 0 0 0 0 0 0 0 0 0 0 0 0 0 0 0 0 0 0 0 0.00562043 0.011480631 0.011500508 0.016916125 0.023563649 0.026355195 0.02636943 0.045102737 0.051146951 0.062041405 0.05270941 0.056311533 0.053361086 0.049166943 0.047054775 0.043359461 0.044278253 0.04623812 0.047174559 0.056285404 0.043552829 0.061889855 -0.023930827 0.089727593 0.000192 -1.746321462 -7.178328783 -13.60603202
323.031 0 0 0 0 0 0 0 0 0 0 0 0 0 0 0 0 0 0 0 0 0 0 0 0 0 0 0 0 0 0 0 0 0 0 0 0 0 0 0 0 0 0 0 0 0 0 0 0 0 0 0 0 0 0 0 0 0 0 0 0 0 0 0 0 0 0 0 0 0 0 0 0 0 0 0 0 0 0 0 0 0 0 0 0 0 0 0 0 0.010957734 0.013844713 0.013576776 0.019931391 0.022884434 0.022812582 0.03589156 0.041610315 0.051989551 0.065095789 0.061530715 0.065211054 0.066851331 0.061642659 0.065618819 0.058845313 0.058588394 0.056056279 0.071584925 0.077975241 0.079930955 0.096427624 0.106127357 0.065227281 0.14445066 0.940008279 1.850168837 4.414835702 24.10860161
326.273 0 0 0 0 0 0 0 0 0 0 0 0 0 0 0 0 0 0 0 0 0 0 0 0 0 0 0 0 0 0 0 0 0 0 0 0 0 0 0 0 0 0 0 0 0 0 0 0 0 0 0 0 0 0 0 0 0 0 0 0 0 0 0 0 0 0 0 0 0 0 0 0 0 0 0 0 0 0 0 0 0 0 0 0 0 0 0 0.006546015 0.012758918 0.014860435 0.016307235 0.02273898 0.025976747 0.029212304 0.033865327 0.05126287 0.059959239 0.068235185 0.061368387 0.065912664 0.059709737 0.05646551 0.06095938 0.04586387 0.057204585 0.06229697 0.062485135 0.055500815 0.072389418 0.056562534 0.093078663 0.117495672 -0.040121663 -0.189118635 -0.002039223 -9.298259725 -9.907373321
329.517 0 0 0 0 0 0 0 0 0 0 0 0 0 0 0 0 0 0 0 0 0 0 0 0 0 0 0 0 0 0 0 0 0 0 0 0 0 0 0 0 0 0 0 0 0 0 0 0 0 0 0 0 0 0 0 0 0 0 0 0 0 0 0 0 0 0 0 0 0 0 0 0 0 0 0 0 0 0 0 0 0 0 0 0 0 0 0.007908917 0.015017305 0.017400224 0.019840886 0.023380521 0.026708749 0.029233814 0.032939409 0.044998399 0.055222538 0.059532272 0.06647844 0.068541203 0.070391626 0.072374943 0.066150322 0.061683971 0.064399611 0.051774826 0.064570391 0.069723211 0.049390972 0.065538925 0.073237886 0.118155394 0.139234388 0.041264741 0.456441569 0.988841379 3.063934744 -7.49334754
332.763 0 0 0 0 0 0 0 0 0 0 0 0 0 0 0 0 0 0 0 0 0 0 0 0 0 0 0 0 0 0 0 0 0 0 0 0 0 0 0 0 0 0 0 0 0 0 0 0 0 0 0 0 0 0 0 0 0 0 0 0 0 0 0 0 0 0 0 0 0 0 0 0 0 0 0 0 0 0 0 0 0 0 0 0 0 0.011579292 0.016877935 0.021812213 0.024217086 0.029006762 0.033156483 0.036756091 0.032198048 0.046141473 0.060337017 0.06464055 0.07228485 0.073599776 0.078964581 0.076920755 0.074077855 0.070401585 0.069061811 0.065762053 0.071717113 0.070401026 0.084136008 0.084879245 0.083174813 0.125754414 0.141535277 0.115088914 0.25736999 0.748888764 2.572465018 12.27495918 29.21829306
336.011 0 0 0 0 0 0 0 0 0 0 0 0 0 0 0 0 0 0 0 0 0 0 0 0 0 0 0 0 0 0 0 0 0 0 0 0 0 0 0 0 0 0 0 0 0 0 0 0 0 0 0 0 0 0 0 0 0 0 0 0 0 0 0 0 0 0 0 0 0 0 0 0 0 0 0 0 0 0 0 0 0 0 0 0 0.011819636 0.018688136 0.0210148 0.023323015 0.027420663 0.03290499 0.034821524 0.039363623 0.037698803 0.052765145 0.060664134 0.068329088 0.073711475 0.079525331 0.075532933 0.078489594 0.07753023 0.070802 0.067124434 0.07173592 0.067373765 0.083044378 0.073011513 0.077759033 0.097942436 0.103588625 0.141791769 0.210546884 0.390113543 0.517801636 0.003378632 4.702873836 19.89909996
339.261 0 0 0 0 0 0 0 0 0 0 0 0 0 0 0 0 0 0 0 0 0 0 0 0 0 0 0 0 0 0 0 0 0 0 0 0 0 0 0 0 0 0 0 0 0 0 0 0 0 0 0 0 0 0 0 0 0 0 0 0 0 0 0 0 0 0 0 0 0 0 0 0 0 0 0 0 0 0 0 0 0 0 0 0.008951008 0.016389486 0.021821204 0.02495856 0.028095074 0.034452946 0.034420486 0.039051242 0.041642912 0.052842137 0.057589274 0.065444823 0.073914329 0.075100324 0.079283047 0.08011796 0.074935423 0.074494425 0.071465486 0.064796106 0.073077994 0.061674565 0.067405497 0.069137584 0.074407211 0.077295098 0.109279145 0.121849891 0.151440574 0.049144974 0.321391667 -0.605965921 3.792699638 7.440158883
342.512 0 0 0 0 0 0 0 0 0 0 0 0 0 0 0 0 0 0 0 0 0 0 0 0 0 0 0 0 0 0 0 0 0 0 0 0 0 0 0 0 0 0 0 0 0 0 0 0 0 0 0 0 0 0 0 0 0 0 0 0 0 0 0 0 0 0 0 0 0 0 0 0 0 0 0 0 0 0 0 0 0 0 0.011010982 0.016037697 0.022508343 0.025953879 0.031916086 0.034996261 0.03803462 0.044660713 0.047220062 0.0493224 0.054252131 0.058188347 0.070874142 0.077584092 0.081076835 0.083663062 0.078107755 0.082555211 0.074558863 0.071923955 0.065011355 0.073587592 0.06853965 0.066191866 0.085528124 0.084856711 0.092126887 0.120882516 0.067610651 0.188344793 0.097914668 0.53714166 -0.734476469 -2.49767369 2.260597452
345.766 0 0 0 0 0 0 0 0 0 0 0 0 0 0 0 0 0 0 0 0 0 0 0 0 0 0 0 0 0 0 0 0 0 0 0 0 0 0 0 0 0 0 0 0 0 0 0 0 0 0 0 0 0 0 0 0 0 0 0 0 0 0 0 0 0 0 0 0 0 0 0 0 0 0 0 0 0 0 0 0 0 0.01737125 0.020196287 0.02624598 0.029877506 0.031896369 0.038334823 0.046582379 0.050133229 0.045556613 0.057352772 0.058212173 0.065923038 0.072185752 0.077287587 0.081258807 0.083671003 0.086473724 0.083405713 0.072918765 0.079870039 0.082677418 0.083220315 0.085441099 0.08291231 0.086975365 0.093804669 0.098714741 0.116187544 0.086705512 0.163844059 0.140011061 0.253976939 0.145674533 1.41943015 5.431074932 19.2404268
349.021 0 0 0 0 0 0 0 0 0 0 0 0 0 0 0 0 0 0 0 0 0 0 0 0 0 0 0 0 0 0 0 0 0 0 0 0 0 0 0 0 0 0 0 0 0 0 0 0 0 0 0 0 0 0 0 0 0 0 0 0 0 0 0 0 0 0 0 0 0 0 0 0 0 0 0 0 0 0 0 0 0.016031565 0.020480154 0.025811936 0.030824894 0.037467564 0.041636885 0.047497246 0.049441025 0.055785464 0.058861745 0.066975309 0.068530992 0.068764305 0.078497382 0.080821267 0.08269887 0.085052838 0.080214037 0.088418817 0.088603542 0.082317017 0.084441943 0.077095381 0.089846332 0.090225686 0.080491836 0.083013063 0.093117729 0.098944387 0.120212314 0.087769397 0.192653296 0.214769174 0.640801877 1.035481691 -3.423892479 -9.364143837
352.278 0 0 0 0 0 0 0 0 0 0 0 0 0 0 0 0 0 0 0 0 0 0 0 0 0 0 0 0 0 0 0 0 0 0 0 0 0 0 0 0 0 0 0 0 0 0 0 0 0 0 0 0 0 0 0 0 0 0 0 0 0 0 0 0 0 0 0 0 0 0 0 0 0 0 0 0 0 0 0 0.020406068 0.025736679 0.029521684 0.035833676 0.037055082 0.046891814 0.050254666 0.054185795 0.066246858 0.067582532 0.068470674 0.07763449 0.079846429 0.082331036 0.086586828 0.087115683 0.092933405 0.099228378 0.088160256 0.095654288 0.09046897 0.093294763 0.083825835 0.093322911 0.082458501 0.087826092 0.096154182 0.097362163 0.143146599 0.131985255 0.127144165 0.11219359 0.206472393 0.313128994 0.840788891 0.408018365 1.163013301 23.33372851
355.537 0 0 0 0 0 0 0 0 0 0 0 0 0 0 0 0 0 0 0 0 0 0 0 0 0 0 0 0 0 0 0 0 0 0 0 0 0 0 0 0 0 0 0 0 0 0 0 0 0 0 0 0 0 0 0 0 0 0 0 0 0 0 0 0 0 0 0 0 0 0 0 0 0 0 0 0 0 0 0.022349879 0.023736288 0.033081306 0.037820244 0.043635986 0.051393261 0.059485826 0.065379712 0.063949502 0.07493612 0.083263132 0.082321837 0.086157919 0.092738771 0.093258334 0.095624025 0.100081516 0.101170829 0.102930433 0.102784672 0.098195411 0.104480695 0.10280184 0.100633423 0.09820471 0.103253001 0.111232694 0.118348252 0.127075081 0.140494479 0.139590008 0.188710574 0.196748437 0.275829082 0.45109124 0.888925581 1.959913787 1.183590371 19.44587665
358.798 0 0 0 0 0 0 0 0 0 0 0 0 0 0 0 0 0 0 0 0 0 0 0 0 0 0 0 0 0 0 0 0 0 0 0 0 0 0 0 0 0 0 0 0 0 0 0 0 0 0 0 0 0 0 0 0 0 0 0 0 0 0 0 0 0 0 0 0 0 0 0 0 0 0 0 0 0 0.020447884 0.024884775 0.032286129 0.039020874 0.044552263 0.055235769 0.05967303 0.06551713 0.068018159 0.071347104 0.080118843 0.085643214 0.090469164 0.091948272 0.095161662 0.098509749 0.097782028 0.100196691 0.100127772 0.103301306 0.103363079 0.101264042 0.095227947 0.10519988 0.103599833 0.103365305 0.105282822 0.103756359 0.115895539 0.122425137 0.137262042 0.125632203 0.147440708 0.191290874 0.063841981 0.359101359 0.173339281 -0.122944129 -2.178795294 4.360808107
362.061 0 0 0 0 0 0 0 0 0 0 0 0 0 0 0 0 0 0 0 0 0 0 0 0 0 0 0 0 0 0 0 0 0 0 0 0 0 0 0 0 0 0 0 0 0 0 0 0 0 0 0 0 0 0 0 0 0 0 0 0 0 0 0 0 0 0 0 0 0 0 0 0 0 0 0 0 0.018789614 0.026365116 0.032545106 0.039930998 0.048675215 0.057603151 0.062793105 0.06999308 0.078761469 0.078598845 0.088439973 0.090138345 0.09665619 0.100997099 0.105584804 0.102772833 0.106763331 0.104547058 0.112592414 0.11088429 0.106521426 0.111827763 0.104776303 0.101024617 0.11355422 0.102826804 0.103424165 0.11638771 0.11826375 0.11903264 0.130339554 0.152135551 0.154333845 0.166107678 0.167743507 0.125244676 0.242140334 -0.037754971 0.247056999 1.471567421 -35.06451893
365.325 0 0 0 0 0 0 0 0 0 0 0 0 0 0 0 0 0 0 0 0 0 0 0 0 0 0 0 0 0 0 0 0 0 0 0 0 0 0 0 0 0 0 0 0 0 0 0 0 0 0 0 0 0 0 0 0 0 0 0 0 0 0 0 0 0 0 0 0 0 0 0 0 0 0 0 0.025355672 0.026269708 0.033608037 0.042100892 0.051152474 0.060014002 0.069841625 0.074639998 0.081136042 0.088581009 0.092079908 0.098681923 0.104893803 0.107642257 0.113988913 0.116817088 0.115671986 0.116700581 0.115811767 0.115735893 0.116173814 0.119363171 0.112243575 0.119353092 0.114327369 0.115739445 0.119260352 0.125141369 0.126609563 0.132857712 0.148540158 0.141227169 0.198528976 0.174476745 0.20278533 0.19649172 0.251591371 0.190449634 0.701888787 0.556774773 -1.203231744 1.962858841
368.591 0 0 0 0 0 0 0 0 0 0 0 0 0 0 0 0 0 0 0 0 0 0 0 0 0 0 0 0 0 0 0 0 0 0 0 0 0 0 0 0 0 0 0 0 0 0 0 0 0 0 0 0 0 0 0 0 0 0 0 0 0 0 0 0 0 0 0 0 0 0 0 0 0 0 0.026624597 0.030152542 0.036104553 0.044158842 0.052993531 0.066041843 0.07144419 0.079373462 0.086849393 0.094014834 0.102234233 0.110992245 0.117181893 0.119650172 0.124286406 0.126293907 0.13098148 0.131341762 0.128997593 0.127068914 0.131897547 0.129142283 0.134710767 0.128359721 0.126472929 0.126573412 0.118346118 0.130272074 0.129589592 0.140498485 0.154681106 0.166844775 0.166415483 0.1941741 0.206720967 0.206984048 0.204951021 0.295454141 0.381496669 0.761818418 1.903185174 6.353782938 17.1915166
371.859 0 0 0 0 0 0 0 0 0 0 0 0 0 0 0 0 0 0 0 0 0 0 0 0 0 0 0 0 0 0 0 0 0 0 0 0 0 0 0 0 0 0 0 0 0 0 0 0 0 0 0 0 0 0 0 0 0 0 0 0 0 0 0 0 0 0 0 0 0 0 0 0 0 0.028006911 0.03446844 0.042110082 0.046184421 0.05586968 0.070205811 0.079202428 0.088445935 0.093177233 0.100816994 0.111435086 0.124268637 0.127575954 0.137893882 0.138505755 0.137703809 0.142250727 0.141019242 0.142741498 0.146847277 0.142286726 0.139626179 0.147848873 0.141536885 0.143011145 0.139233267 0.144258956 0.15115854 0.149217586 0.159311515 0.175202001 0.186156916 0.189865422 0.216087823 0.226078148 0.238220761 0.256747409 0.336901425 0.382532084 0.47372411 1.037204445 2.824837474 11.27417869 36.62324635
375.128 0 0 0 0 0 0 0 0 0 0 0 0 0 0 0 0 0 0 0 0 0 0 0 0 0 0 0 0 0 0 0 0 0 0 0 0 0 0 0 0 0 0 0 0 0 0 0 0 0 0 0 0 0 0 0 0 0 0 0 0 0 0 0 0 0 0 0 0 0 0 0 0 0.026943762 0.029257669 0.040810562 0.046154476 0.056720213 0.065937628 0.073979444 0.085667853 0.096831678 0.105181317 0.112916876 0.119533491 0.131838152 0.136713561 0.14718081 0.150771664 0.14988126 0.150674716 0.153386943 0.147630742 0.144920763 0.151677995 0.152307625 0.149837188 0.144595016 0.147083984 0.139524169 0.146237 0.146387678 0.144798746 0.158285949 0.175214362 0.175153785 0.193666952 0.208176383 0.221264425 0.230601985 0.231723655 0.192198752 0.188388656 0.253262582 0.490568293 0.55390071 -3.43088233 0.825921859
378.399 0 0 0 0 0 0 0 0 0 0 0 0 0 0 0 0 0 0 0 0 0 0 0 0 0 0 0 0 0 0 0 0 0 0 0 0 0 0 0 0 0 0 0 0 0 0 0 0 0 0 0 0 0 0 0 0 0 0 0 0 0 0 0 0 0 0 0 0 0 0 0 0.022976388 0.029337008 0.040782811 0.047724378 0.058583848 0.066206071 0.080767599 0.090906913 0.102249368 0.114399254 0.121854242 0.12763182 0.137759566 0.147745922 0.151933589 0.159651967 0.162255189 0.164480225 0.165299844 0.165976359 0.166490721 0.157960357 0.162890655 0.157866738 0.155757272 0.154298761 0.155451611 0.152817266 0.159687534 0.158851312 0.164900629 0.178016829 0.184497869 0.20349815 0.214951703 0.250363398 0.252607278 0.260998319 0.262219405 0.277689033 0.335090113 0.309459029 -0.097109536 0.176748918 2.898765293 16.05926695
381.672 0 0 0 0 0 0 0 0 0 0 0 0 0 0 0 0 0 0 0 0 0 0 0 0 0 0 0 0 0 0 0 0 0 0 0 0 0 0 0 0 0 0 0 0 0 0 0 0 0 0 0 0 0 0 0 0 0 0 0 0 0 0 0 0 0 0 0 0 0 0 0.025011279 0.032079868 0.036549087 0.04996084 0.059882463 0.068456755 0.07733237 0.093525867 0.103275592 0.113759004 0.122718438 0.137708987 0.145900732 0.15532071 0.159513155 0.164108273 0.173061278 0.177842635 0.179366861 0.177416196 0.182223468 0.174082468 0.167877306 0.170172961 0.170854718 0.166395502 0.169154003 0.164609047 0.164677466 0.170465291 0.169741762 0.182071897 0.17821205 0.199565224 0.217522683 0.23960186 0.268801751 0.25704259 0.267148921 0.261736884 0.289098671 0.316776806 0.512367413 0.964151209 1.331860882 1.421001609 -18.05531518
384.947 0 0 0 0 0 0 0 0 0 0 0 0 0 0 0 0 0 0 0 0 0 0 0 0 0 0 0 0 0 0 0 0 0 0 0 0 0 0 0 0 0 0 0 0 0 0 0 0 0 0 0 0 0 0 0 0 0 0 0 0 0 0 0 0 0 0 0 0 0 0.023096189 0.029922155 0.039048506 0.047579492 0.05669218 0.069210173 0.080153868 0.092575923 0.10348974 0.118560123 0.13319807 0.144545898 0.151494773 0.164023497 0.171413615 0.178211376 0.181315165 0.180737137 0.192655032 0.191880463 0.192078624 0.191810669 0.18842109 0.187344733 0.182259664 0.178673699 0.176827376 0.178474293 0.177928874 0.179428496 0.176314426 0.186920108 0.19501336 0.209627759 0.238989773 0.238087889 0.23637698 0.256567821 0.284720124 0.318297274 0.331733671 0.25033171 0.357399145 0.210170511 0.000822 -0.362715706 -1.916077207 8.844617868
388.223 0 0 0 0 0 0 0 0 0 0 0 0 0 0 0 0 0 0 0 0 0 0 0 0 0 0 0 0 0 0 0 0 0 0 0 0 0 0 0 0 0 0 0 0 0 0 0 0 0 0 0 0 0 0 0 0 0 0 0 0 0 0 0 0 0 0 0 0 0.023384864 0.029905301 0.037281545 0.048493807 0.057131011 0.069471633 0.082954409 0.09400547 0.106834643 0.119315752 0.130257425 0.144006647 0.155997836 0.165794251 0.181470861 0.183964909 0.191788965 0.197006367 0.200016331 0.205569624 0.203837336 0.20318186 0.199900185 0.198473664 0.195615164 0.193551073 0.189407266 0.190179432 0.188193305 0.18287856 0.180607811 0.192976373 0.199620426 0.201784512 0.219952858 0.231996199 0.258076463 0.27557112 0.291052958 0.306856337 0.29301362 0.343791178 0.33670474 0.406279953 0.356187826 0.702073518 0.001348064 3.818870622 17.60859369
391.5 0 0 0 0 0 0 0 0 0 0 0 0 0 0 0 0 0 0 0 0 0 0 0 0 0 0 0 0 0 0 0 0 0 0 0 0 0 0 0 0 0 0 0 0 0 0 0 0 0 0 0 0 0 0 0 0 0 0 0 0 0 0 0 0 0 0 0 0.023251722 0.027469204 0.038922052 0.047367463 0.05485816 0.067018067 0.082439712 0.091361897 0.105421247 0.115511483 0.130740169 0.147206828 0.156844138 0.170006602 0.182348778 0.191966594 0.193659214 0.196608646 0.207581148 0.217238368 0.216065331 0.214534378 0.210325633 0.21335919 0.20964603 0.205822734 0.206799343 0.198504376 0.19722405 0.201549139 0.202183802 0.202192501 0.205867487 0.210812846 0.219029018 0.229769034 0.254272022 0.249699062 0.295989123 0.303726085 0.33334324 0.352058456 0.398327979 0.351071486 0.402012045 0.458017634 0.409970296 2.044960891 2.789808653 6.195805526
394.78 0 0 0 0 0 0 0 0 0 0 0 0 0 0 0 0 0 0 0 0 0 0 0 0 0 0 0 0 0 0 0 0 0 0 0 0 0 0 0 0 0 0 0 0 0 0 0 0 0 0 0 0 0 0 0 0 0 0 0 0 0 0 0 0 0 0 0.026240768 0.032315629 0.03931045 0.044593485 0.05862875 0.070592671 0.08219952 0.09382027 0.110128755 0.122814634 0.130532453 0.142675145 0.163007302 0.170690399 0.186466574 0.193011515 0.2018945 0.214148529 0.213769307 0.222138321 0.22432814 0.231917879 0.230454556 0.226422144 0.220709934 0.217331402 0.210856808 0.211305583 0.208539111 0.21042527 0.203173307 0.213564756 0.211820099 0.214685318 0.221609755 0.23573563 0.245655185 0.258389687 0.291007165 0.308462518 0.345644252 0.369601643 0.370044444 0.398524675 0.405771213 0.437352527 0.701824662 0.925507343 2.970059531 3.032496439 14.56044393
398.061 0 0 0 0 0 0 0 0 0 0 0 0 0 0 0 0 0 0 0 0 0 0 0 0 0 0 0 0 0 0 0 0 0 0 0 0 0 0 0 0 0 0 0 0 0 0 0 0 0 0 0 0 0 0 0 0 0 0 0 0 0 0 0 0 0 0.022653191 0.026761938 0.034428407 0.041866715 0.053493488 0.062616999 0.078511419 0.090997253 0.106159636 0.116036905 0.130980253 0.141363206 0.156096288 0.164803127 0.185656487 0.19161924 0.205879909 0.213026034 0.210618117 0.226467823 0.225794191 0.229368021 0.235823029 0.232922382 0.228828572 0.226966169 0.228166028 0.220021616 0.212834641 0.211420618 0.217156978 0.204734004 0.215539053 0.212291951 0.226349283 0.234920706 0.236463537 0.264028031 0.274842729 0.306200739 0.314342092 0.329092302 0.353722086 0.324935741 0.336228555 0.363827396 0.314337297 0.315088098 -0.363781958 -0.400734891 -7.116986924 -17.99162071
401.343 0 0 0 0 0 0 0 0 0 0 0 0 0 0 0 0 0 0 0 0 0 0 0 0 0 0 0 0 0 0 0 0 0 0 0 0 0 0 0 0 0 0 0 0 0 0 0 0 0 0 0 0 0 0 0 0 0 0 0 0 0 0 0 0 0.023290213 0.027470718 0.033975038 0.043726851 0.05294603 0.06428218 0.079066786 0.08950635 0.103496756 0.119804785 0.134723983 0.139664532 0.157362127 0.167519858 0.184435646 0.194469162 0.208212268 0.212881559 0.22367189 0.229903817 0.231971688 0.235909111 0.244562284 0.240271548 0.24628749 0.243494826 0.240460564 0.236879796 0.232722553 0.224663786 0.224077909 0.22440191 0.222179611 0.225472321 0.22704326 0.233568044 0.246738074 0.260003862 0.279806974 0.297822316 0.313033761 0.33922029 0.348695777 0.379281151 0.380837424 0.389338502 0.413078046 0.410553988 0.473906288 0.579608366 1.307752175 2.968395669 12.58628188
404.627 0 0 0 0 0 0 0 0 0 0 0 0 0 0 0 0 0 0 0 0 0 0 0 0 0 0 0 0 0 0 0 0 0 0 0 0 0 0 0 0 0 0 0 0 0 0 0 0 0 0 0 0 0 0 0 0 0 0 0 0 0 0 0 0.016489532 0.022173643 0.030882713 0.039696971 0.051549778 0.06354165 0.073501678 0.088153525 0.099915394 0.117787845 0.13028443 0.14392709 0.1615083 0.168797635 0.178127412 0.194733635 0.204863538 0.215970358 0.221237057 0.228702891 0.239067513 0.236602029 0.243487718 0.249277842 0.251017833 0.250112089 0.249191593 0.24417771 0.243826157 0.23657693 0.23364671 0.231385653 0.228521037 0.229273288 0.232946679 0.236830702 0.238120551 0.256741614 0.267092318 0.281279054 0.29633614 0.328824177 0.349339191 0.356549303 0.394185644 0.39626874 0.393427977 0.37654252 0.329351839 0.612681012 0.252784095 -0.904102243 0 0.087564764
407.912 0 0 0 0 0 0 0 0 0 0 0 0 0 0 0 0 0 0 0 0 0 0 0 0 0 0 0 0 0 0 0 0 0 0 0 0 0 0 0 0 0 0 0 0 0 0 0 0 0 0 0 0 0 0 0 0 0 0 0 0 0 0 0.020149986 0.025284846 0.03265643 0.042714632 0.051837084 0.061486537 0.074065372 0.086954673 0.099487003 0.114001504 0.130397594 0.145535455 0.160681207 0.169866217 0.181486642 0.194943564 0.202721769 0.216706183 0.22751837 0.232369526 0.24108867 0.240762343 0.250119123 0.257315149 0.25771561 0.253693224 0.256038599 0.25909635 0.25006457 0.250067094 0.246347976 0.241065378 0.236858474 0.23927278 0.237993435 0.241824515 0.243761899 0.249137806 0.271466392 0.281821241 0.297885679 0.315825464 0.34665446 0.359808641 0.388148155 0.40758257 0.422774214 0.433279783 0.482370951 0.423584565 0.504513181 0.448921527 0.395483015 -3.606968713 -4.1205358
411.2 0 0 0 0 0 0 0 0 0 0 0 0 0 0 0 0 0 0 0 0 0 0 0 0 0 0 0 0 0 0 0 0 0 0 0 0 0 0 0 0 0 0 0 0 0 0 0 0 0 0 0 0 0 0 0 0 0 0 0 0 0 0.022349485 0.023511443 0.034248285 0.041499322 0.049582017 0.061329551 0.074449299 0.083812328 0.098435639 0.108589214 0.127222759 0.142035661 0.157329808 0.172712193 0.178748905 0.189021051 0.201772659 0.215927975 0.223401203 0.238020443 0.240057753 0.252483102 0.253607989 0.258919061 0.261067026 0.26341568 0.263764868 0.266316829 0.265440268 0.262621649 0.256793346 0.254619149 0.247216359 0.244648213 0.243892627 0.251085551 0.250573209 0.253082646 0.261988246 0.279163367 0.300961438 0.317401359 0.351763132 0.368282035 0.384555622 0.417935007 0.415979523 0.45033985 0.480920581 0.472214474 0.626140274 0.518166773 0.707353501 2.608403506 8.642564127 14.72068664
414.488 0 0 0 0 0 0 0 0 0 0 0 0 0 0 0 0 0 0 0 0 0 0 0 0 0 0 0 0 0 0 0 0 0 0 0 0 0 0 0 0 0 0 0 0 0 0 0 0 0 0 0 0 0 0 0 0 0 0 0 0 0.018446815 0.025217331 0.032427105 0.040195037 0.048804619 0.058307122 0.068572487 0.080512873 0.092476825 0.105690444 0.119103617 0.1342503 0.150253591 0.166383019 0.18198885 0.189942202 0.201887874 0.209093591 0.220435015 0.234507923 0.236455525 0.247727905 0.255188992 0.261297054 0.259271419 0.261863085 0.273178042 0.268364139 0.262942251 0.265971268 0.260513697 0.263081068 0.256162819 0.248528799 0.253466193 0.246936857 0.245537651 0.256756016 0.263466044 0.273873066 0.290377079 0.297414433 0.33697185 0.3566212 0.364385152 0.406293079 0.41075342 0.429387276 0.465834593 0.466700155 0.494767519 0.601431709 0.766999603 0.842633714 0.998239148 6.820449861 20.56533758
417.778 0 0 0 0 0 0 0 0 0 0 0 0 0 0 0 0 0 0 0 0 0 0 0 0 0 0 0 0 0 0 0 0 0 0 0 0 0 0 0 0 0 0 0 0 0 0 0 0 0 0 0 0 0 0 0 0 0 0 0 0.01875956 0.021590742 0.027868668 0.033289269 0.04299562 0.056775895 0.062659466 0.074813038 0.084575114 0.099375609 0.111350459 0.126092991 0.144608002 0.156147265 0.170797663 0.186311529 0.197067368 0.201577085 0.217183529 0.22416037 0.235184633 0.240839134 0.251625076 0.253940445 0.260186032 0.26143755 0.267367854 0.262899126 0.269242581 0.268172722 0.267228834 0.263135205 0.260256599 0.251549452 0.255128425 0.245421921 0.252404018 0.252819083 0.256528733 0.257077049 0.275937261 0.293497021 0.308248187 0.333142213 0.332759984 0.37157314 0.388941699 0.397956015 0.418717421 0.430848647 0.415176409 0.440048116 0.586016019 0.44565382 0.105529399 -0.166504223 1.964758739 -5.565331065
421.069 0 0 0 0 0 0 0 0 0 0 0 0 0 0 0 0 0 0 0 0 0 0 0 0 0 0 0 0 0 0 0 0 0 0 0 0 0 0 0 0 0 0 0 0 0 0 0 0 0 0 0 0 0 0 0 0 0 0 0.017771558 0.023049192 0.026817597 0.032602682 0.040683847 0.05323439 0.061441429 0.071479947 0.086377211 0.09418622 0.107626026 0.124653439 0.139542477 0.153629601 0.164939312 0.183569005 0.199338841 0.203300513 0.211290675 0.219540586 0.225845513 0.239580362 0.249408302 0.257394079 0.259778838 0.261163911 0.266769893 0.267949822 0.273661416 0.27162666 0.265226717 0.266730965 0.264775334 0.261383673 0.257409119 0.263390586 0.257741527 0.253444333 0.258335026 0.263217161 0.27134241 0.281814038 0.29566989 0.318578258 0.338566812 0.363479929 0.378527233 0.418450682 0.41568514 0.434435003 0.46386493 0.418541598 0.430363691 0.410299021 0.334515413 0.480243979 0.64472437 0.861196101 10.50080414
424.362 0 0 0 0 0 0 0 0 0 0 0 0 0 0 0 0 0 0 0 0 0 0 0 0 0 0 0 0 0 0 0 0 0 0 0 0 0 0 0 0 0 0 0 0 0 0 0 0 0 0 0 0 0 0 0 0 0 0.016095227 0.019286635 0.026445339 0.035311726 0.042174756 0.047764338 0.0572571 0.067106308 0.080295306 0.09059402 0.106022732 0.115197045 0.13042607 0.147359526 0.162387936 0.173131043 0.192234742 0.200973827 0.208873576 0.218482009 0.225936272 0.238354194 0.245363358 0.2546504 0.255208519 0.260041673 0.267167554 0.26342885 0.268027289 0.270244948 0.268031696 0.269339715 0.263887253 0.26509349 0.254951381 0.257417143 0.261923469 0.256640561 0.260194093 0.267244401 0.268767953 0.28011674 0.293470506 0.309623121 0.324636127 0.353886936 0.375969359 0.403444887 0.403316656 0.421498489 0.445859062 0.477332467 0.459491472 0.543128 0.497942405 0.557328406 0.40877795 1.76818651 -2.524679991 0
427.657 0 0 0 0 0 0 0 0 0 0 0 0 0 0 0 0 0 0 0 0 0 0 0 0 0 0 0 0 0 0 0 0 0 0 0 0 0 0 0 0 0 0 0 0 0 0 0 0 0 0 0 0 0 0 0 0 0.014283921 0.020019721 0.023290989 0.030833996 0.03698315 0.043243678 0.053075104 0.061491335 0.074204586 0.081946592 0.101841217 0.110024058 0.124376267 0.13830849 0.148495352 0.165631496 0.17737197 0.190987388 0.2062132 0.21267623 0.218091398 0.22448845 0.235427314 0.245152315 0.248995776 0.256150525 0.258458518 0.260550933 0.261583982 0.262517426 0.262120434 0.267015541 0.269525352 0.261686289 0.262747327 0.252679243 0.258106861 0.254097845 0.25488414 0.252412485 0.261403465 0.26777418 0.282522694 0.292593635 0.305100048 0.329240664 0.352867134 0.370621165 0.390558215 0.408736848 0.415908875 0.430320075 0.441318571 0.420050399 0.449459101 0.390055928 0.419672 0.50458388 -0.20138784 0.225709238 0
430.952 0 0 0 0 0 0 0 0 0 0 0 0 0 0 0 0 0 0 0 0 0 0 0 0 0 0 0 0 0 0 0 0 0 0 0 0 0 0 0 0 0 0 0 0 0 0 0 0 0 0 0 0 0 0 0 0.015223421 0.021055158 0.024183253 0.029024783 0.036265447 0.045602653 0.05292864 0.062145402 0.073283589 0.083380086 0.097496736 0.106481574 0.119236004 0.129077071 0.148166023 0.158616758 0.177908391 0.191780021 0.202590283 0.213227608 0.22267466 0.222245276 0.232333646 0.242774105 0.247599165 0.253247966 0.261397529 0.263611685 0.26399552 0.268021868 0.271493055 0.268850585 0.266226015 0.265101571 0.267546249 0.260529327 0.264971495 0.255195428 0.260573658 0.26633654 0.26235149 0.273233388 0.284473269 0.289662764 0.305199023 0.324008748 0.343912408 0.365629428 0.37959451 0.412850334 0.435242866 0.447998133 0.469000283 0.478687311 0.478179127 0.557787867 0.532691832 0.834612582 0.751455519 2.621519768 0 0
434.249 0 0 0 0 0 0 0 0 0 0 0 0 0 0 0 0 0 0 0 0 0 0 0 0 0 0 0 0 0 0 0 0 0 0 0 0 0 0 0 0 0 0 0 0 0 0 0 0 0 0 0 0 0 0 0.012659566 0.016330725 0.019247149 0.026777091 0.031353121 0.041207128 0.048343171 0.058125493 0.065011472 0.075989884 0.087839748 0.098673462 0.111103287 0.118650587 0.138081238 0.14958684 0.160711899 0.180810286 0.19109055 0.204836116 0.215789272 0.220436239 0.224632746 0.23236524 0.240806231 0.247005605 0.252031088 0.257972082 0.263237427 0.263556812 0.263587096 0.265279464 0.265024267 0.265029582 0.2680554 0.267181711 0.261081779 0.260953597 0.258955393 0.255184687 0.260167024 0.263187785 0.271164856 0.27941139 0.284787876 0.304217132 0.31399039 0.335597411 0.362172334 0.379210648 0.405687522 0.423236073 0.442764639 0.447718012 0.450786486 0.45954247 0.480666412 0.513486663 0.35851921 0.317659113 -0.932537818 0 0
437.548 0 0 0 0 0 0 0 0 0 0 0 0 0 0 0 0 0 0 0 0 0 0 0 0 0 0 0 0 0 0 0 0 0 0 0 0 0 0 0 0 0 0 0 0 0 0 0 0 0 0 0 0 0 0.015248737 0.016037587 0.020785544 0.023460026 0.031508949 0.040674702 0.047999081 0.055219086 0.065016964 0.072873951 0.085960737 0.093974049 0.106380674 0.11718564 0.134823361 0.137842465 0.159839592 0.173867702 0.182304417 0.19759096 0.206772093 0.218362466 0.223584714 0.229560935 0.2394407 0.24483473 0.250088734 0.258640469 0.263758284 0.261569634 0.262763881 0.267376306 0.264510476 0.269966949 0.263777446 0.269090452 0.266268311 0.264335216 0.262034085 0.260273911 0.255368139 0.264712245 0.267439014 0.276861192 0.282259715 0.296468484 0.305741082 0.328051828 0.346061925 0.369587004 0.393442966 0.418633122 0.426916427 0.446523476 0.465796671 0.458313268 0.454988919 0.442965227 0.42710993 0.514112063 0.617333009 0 0 0
440.848 0 0 0 0 0 0 0 0 0 0 0 0 0 0 0 0 0 0 0 0 0 0 0 0 0 0 0 0 0 0 0 0 0 0 0 0 0 0 0 0 0 0 0 0 0 0 0 0 0 0 0 0 0.01433872 0.017806375 0.022511018 0.024534772 0.030625536 0.036480664 0.042733236 0.053760657 0.061522724 0.067874896 0.0808499 0.090531942 0.098667879 0.109178597 0.12358441 0.136739208 0.151639173 0.163566227 0.17985598 0.187314336 0.202211786 0.213098777 0.225076689 0.227282078 0.228798329 0.237345084 0.244341682 0.251458183 0.258119746 0.258130727 0.259063874 0.262631582 0.262374163 0.266246196 0.264732063 0.269335279 0.263930918 0.266761997 0.264950116 0.26481953 0.263389117 0.266510196 0.264176428 0.269013975 0.26960637 0.280420788 0.301665562 0.317519843 0.333989659 0.35625626 0.372139036 0.395595751 0.416662691 0.429021308 0.449673754 0.455909686 0.478716995 0.486478273 0.487685377 0.56104524 0.480438516 1.06375655 0 0 0
444.149 0 0 0 0 0 0 0 0 0 0 0 0 0 0 0 0 0 0 0 0 0 0 0 0 0 0 0 0 0 0 0 0 0 0 0 0 0 0 0 0 0 0 0 0 0 0 0 0 0 0 0 0.013356759 0.017076118 0.020382318 0.026284665 0.028328072 0.031635868 0.041522139 0.050111512 0.057800926 0.067479419 0.076162989 0.084297349 0.09250808 0.109441326 0.116908933 0.129000555 0.143922829 0.152678916 0.167246158 0.180206959 0.18877448 0.20250161 0.21189541 0.224209948 0.226992402 0.228670303 0.23282286 0.2435166 0.247530251 0.250357282 0.256500887 0.257875074 0.264263717 0.258685196 0.262748601 0.258130337 0.26354908 0.262061644 0.263769937 0.26046537 0.256861442 0.257456985 0.263588766 0.265221597 0.270232745 0.273049091 0.288106904 0.300738093 0.312680937 0.338095933 0.344593027 0.381153223 0.402182248 0.42780588 0.434350435 0.445454013 0.463782118 0.483279629 0.471807605 0.521421851 0.511704892 0.664720187 0 0 0 0
447.451 0 0 0 0 0 0 0 0 0 0 0 0 0 0 0 0 0 0 0 0 0 0 0 0 0 0 0 0 0 0 0 0 0 0 0 0 0 0 0 0 0 0 0 0 0 0 0 0 0 0 0.013410151 0.014156578 0.018585966 0.025324821 0.028916019 0.033960481 0.035834874 0.047066896 0.052938862 0.057959858 0.070760852 0.079639459 0.089095425 0.09737539 0.10960228 0.117123383 0.131020121 0.141501601 0.15752656 0.1689539 0.177113944 0.189183633 0.203374285 0.210578302 0.221094181 0.2262511 0.225908991 0.233820495 0.23895228 0.246741389 0.2472642 0.25015265 0.250944881 0.252459266 0.252753702 0.254674655 0.254936214 0.257310128 0.257542005 0.254373283 0.255508699 0.258842456 0.255200075 0.256188535 0.259223007 0.267216861 0.272378801 0.282546659 0.301362191 0.312418006 0.331177392 0.354483254 0.373690089 0.389836959 0.407445781 0.432031291 0.44904321 0.440009833 0.455315912 0.424693174 0.495121728 0.469334822 0.423223974 0 0 0 0
450.755 0 0 0 0 0 0 0 0 0 0 0 0 0 0 0 0 0 0 0 0 0 0 0 0 0 0 0 0 0 0 0 0 0 0 0 0 0 0 0 0 0 0 0 0 0 0 0 0 0 0.012290978 0.015589391 0.020111379 0.02442745 0.026624578 0.032203398 0.036380199 0.042243973 0.048363796 0.055547261 0.065995366 0.074803441 0.08221424 0.091714954 0.102426204 0.114729423 0.121966443 0.137307334 0.147236717 0.157770368 0.170167105 0.176862619 0.191036584 0.199139752 0.212811663 0.2189245 0.223873995 0.22353739 0.230102253 0.234658966 0.241426254 0.242862213 0.246356857 0.252910806 0.248455961 0.24967546 0.251194422 0.251762444 0.252683624 0.248924727 0.249077066 0.246874424 0.247852116 0.254360939 0.258046849 0.260305963 0.2656599 0.276139904 0.282205912 0.294979979 0.318215746 0.332229682 0.347790504 0.368574159 0.388172458 0.416850421 0.409011893 0.439375037 0.43116691 0.445013005 0.446284416 0.493243064 0.418120487 0 0 0 0 0
454.06 0 0 0 0 0 0 0 0 0 0 0 0 0 0 0 0 0 0 0 0 0 0 0 0 0 0 0 0 0 0 0 0 0 0 0 0 0 0 0 0 0 0 0 0 0 0 0 0 0.013855919 0.014805761 0.018862991 0.024392703 0.029331661 0.03225856 0.036573257 0.041323309 0.04762499 0.054126731 0.061799693 0.06997525 0.077721512 0.08760048 0.100456068 0.107032552 0.12124578 0.127501443 0.137648871 0.149361143 0.159700082 0.169776543 0.181671069 0.190424475 0.200636634 0.210962184 0.218859809 0.224090333 0.222289602 0.228606524 0.233737781 0.236824862 0.241976067 0.245152257 0.242929971 0.24247586 0.245899993 0.245708294 0.246470507 0.250652628 0.248597231 0.246970077 0.252814306 0.247541683 0.248920055 0.252804724 0.258551209 0.265045093 0.281255669 0.285642358 0.298698873 0.317292878 0.335604136 0.351966318 0.368075718 0.408808278 0.407791239 0.410519535 0.437720079 0.433388494 0.483180471 0.450497832 0.455863063 0.53412626 0 0 0 0 0
457.366 0 0 0 0 0 0 0 0 0 0 0 0 0 0 0 0 0 0 0 0 0 0 0 0 0 0 0 0 0 0 0 0 0 0 0 0 0 0 0 0 0 0 0 0 0 0 0 0.011223352 0.012717843 0.017485923 0.019620544 0.023995924 0.029778987 0.033001414 0.037822521 0.045163345 0.051090088 0.058197973 0.06479393 0.072069387 0.081417281 0.088683299 0.097488424 0.108333638 0.118948656 0.12737828 0.13691482 0.149364308 0.159193386 0.168018776 0.178510723 0.185533345 0.195303736 0.20370678 0.211448099 0.218035842 0.218840524 0.221824174 0.229456987 0.234229317 0.23534193 0.234816932 0.237938049 0.239633424 0.236097981 0.243699311 0.243823027 0.238151169 0.24363155 0.244261184 0.240391475 0.241228064 0.246927161 0.248794824 0.253541344 0.261223408 0.270199331 0.283161307 0.297184881 0.316523006 0.328281191 0.352943999 0.372587245 0.392484758 0.396799657 0.4118026 0.428601238 0.439553707 0.42603777 0.434123005 0.45424019 0 0 0 0 0 0
460.673 0 0 0 0 0 0 0 0 0 0 0 0 0 0 0 0 0 0 0 0 0 0 0 0 0 0 0 0 0 0 0 0 0 0 0 0 0 0 0 0 0 0 0 0 0 0 0.013808626 0.016427931 0.018009563 0.02039113 0.025517516 0.028866318 0.032936632 0.039674318 0.043543182 0.04721368 0.052162738 0.058618495 0.067812894 0.075628233 0.083885053 0.090967067 0.100133067 0.109871715 0.117407094 0.131478371 0.14112688 0.152513264 0.161123149 0.168978094 0.177590771 0.188519278 0.195539192 0.201550049 0.210139255 0.212825802 0.213355821 0.219288087 0.222083754 0.228079761 0.226927139 0.233904524 0.230193096 0.235318007 0.230957097 0.235076163 0.231832344 0.237772592 0.234489273 0.237970616 0.24169156 0.238657883 0.244878715 0.244532124 0.248709249 0.25662373 0.268071057 0.282149539 0.293146446 0.312551809 0.332667142 0.354993344 0.365164529 0.375950772 0.40363095 0.404087576 0.424323312 0.426619451 0.439307633 0.451768534 0 0 0 0 0 0 0
463.982 0 0 0 0 0 0 0 0 0 0 0 0 0 0 0 0 0 0 0 0 0 0 0 0 0 0 0 0 0 0 0 0 0 0 0 0 0 0 0 0 0 0 0 0 0 0.01153716 0.013210622 0.017383109 0.020852279 0.024104194 0.025370608 0.033163544 0.035757484 0.040786877 0.044892679 0.049444344 0.056663922 0.062439936 0.068749593 0.080704145 0.086666367 0.092493327 0.104174036 0.110003033 0.120941001 0.130578186 0.137857402 0.150854531 0.157035133 0.165819634 0.175822531 0.186697487 0.192007038 0.199310965 0.206455413 0.210193334 0.20748762 0.21512376 0.214759101 0.219453536 0.221648313 0.225032521 0.230212302 0.226594967 0.222845513 0.225815574 0.229350197 0.231519673 0.234167313 0.23444106 0.23077907 0.237105896 0.238476349 0.246537037 0.249265796 0.256765626 0.266848592 0.279771252 0.29622443 0.306738919 0.326074591 0.340100392 0.356461252 0.365932418 0.389317453 0.403634966 0.411647125 0.412983979 0.407863499 0.448136027 0 0 0 0 0 0 -7.397335482
467.292 0 0 0 0 0 0 0 0 0 0 0 0 0 0 0 0 0 0 0 0 0 0 0 0 0 0 0 0 0 0 0 0 0 0 0 0 0 0 0 0 0 0 0 0 0.010933016 0.014722964 0.016830732 0.017512022 0.021882193 0.02592912 0.032063776 0.035522534 0.039660312 0.041451771 0.05031078 0.055394043 0.058655543 0.066454417 0.075865772 0.07896476 0.085176785 0.09489312 0.103756337 0.111872013 0.123242176 0.13089133 0.137153924 0.148256148 0.157923499 0.165441451 0.175479733 0.17707882 0.188724189 0.194170818 0.203338932 0.203831161 0.204787495 0.209727495 0.213151559 0.212942439 0.216820201 0.217679884 0.221444056 0.220201098 0.220052062 0.22207605 0.22137234 0.224303276 0.230790326 0.225082085 0.230073776 0.229784684 0.232429466 0.242990643 0.243896156 0.25058328 0.262079725 0.276335704 0.287362233 0.307491399 0.318158405 0.345535965 0.358634527 0.372377538 0.388287727 0.392647739 0.410114625 0.392765774 0.400664118 0 0 0 0 0 0 0 8.090544545
470.603 0 0 0 0 0 0 0 0 0 0 0 0 0 0 0 0 0 0 0 0 0 0 0 0 0 0 0 0 0 0 0 0 0 0 0 0 0 0 0 0 0 0 0 0.010819366 0.013979759 0.016637687 0.020441008 0.021948585 0.027654721 0.030533774 0.033098097 0.040321212 0.044398367 0.049423877 0.053081573 0.057316195 0.062755823 0.070132644 0.077864463 0.083302686 0.093745085 0.098804422 0.106453912 0.116714068 0.12174131 0.130721963 0.141964311 0.148913366 0.156134135 0.164176371 0.171927069 0.179819505 0.183679857 0.191947848 0.198707499 0.200431017 0.201394401 0.204483117 0.207701407 0.211961317 0.212319805 0.212643121 0.213177012 0.212820705 0.214142169 0.215722511 0.221571371 0.217992969 0.22050405 0.22454397 0.221710043 0.227647559 0.230238214 0.233484454 0.245398718 0.253360653 0.261763429 0.265983915 0.28162189 0.300819556 0.321030467 0.331754421 0.34873524 0.370129654 0.371148207 0.387374256 0.426529519 0.414667935 0.433862069 0 0 0 0 0 0 6.77284062 2.923067986
473.915 0 0 0 0 0 0 0 0 0 0 0 0 0 0 0 0 0 0 0 0 0 0 0 0 0 0 0 0 0 0 0 0 0 0 0 0 0 0 0 0 0 0 0.011093959 0.014427589 0.013631341 0.017989783 0.019517308 0.024974356 0.025902489 0.032436317 0.037770898 0.042884692 0.047090619 0.050112357 0.052557682 0.058859237 0.06349289 0.07251736 0.079708193 0.083472385 0.089922086 0.100308875 0.106596893 0.113096788 0.121241148 0.127997799 0.137621822 0.146019072 0.153787106 0.16160887 0.169994229 0.17790501 0.181423758 0.187018856 0.192150635 0.191805522 0.192924376 0.195617254 0.200517613 0.203115312 0.202901569 0.204669718 0.203714033 0.208698066 0.20966834 0.207380039 0.213727494 0.214973054 0.216460428 0.215922548 0.221712053 0.222545763 0.221779337 0.229941714 0.237707226 0.244918302 0.260257698 0.268223342 0.278056902 0.301671501 0.311960263 0.338701522 0.332186022 0.35440831 0.373301748 0.37602488 0.380445424 0.379870887 0 0 0 0 0 0 0 0.997967963 -22.76732758
477.228 0 0 0 0 0 0 0 0 0 0 0 0 0 0 0 0 0 0 0 0 0 0 0 0 0 0 0 0 0 0 0 0 0 0 0 0 0 0 0 0 0 0.007743711 0.01120003 0.013201554 0.01520517 0.019109662 0.02294796 0.023125566 0.030004313 0.032790375 0.036301199 0.043585707 0.045157713 0.048821677 0.056776592 0.057989606 0.063774148 0.073427876 0.078040143 0.081361318 0.092657032 0.099008269 0.104168453 0.113322637 0.120962147 0.12682896 0.13581442 0.142914011 0.149046847 0.158384885 0.162391664 0.167410939 0.174024511 0.180327134 0.181649459 0.184770522 0.185920916 0.189920092 0.191938096 0.195166316 0.193756244 0.196201382 0.199283739 0.202536458 0.201914802 0.199312242 0.203301099 0.201065654 0.207944753 0.210033665 0.212895964 0.212043474 0.218684485 0.220923613 0.232409394 0.241164862 0.252112604 0.261095096 0.271510228 0.290547304 0.298844329 0.31642037 0.331395807 0.34140781 0.34988615 0.373165477 0.370501597 0.407690797 0 0 0 0 0 0 -0.78506387 -1.556478151 -5.612040227
480.542 0 0 0 0 0 0 0 0 0 0 0 0 0 0 0 0 0 0 0 0 0 0 0 0 0 0 0 0 0 0 0 0 0 0 0 0 0 0 0 0 0.010281177 0.010872071 0.013250942 0.016494359 0.019412472 0.022350372 0.024701348 0.029638052 0.034214887 0.03696644 0.040910342 0.044092137 0.048726278 0.056563545 0.058280182 0.064937625 0.067846148 0.073755509 0.083040746 0.088947836 0.091407295 0.100031765 0.107972784 0.1146331 0.119610708 0.128145894 0.132523578 0.14332037 0.149319874 0.154365503 0.165248089 0.166477163 0.170616934 0.174854214 0.180741667 0.182035103 0.184397064 0.184355335 0.189778341 0.192014499 0.190682035 0.190117065 0.193400981 0.194049512 0.195260019 0.195608219 0.201506041 0.201660322 0.209359505 0.206890477 0.204810193 0.213607265 0.21862974 0.222023013 0.226249328 0.242713153 0.25479291 0.26211992 0.271715263 0.291080651 0.297753809 0.324824852 0.339237223 0.341080259 0.36799617 0.370538701 0.368845768 0 0 0 0 0 0 0 0.946779057 -4.531316913 5.274540534
483.858 0 0 0 0 0 0 0 0 0 0 0 0 0 0 0 0 0 0 0 0 0 0 0 0 0 0 0 0 0 0 0 0 0 0 0 0 0 0 0 0.008475515 0.009731369 0.012971063 0.016679986 0.018317259 0.020429564 0.02567497 0.027911263 0.031672692 0.035575774 0.039926823 0.043563462 0.047794255 0.050445337 0.056002676 0.059983076 0.065204366 0.071341334 0.075406733 0.084736615 0.087232219 0.095756163 0.100903177 0.108968928 0.113751987 0.119078315 0.128462435 0.13255949 0.140909627 0.145332044 0.15516825 0.161031956 0.166057896 0.170121751 0.175584741 0.178499954 0.178158855 0.17913088 0.184079758 0.183610175 0.183901379 0.18771864 0.18797002 0.18916402 0.186252153 0.19106891 0.192112577 0.197475757 0.198788463 0.200611637 0.206330212 0.206992765 0.210420264 0.215947919 0.221565985 0.227971828 0.237468971 0.24711595 0.25645494 0.270827443 0.28037781 0.300070168 0.309316522 0.327169935 0.343527565 0.351494402 0.359829914 0.38434834 0 0 0 0 0 0 0.31907779 0.305404783 -0.406360182 7.511897655
487.174 0 0 0 0 0 0 0 0 0 0 0 0 0 0 0 0 0 0 0 0 0 0 0 0 0 0 0 0 0 0 0 0 0 0 0 0 0 0 0.010513304 0.012338328 0.013915185 0.015382577 0.017556537 0.021272186 0.02266324 0.026300524 0.029907869 0.0347895 0.036962607 0.040965532 0.04830213 0.047683022 0.055206428 0.059437052 0.064985455 0.068372881 0.072381314 0.075191207 0.082166411 0.090576796 0.095922769 0.10183446 0.108138186 0.113521247 0.119005288 0.125558885 0.130621728 0.137961886 0.144647112 0.149261676 0.155102042 0.16178358 0.162025915 0.16917848 0.171647436 0.173331363 0.171688513 0.176593466 0.178514126 0.181032419 0.180002807 0.18005946 0.183547116 0.18130456 0.187443873 0.183787683 0.188527689 0.192276188 0.196897568 0.198241913 0.200665317 0.204829836 0.207628824 0.217563767 0.223922325 0.229254188 0.237355369 0.253485948 0.262750596 0.279951506 0.295284473 0.312328763 0.314266445 0.33611216 0.340497674 0.346129494 0 0 0 0 0 0 0 0.543397925 0.405398387 -3.186956113 3.118612085
490.492 0 0 0 0 0 0 0 0 0 0 0 0 0 0 0 0 0 0 0 0 0 0 0 0 0 0 0 0 0 0 0 0 0 0 0 0 0 0.00969968 0.011052254 0.012572989 0.013423371 0.016983899 0.019659302 0.021533956 0.02431696 0.027405979 0.029962605 0.036750386 0.038640947 0.045147649 0.048007476 0.050153394 0.054602417 0.058808946 0.06362567 0.065801142 0.07264921 0.075968693 0.083800652 0.089466088 0.091952111 0.101988604 0.106567389 0.109662059 0.118471472 0.121872364 0.127878088 0.130979092 0.139595171 0.145480737 0.148596057 0.154855348 0.159885751 0.160887955 0.167382256 0.167374537 0.168354587 0.169706634 0.171606687 0.173618461 0.174844046 0.175820779 0.175497225 0.178541032 0.178813952 0.182832566 0.179555098 0.187706535 0.189622387 0.195396426 0.195019777 0.203058636 0.202758397 0.207950603 0.216491384 0.227259311 0.234462689 0.244635003 0.258966259 0.264606709 0.294157488 0.303190064 0.30740883 0.32600881 0.342304394 0.341664123 0 0 0 0 0 0 0.394516706 0.513233501 1.208239658 2.645893153 -7.45311193
493.81 0 0 0 0 0 0 0 0 0 0 0 0 0 0 0 0 0 0 0 0 0 0 0 0 0 0 0 0 0 0 0 0 0 0 0 0 0.009528604 0.011756802 0.012156033 0.014870521 0.01705164 0.017541396 0.022276141 0.023008291 0.025869047 0.030566968 0.034194823 0.037054294 0.04211433 0.045465458 0.04960374 0.052738696 0.057504961 0.060780847 0.062228903 0.070634984 0.074953875 0.075709907 0.082125433 0.08948419 0.092586672 0.100558454 0.104157372 0.111587256 0.121334986 0.122748968 0.128059203 0.129931681 0.139001776 0.142782482 0.146179751 0.152646095 0.154645079 0.1598375 0.160556925 0.160257192 0.161792166 0.162282435 0.166928464 0.167569983 0.168781395 0.175166791 0.16923338 0.17179736 0.17565278 0.176149173 0.177176984 0.177661703 0.186459453 0.186871646 0.195208311 0.199160087 0.201513228 0.206197678 0.214829714 0.227619898 0.232196605 0.240681039 0.256484423 0.26688336 0.275237888 0.295169284 0.304249022 0.31490933 0.327176843 0 0 0 0 0 0 0 0.425269558 0.737104866 -0.048557556 -2.607121564 -1.491873274
497.13 0 0 0 0 0 0 0 0 0 0 0 0 0 0 0 0 0 0 0 0 0 0 0 0 0 0 0 0 0 0 0 0 0 0 0 0.008319128 0.010173221 0.010626974 0.01184886 0.014526 0.017005078 0.018800746 0.021944654 0.024415428 0.028626308 0.03042199 0.034443544 0.037922214 0.041366251 0.04326951 0.048559517 0.052527738 0.057826122 0.063477594 0.066245936 0.066753834 0.07137021 0.077215291 0.084520682 0.086164236 0.090699369 0.095083778 0.102920624 0.107968906 0.114016474 0.116531144 0.124045248 0.125081347 0.132887033 0.136762125 0.14087156 0.140907836 0.149840738 0.150836882 0.154002722 0.152658259 0.155102228 0.157503321 0.159070311 0.162632795 0.16136308 0.165110163 0.161779065 0.164767699 0.169606309 0.174134958 0.173533149 0.17536739 0.178920518 0.182234857 0.187885576 0.18655508 0.193642589 0.199358363 0.204741934 0.218118339 0.222349147 0.236917449 0.244495517 0.26517019 0.272744757 0.279566351 0.299207413 0.303988635 0.311871319 0 0 0 0 0 0 0.269509105 0.420118388 -0.160196666 1.508555978 -0.198902593 -11.35296311
500.451 0 0 0 0 0 0 0 0 0 0 0 0 0 0 0 0 0 0 0 0 0 0 0 0 0 0 0 0 0 0 0 0 0 0 0.00866473 0.011512113 0.0087032 0.013381307 0.014446637 0.017823382 0.017266703 0.022286684 0.023804875 0.028003115 0.029420552 0.033582597 0.035791735 0.039572766 0.043214565 0.046673456 0.049889308 0.055328781 0.057610407 0.062476741 0.064389441 0.067595034 0.075032583 0.078020939 0.080851318 0.086675465 0.090625763 0.097915935 0.101771265 0.105908661 0.112578137 0.115817203 0.120463835 0.126190582 0.126320733 0.134546828 0.136589084 0.141217612 0.142574562 0.147563008 0.152475083 0.152313422 0.147500552 0.153955721 0.153645769 0.161440786 0.158929538 0.159370858 0.158981405 0.165064996 0.163268699 0.164382179 0.164829748 0.172281051 0.173728389 0.178413169 0.181770251 0.184934779 0.190030461 0.193611275 0.203503762 0.211831839 0.218473463 0.230832579 0.248976659 0.249946851 0.270889592 0.285569508 0.296964918 0.29254081 0 0 0 0 0 0 0 0.305117147 0.424256893 0.647779931 -0.152888237 -0.826987012 0.592140653
503.772 0 0 0 0 0 0 0 0 0 0 0 0 0 0 0 0 0 0 0 0 0 0 0 0 0 0 0 0 0 0 0 0 0 0.005006587 0.008280027 0.011540681 0.011586982 0.012763246 0.013291648 0.01968832 0.020448189 0.023916267 0.024600934 0.030004499 0.031073632 0.034033928 0.037395614 0.040440211 0.042426015 0.049659344 0.051480971 0.055629117 0.060475397 0.06085327 0.064543218 0.067100631 0.073806422 0.07934117 0.079572517 0.090962525 0.086036458 0.098146776 0.100072799 0.103104152 0.110819401 0.113638702 0.119771555 0.122297513 0.128613217 0.132372341 0.132873257 0.139755009 0.142944564 0.145416667 0.14672669 0.144608468 0.145873767 0.14899401 0.149842503 0.149699538 0.151398633 0.153956325 0.154552294 0.155174029 0.15899831 0.159198727 0.165282587 0.164381262 0.167962951 0.17474608 0.175666257 0.181077354 0.183137433 0.189788752 0.196033023 0.210630418 0.223025093 0.230285061 0.241392303 0.249467084 0.268793019 0.278697082 0.28429665 0.294281523 0 0 0 0 0 0 0.305295285 0.373526496 0.527478251 0.132572866 -0.148180722 1.85948295 -11.39283287
507.095 0 0 0 0 0 0 0 0 0 0 0 0 0 0 0 0 0 0 0 0 0 0 0 0 0 0 0 0 0 0 0 0 0.004307858 0.006129346 0.008909478 0.010696221 0.01355272 0.014699199 0.017742507 0.020676706 0.022582579 0.023759362 0.024830669 0.030014357 0.030912276 0.035741326 0.036561481 0.040689092 0.045522562 0.048058257 0.050033539 0.055599146 0.060079989 0.06486411 0.064737539 0.065765003 0.07175363 0.074507816 0.080981063 0.08466859 0.085616361 0.093651328 0.095650659 0.100860766 0.105386236 0.112409073 0.114586138 0.119471199 0.123142215 0.127044568 0.130771117 0.134154865 0.137824023 0.139972267 0.139191912 0.143396077 0.142834084 0.141379032 0.144551455 0.149569213 0.148566432 0.149206573 0.150332644 0.151600227 0.155673263 0.15669247 0.158369146 0.164463224 0.166191689 0.167937036 0.176121712 0.180171905 0.180242903 0.186153516 0.19756904 0.204118952 0.215253342 0.223820552 0.221540411 0.245187106 0.25508188 0.262422847 0.289708411 0 0 0 0 0 0 0 0.256560672 0.344461673 0.202355659 0.200772501 -2.038377656 -2.715910656 -5.384384878
510.418 0 0 0 0 0 0 0 0 0 0 0 0 0 0 0 0 0 0 0 0 0 0 0 0 0 0 0 0 0 0 0 0.007618427 0.009885354 0.009199885 0.012188589 0.014167821 0.015443483 0.017371807 0.020734352 0.021565667 0.024443169 0.025830268 0.029877417 0.031907684 0.032704561 0.037080158 0.040227009 0.044581576 0.045671152 0.050906863 0.056168368 0.055596519 0.060564555 0.063206611 0.065120564 0.070044157 0.073819685 0.07855102 0.079066529 0.082529829 0.088865502 0.09395235 0.09481871 0.098515256 0.104216708 0.108185333 0.110318153 0.116839725 0.119934714 0.122870024 0.126748485 0.132543766 0.130878099 0.134663615 0.139691498 0.139857471 0.139797228 0.141652572 0.14096687 0.14037959 0.144858501 0.144424071 0.145858468 0.144476553 0.150415598 0.152018879 0.153382785 0.159738048 0.16118829 0.164687672 0.167240147 0.173089809 0.178083751 0.18321221 0.190686902 0.200858021 0.205726373 0.217616595 0.232740827 0.237259134 0.25507516 0.259916572 0.275663548 0 0 0 0 0 0 0.3212659 0.317528885 0.43281 0.438817315 0.268705174 2.584172946 7.772395386 5.678302723
513.742 0 0 0 0 0 0 0 0 0 0 0 0 0 0 0 0 0 0 0 0 0 0 0 0 0 0 0 0 0 0 0.009188824 0.00923359 0.008515445 0.011505715 0.011688164 0.013697527 0.016325072 0.016583809 0.022292806 0.022551735 0.025066649 0.028315073 0.028077876 0.031411632 0.033599625 0.037218498 0.041220799 0.044749779 0.048118627 0.051455608 0.052957485 0.056404051 0.059186827 0.061624638 0.066683579 0.068184263 0.072127549 0.076072328 0.079782961 0.084313424 0.086793654 0.093128001 0.096333395 0.101279935 0.101511408 0.107567462 0.111878072 0.112867619 0.115459419 0.120153585 0.119667886 0.123553701 0.127476036 0.129141822 0.129958327 0.132820508 0.132254052 0.135084569 0.137644375 0.136238799 0.141043783 0.140789521 0.137156271 0.139719981 0.143468103 0.147696466 0.146097413 0.149765198 0.159215712 0.159210759 0.166785128 0.168324707 0.168525607 0.177213937 0.187025206 0.196818675 0.202338386 0.214250925 0.228976047 0.231686639 0.250239387 0.253693121 0 0 0 0 0 0 0.315254682 0.274391441 0.318246068 0.378012168 0.433005111 0.621400489 0.585127423 2.127414588 10.17424167
517.068 0 0 0 0 0 0 0 0 0 0 0 0 0 0 0 0 0 0 0 0 0 0 0 0 0 0 0 0 0 0.005259746 0.006534471 0.007410008 0.00864558 0.010499721 0.012285107 0.015068489 0.018126805 0.017631626 0.020251203 0.021834109 0.02379765 0.026933006 0.030920579 0.031638074 0.034203035 0.035920261 0.040061352 0.041834823 0.049272714 0.049476117 0.050466884 0.056237772 0.058332783 0.060369211 0.062588855 0.066408091 0.070184099 0.072351022 0.075107831 0.081492156 0.081744759 0.085344383 0.089782153 0.093114777 0.097575812 0.099339027 0.104861097 0.1074248 0.109753777 0.117369972 0.11474175 0.120885086 0.120893056 0.12420325 0.125580303 0.12746394 0.126804337 0.126494433 0.128547734 0.129093381 0.131221757 0.131607976 0.13339145 0.13688109 0.138836202 0.14124891 0.144020146 0.142897738 0.148308015 0.154234774 0.154575431 0.163579172 0.170560046 0.171773039 0.180676344 0.177851659 0.192933938 0.204617315 0.209739412 0.222016135 0.235890037 0.247682588 0 0 0 0 0 0 0.283760572 0.300455261 0.278813343 0.264801339 0.224976402 0.321860255 0.379617662 -0.813103918 -7.795726393
520.394 0 0 0 0 0 0 0 0 0 0 0 0 0 0 0 0 0 0 0 0 0 0 0 0 0 0 0 0 0.008202413 0.006771997 0.011944658 0.010167304 0.011368541 0.012739496 0.015129046 0.015619804 0.017274224 0.018546139 0.024126226 0.025054393 0.026423849 0.025716128 0.029038228 0.033986688 0.035454485 0.03726611 0.040368691 0.04327408 0.044740863 0.048234033 0.050486809 0.055346327 0.055325542 0.059474787 0.062287257 0.064876999 0.066612117 0.071936021 0.073649825 0.079685866 0.080482089 0.085355919 0.087440569 0.089199499 0.095937591 0.099453958 0.101603161 0.10634244 0.108593641 0.107405414 0.117960724 0.115284976 0.119345564 0.118566849 0.122079679 0.120750116 0.122084976 0.122448157 0.123455298 0.124459589 0.128162042 0.127782041 0.129188698 0.130281222 0.132379649 0.13462437 0.140923269 0.144380784 0.144643709 0.14698367 0.15207295 0.15753001 0.160872911 0.16478663 0.169853814 0.182242743 0.190397164 0.196433341 0.20165973 0.209077992 0.226932248 0 0 0 0 0 0 0.249783614 0.278604821 0.271639516 0.234116588 0.241873761 0.345797468 0.323936239 1.499128158 5.342004334 -2.407485277
523.721 0 0 0 0 0 0 0 0 0 0 0 0 0 0 0 0 0 0 0 0 0 0 0 0 0 0 0 0.004737231 0.008583109 0.011385316 0.011480909 0.010073537 0.011969454 0.013319286 0.014030402 0.017650407 0.019623247 0.019418027 0.023322266 0.02547379 0.026474741 0.028595849 0.02956746 0.033030763 0.035765139 0.038216325 0.040418935 0.044425009 0.04753054 0.047466738 0.051288127 0.053656515 0.056950445 0.057909475 0.061119071 0.062763186 0.064876334 0.069324215 0.070899753 0.071390044 0.081353195 0.081797802 0.089773924 0.091053536 0.092650016 0.094550406 0.101784915 0.09999492 0.103619984 0.107084544 0.111202936 0.113258701 0.114888413 0.114793074 0.115880595 0.118950947 0.119508386 0.119134968 0.117843307 0.119185986 0.123665823 0.123701206 0.126298902 0.126366522 0.125740794 0.130599745 0.13209009 0.136871163 0.140822344 0.144340859 0.147480493 0.149346352 0.154213544 0.16150946 0.168388111 0.176418708 0.180749959 0.18791533 0.199481891 0.208939229 0.216577896 0 0 0 0 0 0 0.238477793 0.273723076 0.280528169 0.227622774 0.357945203 0.215217047 0.088777286 -0.4753561 5.189750718 16.33729764
527.048 0 0 0 0 0 0 0 0 0 0 0 0 0 0 0 0 0 0 0 0 0 0 0 0 0 0 0.008987225 0.006785315 0.005485157 0.008026218 0.009401033 0.010173707 0.012566618 0.013019638 0.015969566 0.019420759 0.019578461 0.020480617 0.02459519 0.025244977 0.025871169 0.029667022 0.030137941 0.032524896 0.03490256 0.037624057 0.041813275 0.042993474 0.045924587 0.047733512 0.052345101 0.052157779 0.054450823 0.058089475 0.058734323 0.062547854 0.063104155 0.066896791 0.069617517 0.073987179 0.076115737 0.078941674 0.078316345 0.087067826 0.088889126 0.090252065 0.091545256 0.094376028 0.098587867 0.103319926 0.104094135 0.103727654 0.106465602 0.110392533 0.108842297 0.111908494 0.111451961 0.111270182 0.116706238 0.11729289 0.117328303 0.116869166 0.117500769 0.119366248 0.119742294 0.125352141 0.126370182 0.128442841 0.13680932 0.135622134 0.145152955 0.144818697 0.147831364 0.154516747 0.161905893 0.167173434 0.178516718 0.182563836 0.190456927 0.216510189 0 0 0 0 0 0 0.245653779 0.241906132 0.237885194 0.256913629 0.259155372 0.275892136 0.288557863 0.688433857 -1.236411834 1.081437207 -11.16816019
530.377 0 0 0 0 0 0 0 0 0 0 0 0 0 0 0 0 0 0 0 0 0 0 0 0 0 0.00433494 0.004835315 0.011094889 0.01139038 0.011695827 0.011208681 0.012721139 0.0154209 0.015517588 0.017671321 0.019058542 0.020854426 0.024064656 0.023708025 0.025907519 0.027133534 0.030416288 0.031557546 0.032681952 0.03743596 0.035416028 0.041456306 0.040828309 0.043313237 0.045363894 0.050759496 0.051891341 0.052654464 0.055362886 0.057563307 0.060090153 0.061993621 0.063972482 0.067502384 0.068113118 0.075556172 0.078149939 0.076689427 0.079424774 0.085004252 0.08596198 0.092278242 0.091857794 0.094166267 0.100687565 0.099797632 0.100071266 0.10489339 0.104084628 0.107744408 0.103299899 0.106475732 0.107593694 0.110783701 0.109707252 0.113441822 0.112852073 0.11396978 0.112013559 0.120483326 0.118412904 0.124813009 0.125990853 0.126981148 0.138118045 0.139432261 0.140114093 0.144108756 0.149738137 0.157264373 0.161864093 0.168902683 0.17328566 0.183058327 0.188801971 0 0 0 0 0 0 0.236497638 0.239777949 0.223225854 0.261258216 0.239886135 0.240999609 0.456435845 0.859423453 -0.539804284 0.879453922 4.187414671
533.706 0 0 0 0 0 0 0 0 0 0 0 0 0 0 0 0 0 0 0 0 0 0 0 0 0.002450111 0.005514233 0.006531303 0.003562079 0.009229317 0.010423386 0.009608706 0.013742233 0.011247274 0.016478029 0.015225948 0.015577833 0.020687522 0.019278126 0.021060411 0.024126818 0.026143295 0.026011566 0.028779868 0.033118569 0.034178213 0.035242763 0.037013404 0.038992756 0.042782577 0.045211201 0.044430168 0.047752511 0.052800768 0.052049366 0.053426246 0.056600675 0.059341715 0.06029431 0.062303474 0.065841098 0.069360161 0.070127522 0.069576172 0.076555663 0.080314515 0.079579688 0.084199871 0.083875117 0.087427027 0.091386374 0.095097163 0.095565498 0.094467564 0.095548773 0.101697106 0.099725397 0.099767041 0.103861973 0.101823334 0.104812815 0.103997538 0.103823673 0.112032086 0.108968862 0.107307457 0.110655324 0.11400217 0.117935462 0.120404988 0.124548816 0.133031954 0.134702102 0.136426668 0.14166635 0.145055196 0.149417575 0.157700451 0.167239523 0.17236842 0 0 0 0 0 0 0.2109964 0.22461553 0.219504575 0.227977767 0.192254941 0.212222827 0.317550354 0.215270536 0.206794564 0.762443176 -2.15305321 22.3055429
537.037 0 0 0 0 0 0 0 0 0 0 0 0 0 0 0 0 0 0 0 0 0 0 0 0.006817541 0.00753324 0.002957921 0.005563634 0.006093286 0.010039604 0.007107356 0.014101721 0.01376521 0.013034185 0.013389036 0.014653279 0.014745592 0.019304584 0.0199657 0.024125842 0.024124375 0.024187435 0.0272852 0.029986458 0.030762861 0.031121217 0.035308324 0.036261534 0.040731319 0.041322508 0.040398797 0.04597845 0.049641508 0.049994856 0.052749064 0.053074398 0.055060857 0.056570889 0.059809255 0.063623752 0.065897383 0.066341674 0.067265452 0.070555318 0.073246966 0.075368003 0.079732653 0.084977453 0.084438976 0.082373678 0.08751873 0.088944715 0.089380178 0.091505921 0.091803967 0.094318238 0.097673702 0.095107213 0.09792819 0.096411944 0.09850165 0.100848315 0.102876558 0.102773532 0.10414965 0.108274676 0.108840983 0.111743047 0.116490313 0.118040089 0.125012969 0.123623535 0.129000018 0.133119973 0.137400296 0.141949461 0.14658577 0.147939427 0.164926023 0.169385906 0 0 0 0 0 0 0.20894116 0.206991651 0.213686362 0.202380366 0.221261892 0.199875417 0.17001638 0.244179084 0.243608455 -0.274230756 10.86628233 -17.76214236
540.367 0 0 0 0 0 0 0 0 0 0 0 0 0 0 0 0 0 0 0 0 0 0 0.00257758 0.002346494 0.003130705 0.005874947 0.007938855 0.00408042 0.008054144 0.011767577 0.010305135 0.010322493 0.013209114 0.014605468 0.016191225 0.018912737 0.018607446 0.019634224 0.023291103 0.024190757 0.02510945 0.028142513 0.027642352 0.029843986 0.030570942 0.034211291 0.033144691 0.037971128 0.03688208 0.043381195 0.042054026 0.045995081 0.045722325 0.047576785 0.051627746 0.051367838 0.055024364 0.055978491 0.060351252 0.058821404 0.06553139 0.066502886 0.069332439 0.072503512 0.07160164 0.0753428 0.075035263 0.080293207 0.079476401 0.082293813 0.083900677 0.086278459 0.088077296 0.087650113 0.08846408 0.090205031 0.089801628 0.092664065 0.0940866 0.095861168 0.09773744 0.097217846 0.097397925 0.093648201 0.099553312 0.101435986 0.10455546 0.109143154 0.113434487 0.116377668 0.1238081 0.122277874 0.129832889 0.128980185 0.135714754 0.140496995 0.147845406 0.151943663 0 0 0 0 0 0 0.191440347 0.20751709 0.2024209 0.195473213 0.21111494 0.186459089 0.159543679 0.048787504 0.226818272 -0.386618194 -0.939146633 -5.076305979 -3.423761696
543.699 0 0 0 0 0 0 0 0 0 0 0 0 0 0 0 0 0 0 0 0 0 0.009404724 0.008502867 0.007385454 0.006963382 0.006428897 0.009193518 0.010818738 0.011687159 0.012418212 0.011901132 0.01354856 0.014839073 0.016147601 0.015981289 0.018074214 0.021317281 0.022159314 0.024735829 0.026671102 0.026796513 0.028966822 0.029760324 0.03064885 0.035283063 0.033375893 0.036978078 0.039503978 0.042599854 0.041727443 0.046610177 0.045806013 0.048617037 0.050294765 0.051685419 0.053679665 0.055230051 0.0543668 0.059992158 0.061288367 0.062862116 0.067195465 0.067541642 0.071445048 0.072203955 0.072436311 0.075472322 0.077173103 0.076217639 0.080362525 0.083320853 0.087286813 0.085722092 0.089199267 0.087485576 0.088813409 0.089444122 0.090226964 0.091910133 0.089028441 0.093055191 0.095160158 0.095460103 0.097078962 0.098291562 0.099958923 0.104991368 0.109211305 0.109076146 0.115021956 0.119202342 0.123434001 0.127928132 0.12869016 0.13687787 0.143383042 0.147841776 0.150726514 0 0 0 0 0 0 0.196689252 0.193256741 0.205208543 0.203364173 0.22044606 0.217759258 0.230246603 0.187243388 0.201881471 0.426479259 2.019525105 0.87422082 25.11354992
547.031 0 0 0 0 0 0 0 0 0 0 0 0 0 0 0 0 0 0 0 0 0.002383567 0.002729385 0.00276779 0.003855466 0.002810434 0.006113582 0.004341802 0.011357017 0.012106032 0.009931427 0.011401613 0.011759565 0.013995464 0.014324676 0.015786961 0.017151648 0.020301126 0.020565493 0.022507962 0.024089272 0.023779052 0.026332152 0.028150575 0.030542973 0.031942477 0.034652893 0.034182428 0.037041444 0.036514455 0.040506977 0.042733812 0.044926306 0.046765789 0.046746322 0.050171153 0.051092612 0.050605599 0.051338512 0.057008389 0.057336575 0.05964577 0.061198318 0.065297611 0.063537011 0.065878195 0.066987255 0.07208871 0.072912399 0.073520913 0.077952531 0.078037697 0.080901253 0.081593487 0.080056189 0.082821337 0.082259278 0.084867327 0.08495145 0.085395248 0.087721494 0.089051949 0.087403741 0.089406591 0.093003204 0.092782614 0.093558172 0.096183559 0.101000274 0.105465392 0.106624095 0.103800339 0.11277776 0.113049433 0.125293244 0.127445555 0.131185831 0.137199825 0 0 0 0 0 0 0.19186439 0.186732405 0.193723038 0.185814232 0.182368761 0.167646568 0.194644327 0.148044507 0.158914635 0.133051361 0.287388728 0.625452769 -0.21112957 -11.85921134
550.364 0 0 0 0 0 0 0 0 0 0 0 0 0 0 0 0 0 0 0 0.002637065 0.004500973 0.003761447 0.006683063 0.004150676 0.004114283 0.006034019 0.007088911 0.008266562 0.00849 0.008960333 0.010084673 0.009169137 0.01303764 0.013278587 0.017521341 0.019422314 0.017002036 0.021605789 0.022103482 0.02383565 0.025833197 0.024548046 0.026439839 0.025767863 0.029404257 0.029461416 0.032481254 0.037153754 0.036459306 0.034922278 0.03929195 0.041703465 0.046181912 0.043372971 0.046647261 0.048710778 0.050742526 0.051227544 0.048357381 0.05550584 0.056842254 0.057445174 0.062791425 0.061249136 0.060970487 0.064697747 0.068435707 0.067359628 0.069580759 0.072913629 0.075767976 0.076312097 0.072745427 0.076827607 0.077480279 0.080688008 0.079100955 0.078929549 0.080981874 0.083225781 0.083772248 0.084917294 0.087198982 0.086044966 0.090226571 0.089283112 0.088821967 0.0958361 0.097015723 0.099718343 0.107031774 0.108224052 0.108450924 0.113515242 0.120098975 0.126373686 0.130152192 0 0 0 0 0 0 0.159623099 0.174609467 0.174549286 0.155748949 0.176808691 0.167281132 0.110638228 0.163804921 0.169967768 0.127062808 0.073588577 0.457021214 7.238162169 -31.15304848
553.698 0 0 0 0 0 0 0 0 0 0 0 0 0 0 0 0 0 0 0.009136958 0.005453661 0.009046202 0.010612025 0.006996857 0.01116702 0.011881454 0.012250787 0.00890287 0.015132502 0.014548799 0.016228679 0.017659002 0.018813989 0.015758721 0.019437638 0.021274107 0.022608102 0.023514402 0.022056501 0.024668448 0.024540194 0.027665255 0.027523327 0.028298329 0.030232134 0.032436166 0.032430006 0.03518175 0.037261974 0.038940822 0.039266153 0.041635134 0.042427496 0.042583308 0.046896718 0.048131974 0.044955964 0.050546283 0.052198324 0.051100567 0.054569342 0.058699443 0.059618017 0.058043031 0.059038373 0.062298466 0.063012217 0.065409315 0.067691502 0.068712794 0.071306234 0.071989815 0.07778152 0.074795451 0.079616245 0.076009963 0.07727811 0.076487524 0.075206813 0.078760855 0.080075194 0.079912551 0.085946199 0.082538744 0.085097027 0.087144377 0.089950497 0.095823353 0.094010094 0.096485815 0.102028128 0.102906973 0.102077096 0.113735552 0.117334373 0.120474993 0.129306786 0 0 0 0 0 0 0.165257576 0.161735901 0.180987244 0.170710644 0.186282358 0.19713679 0.193746514 0.192380685 0.205254785 0.25443564 0.340244892 0.671652696 0.91984196 7.725469563 37.25761412
557.032 0 0 0 0 0 0 0 0 0 0 0 0 0 0 0 0 0 0.001482992 0.001925732 0.002027246 0.004228302 0.002038848 0.003925158 0.002965047 0.007115285 0.006321169 0.006898538 0.008890879 0.011394398 0.011430591 0.00974858 0.012112893 0.01427589 0.015757874 0.014942022 0.015375229 0.017254276 0.019471395 0.019786006 0.023132661 0.025001043 0.025168855 0.024484909 0.027099356 0.02831535 0.030856635 0.031453548 0.028346421 0.033200891 0.032075755 0.036472472 0.036330059 0.042082767 0.042688225 0.041787251 0.043644305 0.045936794 0.045814481 0.048170427 0.048506316 0.052824052 0.053689561 0.054397701 0.053291746 0.053964162 0.058621872 0.063939719 0.060087111 0.063330023 0.064101527 0.065377552 0.068670213 0.0696257 0.070554364 0.06863408 0.072139298 0.070588957 0.067346313 0.071468669 0.071744423 0.075291546 0.071600806 0.08099384 0.07763411 0.080302828 0.081789166 0.083146296 0.083632034 0.087460946 0.08736623 0.096167672 0.095360398 0.101096651 0.10303349 0.1084822 0.110201489 0 0 0 0 0 0 0.147782215 0.142121276 0.137273602 0.162271311 0.162524446 0.147535309 0.178471396 0.134277352 0.140876314 0.234681853 0.220530865 -0.070812713 -1.485101065 -2.259882238 14.54329859
560.367 0 0 0 0 0 0 0 0 0 0 0 0 0 0 0 0 0.009072017 0.005316887 0.003554155 0.009429285 0.008967051 0.009525301 0.007052705 0.005560852 0.009112096 0.008233191 0.008138265 0.011011316 0.009042613 0.015198674 0.013654761 0.01286967 0.01356615 0.014780659 0.014626894 0.016024034 0.018862491 0.021747745 0.01997702 0.021937996 0.023061643 0.02528735 0.026527252 0.027115894 0.029002489 0.02796974 0.030145892 0.030172019 0.034858153 0.03823499 0.038873418 0.039255335 0.037712541 0.042269131 0.0414294 0.042612893 0.04406166 0.045710864 0.0467995 0.048297191 0.049193054 0.04849551 0.053496373 0.054290004 0.057276019 0.055581919 0.058930193 0.05923237 0.06352528 0.062250722 0.064826016 0.064228465 0.066118544 0.065476638 0.068415227 0.069430133 0.069533971 0.068706924 0.070017318 0.071944853 0.071741611 0.072542457 0.071259156 0.075079586 0.076132504 0.078407186 0.079246605 0.081774806 0.084047811 0.085142721 0.092281903 0.097566722 0.097060707 0.104318255 0.107120107 0 0 0 0 0 0 0.141947015 0.139313835 0.144924988 0.163234667 0.156754546 0.158639704 0.155951849 0.167823632 0.162736179 0.182642354 0.077648859 0.042941742 0.218946003 0.460387511 5.957155417 -9.383288311
563.703 0 0 0 0 0 0 0 0 0 0 0 0 0 0 0 0.005334357 0.004664265 0.003015604 0.006195628 0.006343442 0.005368597 0.008430103 0.005409388 0.005064711 0.005519823 0.005917417 0.009421332 0.00937766 0.012352739 0.013634635 0.013577241 0.012304285 0.014321322 0.015756113 0.018411169 0.016013766 0.019395578 0.019076352 0.022144562 0.021595109 0.021539447 0.023273598 0.023883706 0.025340002 0.025032619 0.026822206 0.029761351 0.031956805 0.031950354 0.033143303 0.035404068 0.03667583 0.036619737 0.03613518 0.038054165 0.038051648 0.040006105 0.041429351 0.042898828 0.044079489 0.046439197 0.051564587 0.048759783 0.049682322 0.050853737 0.054050977 0.056811229 0.057488976 0.05947495 0.059465903 0.057816977 0.06252827 0.062735102 0.06178913 0.064262443 0.061454424 0.062730395 0.06588623 0.068063423 0.067776364 0.068464465 0.071624334 0.068583752 0.07231796 0.070735114 0.077791031 0.078105343 0.082946867 0.081060376 0.085400554 0.086305152 0.090538204 0.09154475 0.099166979 0.099679566 0 0 0 0 0 0 0.134014186 0.130371811 0.141891065 0.135377807 0.148247858 0.157835903 0.153917581 0.154363932 0.148002417 0.139265074 0.061716619 0.29589737 0.739428248 0.526320303 -6.239364753 37.23064179
567.039 0 0 0 0 0 0 0 0 0 0 0 0 0 0 0.002758428 0.005358062 -0.000347 0.003030659 0.000653 -0.002234308 0.003543516 0.008616475 0.002289513 0.003987493 0.005281022 0.006702307 0.008128136 0.010813352 0.007825149 0.007596895 0.008716415 0.014811906 0.011036417 0.009261257 0.0133293 0.016713106 0.014353069 0.017257542 0.019858037 0.020601663 0.022025376 0.020649447 0.022761012 0.024408072 0.024519338 0.025039073 0.028762729 0.028389881 0.028446645 0.030475847 0.033598939 0.031609062 0.035188669 0.034886201 0.035305162 0.03673752 0.039347892 0.037623896 0.039761882 0.044628453 0.040737639 0.045297648 0.045925972 0.045933457 0.048802588 0.04600196 0.049347719 0.050322695 0.052608745 0.053772538 0.055952364 0.058479471 0.055476572 0.057000485 0.059677392 0.056225613 0.058537896 0.062712386 0.06100014 0.062416283 0.062833668 0.064172073 0.0658958 0.064962016 0.070586002 0.069182523 0.068145358 0.072575789 0.072488685 0.078173902 0.07827574 0.083734559 0.085411844 0.089927925 0 0 0 0 0 0 0.118623043 0.120464731 0.113575839 0.126629085 0.129700077 0.134112507 0.142629522 0.126499704 0.097828463 0.122891699 0.10780804 0.017270417 0.072796754 -0.408131761 1.045463595 -3.718233699 -9.602081128
570.375 0 0 0 0 0 0 0 0 0 0 0 0 0 0.000385 0.0050157 0.001630574 0.004909773 0.005440202 0.008274563 0.004505764 0.002335621 0.004954447 0.005636632 0.005835817 0.006135848 0.01022313 0.00649874 0.009049341 0.0096001 0.011244933 0.014402489 0.013382232 0.01151885 0.013524695 0.014479316 0.016728009 0.018443416 0.017574116 0.017598399 0.019774132 0.019520019 0.019346221 0.021859613 0.021813023 0.023631063 0.024310838 0.028728092 0.027848121 0.025059346 0.0289279 0.029750321 0.030793379 0.033072381 0.032761421 0.035174011 0.036073638 0.034928291 0.038679089 0.037853535 0.039384524 0.040895278 0.045242993 0.043071322 0.045246951 0.043329242 0.047765842 0.045159132 0.049127964 0.051252084 0.052598169 0.05454102 0.053948405 0.054592358 0.054282495 0.05599824 0.057564538 0.055648058 0.057844258 0.056974606 0.060690574 0.059152809 0.059872304 0.06234464 0.062887269 0.06343378 0.067268882 0.068780963 0.067915147 0.070302105 0.074441426 0.078639867 0.084999189 0.081706954 0.082778043 0 0 0 0 0 0 0.118870406 0.115035201 0.119470221 0.119945787 0.113309129 0.126143142 0.124863378 0.134322865 0.135808628 0.140783797 0.171875276 0.200550838 0.051122553 0.862987234 -0.702554758 -8.467640311 2.535169133
573.713 0 0 0 0 0 0 0 0 0 0 0 0 0.001386529 -0.007093896 0.004465093 -0.006508725 0.004042373 0.005288051 0.00199096 0.002418908 0.002497184 0.002407525 0.001738595 0.002785537 0.004010286 0.007300802 0.005040855 0.008481428 0.008718182 0.006719314 0.011735784 0.011127467 0.013653594 0.01142506 0.011391674 0.013009516 0.013729704 0.015122168 0.015949105 0.017503039 0.017946878 0.019296904 0.019668767 0.0197987 0.02132841 0.02001596 0.025355739 0.021779028 0.02495551 0.027529615 0.026319572 0.02748645 0.028822628 0.029196609 0.029558642 0.031874481 0.030316929 0.034232118 0.037336046 0.033926973 0.038087973 0.038323909 0.039995763 0.039485195 0.040796829 0.044758563 0.045419491 0.045634207 0.046285597 0.046393349 0.048219137 0.048136066 0.048554577 0.051359153 0.050577543 0.051785631 0.053140519 0.051287248 0.056564639 0.053525715 0.055627804 0.055864731 0.059241496 0.057874055 0.061641262 0.060281089 0.064466639 0.064843427 0.066636993 0.068792381 0.071227277 0.076071198 0.077179452 0 0 0 0 0 0 0.104745996 0.097773799 0.095152197 0.104876855 0.106902016 0.10593162 0.114813133 0.114572733 0.134040146 0.110337612 0.103117413 0.109082416 0.083227281 -0.161321575 -0.074351688 0.055198461 -10.35535079 20.1379898
577.05 0 0 0 0 0 0 0 0 0 0 0 0.00960012 -0.000396 0.001539061 0.005217905 0.003080672 0.000528 -0.000858 0.001993606 0.005816427 0.007814756 0.007987006 0.007975963 0.006416224 0.004685773 0.011288819 0.007507261 0.008492703 0.007709788 0.00651242 0.007385402 0.014130601 0.010737966 0.013748697 0.016816759 0.015987582 0.015069974 0.01650997 0.017608836 0.018139465 0.017730371 0.019708128 0.018850061 0.020093631 0.021418994 0.020856137 0.023571733 0.023962143 0.025403501 0.025777192 0.028030897 0.028835132 0.027030423 0.029169832 0.030254693 0.033129224 0.032288859 0.033458395 0.034709776 0.037653463 0.036239468 0.037848445 0.037821993 0.040380636 0.040365431 0.040106478 0.041847254 0.047133093 0.047094434 0.046391974 0.047576608 0.047714409 0.046733426 0.048799571 0.049488535 0.049618734 0.051529386 0.051975614 0.05019819 0.053608593 0.053221509 0.05517635 0.055284533 0.054967052 0.056444644 0.06061185 0.060747556 0.062644824 0.063516143 0.064592133 0.067625825 0.067533373 0.074583529 0 0 0 0 0 0 0.099507844 0.104589673 0.102696796 0.110740294 0.114840642 0.115321987 0.119451695 0.125318507 0.121163247 0.108901544 0.13058399 0.122748506 0.10424805 0.087955421 0.073879653 1.119417073 0.238259352 20.11659977
580.388 0 0 0 0 0 0 0 0 0 0 0.001887525 -0.002009495 0.001586711 0.003450231 -0.003899764 -0.000357 -0.002282765 0.002895978 0.000826 0.002900487 0.003586788 0.003458453 0.005790095 0.003896843 0.00387667 0.007551413 0.008475031 0.008827897 0.0121056 0.009637806 0.007783881 0.007643067 0.011353657 0.012015253 0.012227612 0.010033323 0.01459432 0.013270915 0.015877565 0.016166223 0.016218226 0.018043275 0.01811114 0.018569232 0.02154184 0.020310398 0.020149607 0.023677084 0.021980843 0.026205873 0.025585314 0.025854565 0.027042532 0.027034481 0.028743245 0.028466562 0.029445848 0.029671146 0.03298889 0.033451754 0.030720107 0.033407295 0.03644788 0.038446422 0.038380291 0.03833512 0.040203243 0.038837388 0.043892517 0.041344112 0.042596504 0.044990569 0.044455118 0.043977652 0.048345785 0.044886434 0.044651577 0.045169633 0.047574108 0.047343811 0.047367653 0.04936213 0.045496983 0.049983469 0.053293867 0.052619601 0.053321646 0.057998907 0.06206583 0.058443244 0.062748737 0.065553702 0 0 0 0 0 0 0.084116383 0.089404513 0.090446175 0.088366258 0.103554833 0.103488459 0.09885922 0.099707355 0.113536438 0.101962046 0.10467107 0.069965741 0.12442669 -0.010107094 -0.263169495 -0.187121282 -0.34603871 11.08704238 7.218309842
583.727 0 0 0 0 0 0 0 0 0 -0.003858267 -0.000409 0.001625218 0.003944479 0.000189 0.002039107 0.003421808 -0.001575495 0.006964954 0.005287835 0.000161 0.005906901 0.001648968 0.003895397 0.010126106 0.005461192 0.007017194 0.01529714 0.009736857 0.010262961 0.007664489 0.008482943 0.00880736 0.01195714 0.011636902 0.013114482 0.013671021 0.012952715 0.013807284 0.016739462 0.015455947 0.016315003 0.018652266 0.018895517 0.017979952 0.021759709 0.020061439 0.020755154 0.022149927 0.021421623 0.01995757 0.025660228 0.025619058 0.026664056 0.027659631 0.027360535 0.026807567 0.027590667 0.030154429 0.031679987 0.029157302 0.034864279 0.033213661 0.034538382 0.033979347 0.033590168 0.036225193 0.035221849 0.041036072 0.037147497 0.036940872 0.040964891 0.039991447 0.041106201 0.043770074 0.041230442 0.04366228 0.042156256 0.046916112 0.047222721 0.042979181 0.045842208 0.046546538 0.046431858 0.048560479 0.048483054 0.050369325 0.055050525 0.051637465 0.059618557 0.062099239 0.061537523 0.063050172 0 0 0 0 0 0 0.080194662 0.085006506 0.091569618 0.088979464 0.09360152 0.091819607 0.077955954 0.104595412 0.108149424 0.108690261 0.089061277 0.106261632 0.087733822 0.117359838 0.138644347 0.149650085 0.240305316 -0.929528442 -5.270071289
587.066 0 0 0 0 0 0 0 0 2.9e-06 -0.006442908 0.000415 -0.001219446 0.007094403 -0.004971205 0.004446484 0.00539836 0.001576074 0.002885982 0.004131405 0.002088375 0.009173431 0.006596817 0.001444096 0.002358933 0.006925092 0.009443524 0.001959394 0.005515635 0.013087254 0.008314262 0.008588567 0.00742411 0.012416972 0.012065785 0.0084954 0.010887731 0.013321573 0.015094864 0.014471885 0.016451324 0.015586522 0.014241479 0.017064823 0.016560838 0.017699179 0.018704292 0.020022203 0.01955865 0.018075631 0.023858569 0.02115191 0.026619847 0.023162366 0.022830785 0.027513347 0.025988699 0.024072021 0.030327103 0.02979381 0.030501096 0.029455419 0.032336454 0.032409418 0.026312304 0.031794581 0.036156828 0.035385903 0.039173106 0.035835406 0.035573848 0.037549108 0.039086504 0.041812516 0.041434056 0.03953626 0.041032741 0.043382264 0.039923549 0.040612594 0.043467335 0.043099762 0.044877318 0.044429737 0.044922738 0.04640645 0.04782202 0.052588803 0.05215914 0.053132374 0.055599687 0.056846933 0 0 0 0 0 0 0.077860304 0.076238279 0.080553932 0.079541796 0.082757988 0.084735607 0.086032466 0.101086684 0.095662175 0.093952314 0.103392643 0.085065621 0.12632828 0.076273859 0.168875703 0.175402882 0.149907886 1.050639991 -3.283352497 -15.81435426
590.406 0 0 0 0 0 0 0.009687287 0.008721563 -0.000443 0.00217164 0.004216418 0.001845344 0.001996099 0.002897175 0.008804054 0.002177658 0.005837991 0.007037981 0.005844668 0.008767126 0.008168136 0.004695159 0.005976371 0.004345618 0.009551282 0.009669264 0.011995418 0.01126235 0.007065125 0.01003577 0.010348995 0.012000409 0.009683474 0.012705344 0.013422192 0.013256063 0.014638196 0.014172589 0.015015602 0.015063507 0.016191263 0.015970834 0.016138159 0.017050062 0.01961643 0.01870838 0.019819618 0.017522523 0.018754717 0.0233656 0.023288552 0.023879516 0.025246153 0.023783207 0.023439731 0.024443242 0.028189177 0.026735208 0.029229597 0.026129678 0.028934941 0.031235717 0.032568851 0.032146464 0.033858395 0.032263465 0.032633256 0.032538809 0.035831405 0.03893832 0.039666094 0.039700794 0.036812538 0.038998013 0.038976024 0.040153925 0.040831419 0.039381758 0.040687972 0.042263644 0.040968369 0.042014218 0.043941049 0.045157629 0.044928375 0.045727907 0.047706537 0.05046994 0.050700735 0.052654492 0.056218161 0 0 0 0 0 0 0.073742463 0.073322266 0.073423036 0.082589384 0.085184001 0.083099377 0.085500389 0.090597356 0.097023125 0.104603849 0.085364833 0.091591083 0.069247787 0.142466874 0.121842168 0.184677273 0.151666033 1.481672066 3.807712007 13.27438517
593.746 0 0 0 0 0 0.001234734 -0.001419955 -0.004165464 -0.006298784 -0.003926283 -0.003814785 -0.003100514 -0.000999 -0.003114423 6.92e-06 -0.003476745 2.43e-07 -0.00174156 -0.007416884 -0.00229679 -0.003327982 -0.001221844 0.00206096 0.001556488 0.000141 0.000391 0.002125558 0.006699745 0.007357693 0.007484432 0.004747407 0.007162669 0.008930921 0.008492272 0.009429428 0.010294591 0.010314939 0.010900685 0.012633412 0.013850748 0.013795069 0.011854709 0.01416123 0.015106047 0.014947061 0.015971533 0.016027377 0.016199813 0.017338793 0.016459785 0.018737017 0.019103902 0.017506108 0.020880206 0.021086135 0.021602647 0.021880374 0.02085801 0.023874271 0.026091159 0.024407099 0.023659961 0.026410955 0.025289662 0.027987362 0.030601611 0.0287599 0.028632201 0.031063723 0.033158687 0.031724423 0.033810732 0.032875145 0.033857937 0.032710355 0.035406524 0.034673705 0.034997218 0.036643304 0.037996015 0.037967282 0.037538081 0.036714615 0.037285183 0.040842882 0.038970497 0.042329156 0.042981399 0.047001382 0.047120427 0 0 0 0 0 0 0.060139049 0.060104547 0.064240236 0.066054037 0.068585695 0.067077023 0.073537307 0.075860183 0.072049078 0.071285397 0.069183128 0.071731781 0.069554054 0.057875742 0.019638663 -0.02079931 0.00039 -0.49474834 -1.851163714 3.123810327 1.041255863
597.086 0 0 0 0 -0.004554884 0.001233568 -0.00264016 0.00537104 0.001591824 9.82e-06 -0.001069877 0.000214 -0.002432093 -0.001175132 0.002095991 0.002961888 0.008458529 0.002095163 0.005945522 0.005947652 0.001598292 -0.001232056 0.005488365 0.000713 0.00711707 0.006689066 0.006920638 0.005668801 0.005912106 0.006880571 0.007019778 0.007221803 0.006752671 0.009346055 0.012442424 0.009893638 0.009652464 0.011210387 0.012273166 0.013344431 0.013809303 0.014783317 0.015345297 0.016585807 0.016659736 0.015658466 0.017401909 0.016882209 0.019250048 0.015428894 0.019540328 0.020283369 0.020426308 0.021856219 0.024067821 0.02201639 0.021982102 0.023396863 0.024514145 0.023648463 0.026650762 0.025585334 0.024871711 0.030126257 0.028885203 0.027990766 0.028285032 0.026097626 0.027848726 0.029040469 0.031033428 0.033222161 0.034650693 0.033995477 0.034877727 0.034446573 0.033991757 0.033765712 0.035419296 0.036632608 0.036087557 0.037056984 0.036870045 0.0356797 0.037522404 0.043147999 0.042085364 0.043685487 0.041779185 0.046411411 0 0 0 0 0 0 0.061702463 0.061337546 0.063957075 0.064944279 0.065850703 0.072215648 0.078189598 0.073916858 0.073935432 0.077583258 0.064083029 0.071696819 0.09071744 0.063127191 0.011897724 0.195100286 -0.075153914 0.480334581 -1.38926485 -1.458171317 -9.852287656
600.427 0 0 0 0.001859074 -0.001287198 7.3e-06 -0.001219704 -0.002368664 0.001607691 0.006033967 -0.003484762 -0.002541647 0.001851868 -0.004185825 -0.001930517 -0.004128126 0.001095751 0.000531 -0.001379585 0.001005076 0.00324288 -0.001406852 0.00571644 0.001591824 0.003195175 0.003992823 0.003321037 0.005017037 0.00776473 0.009233794 0.008741171 0.00794712 0.008567181 0.007533456 0.010520419 0.011700203 0.010251122 0.01078803 0.010625055 0.011418088 0.012636999 0.012376408 0.014742755 0.014904733 0.015470779 0.014209561 0.015765779 0.018482739 0.014926937 0.018364237 0.01924946 0.018986313 0.020345864 0.020619813 0.020901216 0.022809326 0.018307773 0.018341423 0.025952216 0.022415203 0.026757863 0.02448351 0.025415667 0.022388143 0.023503348 0.026074865 0.027897945 0.026871745 0.028794354 0.028409946 0.031267284 0.030920024 0.029264801 0.032046901 0.029338874 0.031776105 0.034070326 0.032156318 0.034178748 0.033411834 0.033602878 0.034900594 0.037187332 0.037058983 0.037185483 0.038696781 0.040465268 0.04300359 0.040857151 0 0 0 0 0 0 0.055131493 0.057052303 0.059852597 0.063239138 0.061045888 0.065982407 0.063508389 0.061573734 0.07240813 0.057844706 0.077966994 0.06120274 0.079470196 0.054404982 0.068952212 0.103407074 -0.057485337 0.098922158 -0.135727521 2.208902111 0.003474331 8.191871045
603.768 0 0 0.002515273 0.005634495 -0.007279942 0.004300886 -0.000498 -0.003112936 0.004888377 0.0024965 0.00682566 0.004285414 0.001665804 0.007860014 0.001566583 0.006831048 0.005351939 0.004478559 0.008014013 0.011180437 0.001638807 0.005055884 0.007450259 0.007457825 0.010666097 0.006993792 0.008644157 0.009646996 0.006180459 0.006942078 0.008071735 0.008135248 0.008561905 0.010474787 0.012580615 0.009979112 0.01028311 0.012921111 0.012447905 0.013336771 0.012667073 0.014059127 0.01233851 0.01578543 0.013340916 0.01559999 0.015224638 0.014734417 0.018101765 0.019072177 0.018784934 0.019589932 0.018637074 0.018139558 0.019834375 0.020367098 0.023266536 0.020267798 0.020056219 0.022559038 0.023139818 0.024089047 0.024693597 0.024470003 0.025996317 0.026437582 0.025511859 0.027234492 0.026313126 0.031915691 0.027084821 0.02954021 0.029941825 0.031149337 0.031015498 0.031612822 0.032586682 0.031290498 0.032902709 0.034339664 0.033885915 0.034383968 0.031822209 0.036980223 0.034483384 0.038431541 0.038718088 0.042834263 0.041472628 0 0 0 0 0 0 0.055588372 0.05697029 0.059732157 0.061391535 0.06169301 0.063504801 0.06700095 0.064300433 0.068512553 0.072472235 0.074038573 0.09322051 0.066027593 0.075249676 0.080952316 0.114599258 0.076451045 0.092282883 -0.099356922 0.311285072 -2.967751236 -3.64893699
607.109 0 0.022304851 0.007272404 -0.00161824 0.001567061 0.001520462 0.011140324 0.006981961 0.002574496 0.005222197 0.007739677 -0.000217 0.002297547 0.011746209 0.008843432 0.006674459 0.003896072 0.006843782 0.003326691 0.00766452 0.011696151 0.006671057 0.008255879 0.007497141 0.010440504 0.006084646 0.006874225 0.008578579 0.009560548 0.012698752 0.009320035 0.012585062 0.012672049 0.011519696 0.011043769 0.010367614 0.013194776 0.012687604 0.013340483 0.013349531 0.013667376 0.012977 0.01371796 0.013911183 0.014442847 0.015945641 0.017084113 0.015783965 0.018458682 0.018829925 0.019975715 0.020180188 0.018889288 0.019064071 0.020549206 0.020474887 0.022416107 0.023946241 0.022352114 0.020883228 0.024791809 0.021964005 0.020838329 0.027427068 0.02691269 0.024047065 0.023605622 0.028647042 0.026608271 0.027941528 0.029043942 0.030219706 0.031060872 0.031167884 0.031109431 0.030489337 0.029118748 0.029246955 0.032361378 0.032071643 0.032606687 0.033528265 0.033590796 0.035676897 0.03253489 0.038297532 0.036474907 0.039742414 0 0 0 0 0 0 0.051053179 0.05045995 0.051631457 0.056561996 0.059358928 0.062209627 0.064907447 0.069955507 0.066470249 0.063308827 0.071844622 0.07325998 0.07965531 0.07636156 0.093505024 0.083796112 0.072740213 0.095162477 0.294359978 0.554814561 2.364906383 2.976455917 6.419559198
610.451 0.0003 -0.004095586 -0.001980508 -0.008990039 -0.0065995 -0.003336355 -0.011004859 -0.001700832 -0.002598714 0.00068 -0.002014683 -0.002823099 0.001269138 0.001635419 -0.004564511 -0.001150845 0.000937 0.002364868 0.0014153 0.000517 0.000998 -0.002726924 0.004477903 0.003266614 0.004419361 0.003141184 0.005503858 0.004523067 0.006878976 0.005893351 0.008195094 0.007308249 0.005861079 0.007636034 0.007466449 0.010644247 0.007634644 0.011908685 0.007916289 0.009242816 0.009254309 0.009600988 0.011625426 0.010780993 0.0108495 0.013388049 0.012438844 0.013818365 0.017592836 0.014068092 0.01432759 0.01481631 0.015248083 0.015221958 0.015372694 0.016832231 0.01640717 0.018556683 0.018798046 0.019755557 0.018757524 0.018202583 0.020223392 0.022609283 0.022185741 0.022583658 0.021531861 0.021722701 0.022710105 0.024654302 0.022229342 0.024869743 0.022710087 0.026233658 0.025647369 0.026737021 0.027248235 0.026584933 0.02653882 0.028534665 0.029838498 0.028545428 0.026543539 0.031489941 0.030788097 0.030811051 0.027741022 0.033706845 0 0 0 0 0 0 0.04396473 0.046123326 0.045612372 0.047631355 0.057055514 0.048466153 0.058894642 0.058721339 0.053666477 0.051213602 0.048161679 0.064391926 0.068683858 0.044901141 0.04638469 0.079593312 0.024499241 0.018534954 -0.093587781 0.259819753 -0.817231825 8.766882213 -13.96341879
613.792 -0.009874114 -0.011297175 -0.006714475 -0.004585618 -0.003137149 -0.008385948 -0.002714638 -0.002650418 -0.003513705 -0.004322846 -0.003984451 -0.000212 -0.006684436 -0.000604 -0.003535123 0.002284629 -0.000556 -0.000899 0.001575249 -0.000681 0.005271676 0.004447213 0.003974428 -0.000294 0.004516544 0.001217151 0.004929611 0.003606885 0.000714 0.00331832 0.005701634 0.004824043 0.006094183 0.007380159 0.006858793 0.007924522 0.008177356 0.008479125 0.008525961 0.00891839 0.008334679 0.009204135 0.010985332 0.009445179 0.010984687 0.012599705 0.011745811 0.011252363 0.01169945 0.014273932 0.012843435 0.012968334 0.015096172 0.014318141 0.013014274 0.012694973 0.014377222 0.01166801 0.015601248 0.018898779 0.015891497 0.017177626 0.016580421 0.01610359 0.019014698 0.018985705 0.019113337 0.020554212 0.022018611 0.019652483 0.020345961 0.024027145 0.023815858 0.023852603 0.025900023 0.022455489 0.022767308 0.022826085 0.024915981 0.027676316 0.026552796 0.025963596 0.028108102 0.028179251 0.024261118 0.028385255 0.030790536 0 0 0 0 0 0 0.037617028 0.037761661 0.039360169 0.043507283 0.043824809 0.0490714 0.042107577 0.045755132 0.040415865 0.051034674 0.05744128 0.050025526 0.053468351 0.051010215 0.052587787 0.037418406 0.040025652 0.016220064 0.003831171 0.093068747 -0.139054993 -0.687920912 -8.975508093 -13.78412706
617.135 -0.005195126 -0.003849668 0.001708748 0.000551 0.001868717 0.004401839 -0.005319763 0.003931729 -0.002876417 0.009283141 0.004515363 0.004614667 -0.001924937 -0.00186622 0.000198 0.002726752 -0.003791206 0.003496844 -0.002683735 0.001043589 0.003366262 0.002596569 0.001248053 -0.002553154 0.004900198 0.005525807 0.007552267 0.002543071 0.002562484 0.004208204 0.002912971 0.005894162 0.006029398 0.005058226 0.008098441 0.008101074 0.005989732 0.009283153 0.008923977 0.008457774 0.009732467 0.012642152 0.009557304 0.011074331 0.010354523 0.010861486 0.011272312 0.012901481 0.013813174 0.009750579 0.01234818 0.015897856 0.013287527 0.013627495 0.014230725 0.01540751 0.015765542 0.012543713 0.015846368 0.016412042 0.018582695 0.016398919 0.019161357 0.018349834 0.017917894 0.021899961 0.019945207 0.018891795 0.019475662 0.019292589 0.020478046 0.023099706 0.023271496 0.021155361 0.023654269 0.023528529 0.023555512 0.022448024 0.02479822 0.024373361 0.026084927 0.024328282 0.028637464 0.027338784 0.02896477 0.026749784 0.029401842 0 0 0 0 0 0 0.035589956 0.038821328 0.039309362 0.043182405 0.039662509 0.042037574 0.041663327 0.043269448 0.04974268 0.056677856 0.050899195 0.045967383 0.055415564 0.052085015 0.062660097 0.072036617 0.05622486 0.035017611 -0.059670706 -0.016250894 -0.162986177 -0.135856001 -4.069212681 -5.163311295
