NaN 600 596.73 593.46 590.19 586.92 583.65 580.38 577.11 573.84 570.57 567.3 564.03 560.76 557.49 554.22 550.95 547.68 544.41 541.14 537.87 534.6 531.33 528.06 524.79 521.52 518.25 514.98 511.71 508.44 505.17 501.9 498.63 495.36 492.09 488.82 485.55 482.28 479.01 475.74 472.47 469.2 465.93 462.66 459.39 456.12 452.85 449.58 446.31 443.04 439.77 436.5 433.23 429.96 426.69 423.42 420.15 416.88 413.61 410.34 407.07 403.8 400.53 397.26 393.99 390.72 387.45 384.18 380.91 377.64 374.37 371.1 367.83 364.56 361.29 358.02 354.75 351.48 348.21 344.94 341.67 338.4 335.13 331.86 328.59 325.32 322.05 318.78 315.51 312.24 308.97 305.7 302.43 299.16 295.89 292.62 289.35 286.08 282.81 279.54 276.27 273 269.73 266.46 263.19 259.92 256.65 253.38 250.11 246.84 243.57 240.3 237.03 233.76 230.49 227.22 223.95 220.68
NaN NaN NaN NaN NaN NaN NaN NaN NaN NaN NaN NaN NaN NaN NaN NaN NaN NaN NaN NaN NaN NaN NaN NaN NaN NaN NaN NaN NaN NaN NaN NaN NaN NaN NaN NaN NaN NaN NaN NaN NaN NaN NaN NaN NaN NaN NaN NaN NaN NaN NaN NaN NaN NaN NaN NaN NaN NaN NaN NaN NaN NaN NaN NaN NaN NaN NaN NaN NaN NaN NaN NaN NaN NaN NaN NaN NaN NaN NaN NaN NaN NaN NaN NaN NaN NaN NaN NaN NaN NaN NaN NaN NaN NaN NaN NaN NaN NaN NaN NaN NaN NaN NaN NaN NaN NaN NaN NaN NaN NaN NaN NaN NaN NaN NaN NaN NaN NaN
NaN NaN NaN NaN NaN NaN NaN NaN NaN NaN NaN NaN NaN NaN NaN NaN NaN NaN NaN NaN NaN NaN NaN NaN NaN NaN NaN NaN NaN NaN NaN NaN NaN NaN NaN NaN NaN NaN NaN NaN NaN NaN NaN NaN NaN NaN NaN NaN NaN NaN NaN NaN NaN NaN NaN NaN NaN NaN NaN NaN NaN NaN NaN NaN NaN NaN NaN NaN NaN NaN NaN NaN NaN NaN NaN NaN NaN NaN NaN NaN NaN NaN NaN NaN NaN NaN NaN NaN NaN NaN NaN NaN NaN NaN NaN NaN NaN NaN NaN NaN NaN NaN NaN NaN NaN NaN NaN NaN NaN NaN NaN NaN NaN NaN NaN NaN NaN NaN
210.901 0 0 0 0 0 0 0 0 0 0 0 0 0 0 0 0 0 0 0 0 0 0 0 0 0 0 0 0 0 0 0 0 0 0 0 0 0 0 0 0 0 0 0 0 0 0 0 0 0 0 0 0 0 0 0 0 0 0 0 0 0 0 0 0 0 0 0 0 0 0 0 0 0 0 0 0 0 0 0 0 0 0 0 0 0 0 0 0 0 0 0 0 0 0 0 0 0 0 0 0 0 0 0 0 0 0 0 0 0 0 0 0 0 0 0 0 0
214.065 0 0 0 0 0 0 0 0 0 0 0 0 0 0 0 0 0 0 0 0 0 0 0 0 0 0 0 0 0 0 0 0 0 0 0 0 0 0 0 0 0 0 0 0 0 0 0 0 0 0 0 0 0 0 0 0 0 0 0 0 0 0 0 0 0 0 0 0 0 0 0 0 0 0 0 0 0 0 0 0 0 0 0 0 0 0 0 0 0 0 0 0 0 0 0 0 0 0 0 0 0 0 0 0 0 0 0 0 0 0 0 0 0 0 0 0 0
217.232 0 0 0 0 0 0 0 0 0 0 0 0 0 0 0 0 0 0 0 0 0 0 0 0 0 0 0 0 0 0 0 0 0 0 0 0 0 0 0 0 0 0 0 0 0 0 0 0 0 0 0 0 0 0 0 0 0 0 0 0 0 0 0 0 0 0 0 0 0 0 0 0 0 0 0 0 0 0 0 0 0 0 0 0 0 0 0 0 0 0 0 0 0 0 0 0 0 0 0 0 0 0 0 0 0 0 0 0 0 0 0 0 0 0 0 0 0
220.402 0 0 0 0 0 0 0 0 0 0 0 0 0 0 0 0 0 0 0 0 0 0 0 0 0 0 0 0 0 0 0 0 0 0 0 0 0 0 0 0 0 0 0 0 0 0 0 0 0 0 0 0 0 0 0 0 0 0 0 0 0 0 0 0 0 0 0 0 0 0 0 0 0 0 0 0 0 0 0 0 0 0 0 0 0 0 0 0 0 0 0 0 0 0 0 0 0 0 0 0 0 0 0 0 0 0 0 0 0 0 0 0 0 0 0 0 0
223.574 0 0 0 0 0 0 0 0 0 0 0 0 0 0 0 0 0 0 0 0 0 0 0 0 0 0 0 0 0 0 0 0 0 0 0 0 0 0 0 0 0 0 0 0 0 0 0 0 0 0 0 0 0 0 0 0 0 0 0 0 0 0 0 0 0 0 0 0 0 0 0 0 0 0 0 0 0 0 0 0 0 0 0 0 0 0 0 0 0 0 0 0 0 0 0 0 0 0 0 0 0 0 0 0 0 0 0 0 0 0 0 0 0 0 0 0 0
226.748 0 0 0 0 0 0 0 0 0 0 0 0 0 0 0 0 0 0 0 0 0 0 0 0 0 0 0 0 0 0 0 0 0 0 0 0 0 0 0 0 0 0 0 0 0 0 0 0 0 0 0 0 0 0 0 0 0 0 0 0 0 0 0 0 0 0 0 0 0 0 0 0 0 0 0 0 0 0 0 0 0 0 0 0 0 0 0 0 0 0 0 0 0 0 0 0 0 0 0 0 0 0 0 0 0 0 0 0 0 0 0 0 0 0 0 0 0
229.925 0 0 0 0 0 0 0 0 0 0 0 0 0 0 0 0 0 0 0 0 0 0 0 0 0 0 0 0 0 0 0 0 0 0 0 0 0 0 0 0 0 0 0 0 0 0 0 0 0 0 0 0 0 0 0 0 0 0 0 0 0 0 0 0 0 0 0 0 0 0 0 0 0 0 0 0 0 0 0 0 0 0 0 0 0 0 0 0 0 0 0 0 0 0 0 0 0 0 0 0 0 0 0 0 0 0 0 0 0 0 0 0 0 0 0 0 0
233.104 0 0 0 0 0 0 0 0 0 0 0 0 0 0 0 0 0 0 0 0 0 0 0 0 0 0 0 0 0 0 0 0 0 0 0 0 0 0 0 0 0 0 0 0 0 0 0 0 0 0 0 0 0 0 0 0 0 0 0 0 0 0 0 0 0 0 0 0 0 0 0 0 0 0 0 0 0 0 0 0 0 0 0 0 0 0 0 0 0 0 0 0 0 0 0 0 0 0 0 0 0 0 0 0 0 0 0 0 0 0 0 0 0 0 0 0 9.720746774
236.285 0 0 0 0 0 0 0 0 0 0 0 0 0 0 0 0 0 0 0 0 0 0 0 0 0 0 0 0 0 0 0 0 0 0 0 0 0 0 0 0 0 0 0 0 0 0 0 0 0 0 0 0 0 0 0 0 0 0 0 0 0 0 0 0 0 0 0 0 0 0 0 0 0 0 0 0 0 0 0 0 0 0 0 0 0 0 0 0 0 0 0 0 0 0 0 0 0 0 0 0 0 0 0 0 0 0 0 0 0 0 0 0 0 0 0 -2.805578093 23.96514836
239.469 0 0 0 0 0 0 0 0 0 0 0 0 0 0 0 0 0 0 0 0 0 0 0 0 0 0 0 0 0 0 0 0 0 0 0 0 0 0 0 0 0 0 0 0 0 0 0 0 0 0 0 0 0 0 0 0 0 0 0 0 0 0 0 0 0 0 0 0 0 0 0 0 0 0 0 0 0 0 0 0 0 0 0 0 0 0 0 0 0 0 0 0 0 0 0 0 0 0 0 0 0 0 0 0 0 0 0 0 0 0 0 0 0 0 0.045436919 -4.516946861 -0.053662709
242.655 0 0 0 0 0 0 0 0 0 0 0 0 0 0 0 0 0 0 0 0 0 0 0 0 0 0 0 0 0 0 0 0 0 0 0 0 0 0 0 0 0 0 0 0 0 0 0 0 0 0 0 0 0 0 0 0 0 0 0 0 0 0 0 0 0 0 0 0 0 0 0 0 0 0 0 0 0 0 0 0 0 0 0 0 0 0 0 0 0 0 0 0 0 0 0 0 0 0 0 0 0 0 0 0 0 0 0 0 0 0 0 0 0 0.057701187 -0.416265319 -4.61421035 -26.43532164
245.844 0 0 0 0 0 0 0 0 0 0 0 0 0 0 0 0 0 0 0 0 0 0 0 0 0 0 0 0 0 0 0 0 0 0 0 0 0 0 0 0 0 0 0 0 0 0 0 0 0 0 0 0 0 0 0 0 0 0 0 0 0 0 0 0 0 0 0 0 0 0 0 0 0 0 0 0 0 0 0 0 0 0 0 0 0 0 0 0 0 0 0 0 0 0 0 0 0 0 0 0 0 0 0 0 0 0 0 0 0 0 0 0 -0.011216526 0.155158836 -0.126528008 1.50150991 -28.8749031
249.035 0 0 0 0 0 0 0 0 0 0 0 0 0 0 0 0 0 0 0 0 0 0 0 0 0 0 0 0 0 0 0 0 0 0 0 0 0 0 0 0 0 0 0 0 0 0 0 0 0 0 0 0 0 0 0 0 0 0 0 0 0 0 0 0 0 0 0 0 0 0 0 0 0 0 0 0 0 0 0 0 0 0 0 0 0 0 0 0 0 0 0 0 0 0 0 0 0 0 0 0 0 0 0 0 0 0 0 0 0 0 0 -0.11537145 -0.094087943 0.109749665 0.472967581 0.018858802 -10.96792346
252.228 0 0 0 0 0 0 0 0 0 0 0 0 0 0 0 0 0 0 0 0 0 0 0 0 0 0 0 0 0 0 0 0 0 0 0 0 0 0 0 0 0 0 0 0 0 0 0 0 0 0 0 0 0 0 0 0 0 0 0 0 0 0 0 0 0 0 0 0 0 0 0 0 0 0 0 0 0 0 0 0 0 0 0 0 0 0 0 0 0 0 0 0 0 0 0 0 0 0 0 0 0 0 0 0 0 0 0 0 0 0 -0.038313462 0.027441875 0.160894029 -0.460505624 -0.729843784 -2.289586577 -20.30458099
255.423 0 0 0 0 0 0 0 0 0 0 0 0 0 0 0 0 0 0 0 0 0 0 0 0 0 0 0 0 0 0 0 0 0 0 0 0 0 0 0 0 0 0 0 0 0 0 0 0 0 0 0 0 0 0 0 0 0 0 0 0 0 0 0 0 0 0 0 0 0 0 0 0 0 0 0 0 0 0 0 0 0 0 0 0 0 0 0 0 0 0 0 0 0 0 0 0 0 0 0 0 0 0 0 0 0 0 0 0 0 0.004919897 0.019986684 0.040738296 0.046648082 -0.076633648 0.702796098 2.629201419 2.882359937
258.621 0 0 0 0 0 0 0 0 0 0 0 0 0 0 0 0 0 0 0 0 0 0 0 0 0 0 0 0 0 0 0 0 0 0 0 0 0 0 0 0 0 0 0 0 0 0 0 0 0 0 0 0 0 0 0 0 0 0 0 0 0 0 0 0 0 0 0 0 0 0 0 0 0 0 0 0 0 0 0 0 0 0 0 0 0 0 0 0 0 0 0 0 0 0 0 0 0 0 0 0 0 0 0 0 0 0 0 0 -0.009743928 -0.034288977 -0.002514321 -0.019165565 -0.110188019 -0.12486747 0.589917256 -4.308714654 -1.995404207
261.821 0 0 0 0 0 0 0 0 0 0 0 0 0 0 0 0 0 0 0 0 0 0 0 0 0 0 0 0 0 0 0 0 0 0 0 0 0 0 0 0 0 0 0 0 0 0 0 0 0 0 0 0 0 0 0 0 0 0 0 0 0 0 0 0 0 0 0 0 0 0 0 0 0 0 0 0 0 0 0 0 0 0 0 0 0 0 0 0 0 0 0 0 0 0 0 0 0 0 0 0 0 0 0 0 0 0 0 -0.002115821 -0.012616579 -0.014823709 -0.057274607 -0.063866484 -0.08376685 0.373932589 0.092890138 -1.665355072 4.094341461
265.023 0 0 0 0 0 0 0 0 0 0 0 0 0 0 0 0 0 0 0 0 0 0 0 0 0 0 0 0 0 0 0 0 0 0 0 0 0 0 0 0 0 0 0 0 0 0 0 0 0 0 0 0 0 0 0 0 0 0 0 0 0 0 0 0 0 0 0 0 0 0 0 0 0 0 0 0 0 0 0 0 0 0 0 0 0 0 0 0 0 0 0 0 0 0 0 0 0 0 0 0 0 0 0 0 0 0 0.00642093 0.004275999 -0.00068 0.011068726 0.011836528 -0.016358533 0.093153942 0.408968385 0.198826874 1.777665351 -0.682953009
268.228 0 0 0 0 0 0 0 0 0 0 0 0 0 0 0 0 0 0 0 0 0 0 0 0 0 0 0 0 0 0 0 0 0 0 0 0 0 0 0 0 0 0 0 0 0 0 0 0 0 0 0 0 0 0 0 0 0 0 0 0 0 0 0 0 0 0 0 0 0 0 0 0 0 0 0 0 0 0 0 0 0 0 0 0 0 0 0 0 0 0 0 0 0 0 0 0 0 0 0 0 0 0 0 0 0 0.007883409 0.009733714 5.47e-05 -0.019223453 -0.040713018 0.015077138 0.045133037 -0.108059633 0.175187667 -1.458084744 1.331854228 11.54584102
271.434 0 0 0 0 0 0 0 0 0 0 0 0 0 0 0 0 0 0 0 0 0 0 0 0 0 0 0 0 0 0 0 0 0 0 0 0 0 0 0 0 0 0 0 0 0 0 0 0 0 0 0 0 0 0 0 0 0 0 0 0 0 0 0 0 0 0 0 0 0 0 0 0 0 0 0 0 0 0 0 0 0 0 0 0 0 0 0 0 0 0 0 0 0 0 0 0 0 0 0 0 0 0 0 0 0.00371011 -0.002888719 0.010301719 -0.019667067 -0.014708659 0.002625431 0.020667589 -0.072232356 0.044788332 -0.016765559 0.259451007 0.644833105 -11.85096219
274.643 0 0 0 0 0 0 0 0 0 0 0 0 0 0 0 0 0 0 0 0 0 0 0 0 0 0 0 0 0 0 0 0 0 0 0 0 0 0 0 0 0 0 0 0 0 0 0 0 0 0 0 0 0 0 0 0 0 0 0 0 0 0 0 0 0 0 0 0 0 0 0 0 0 0 0 0 0 0 0 0 0 0 0 0 0 0 0 0 0 0 0 0 0 0 0 0 0 0 0 0 0 0 0 0.011748316 0.010020314 0.016311838 -0.001634016 -0.048916668 0.014309635 0.035337446 0.032426373 0.085070603 0.232518581 0.378816133 1.80833752 11.53640803 29.85244911
277.854 0 0 0 0 0 0 0 0 0 0 0 0 0 0 0 0 0 0 0 0 0 0 0 0 0 0 0 0 0 0 0 0 0 0 0 0 0 0 0 0 0 0 0 0 0 0 0 0 0 0 0 0 0 0 0 0 0 0 0 0 0 0 0 0 0 0 0 0 0 0 0 0 0 0 0 0 0 0 0 0 0 0 0 0 0 0 0 0 0 0 0 0 0 0 0 0 0 0 0 0 0 0 -0.001795299 -0.001227245 0.000115 -0.001644205 0.010716199 -0.020611231 0.003435576 -0.012500878 -0.005018323 0.006650243 -0.046395612 0.156323156 0.064084008 -3.497319379 0.104792007
281.068 0 0 0 0 0 0 0 0 0 0 0 0 0 0 0 0 0 0 0 0 0 0 0 0 0 0 0 0 0 0 0 0 0 0 0 0 0 0 0 0 0 0 0 0 0 0 0 0 0 0 0 0 0 0 0 0 0 0 0 0 0 0 0 0 0 0 0 0 0 0 0 0 0 0 0 0 0 0 0 0 0 0 0 0 0 0 0 0 0 0 0 0 0 0 0 0 0 0 0 0 0 -0.003196155 0.004895443 -0.005193139 -0.001921513 -0.005596699 -0.038506162 -0.025841459 -0.015748399 -0.009396963 -0.006908705 -0.012318755 0.11677029 -0.082132803 -2.178807727 -4.99505915 -11.16270071
284.283 0 0 0 0 0 0 0 0 0 0 0 0 0 0 0 0 0 0 0 0 0 0 0 0 0 0 0 0 0 0 0 0 0 0 0 0 0 0 0 0 0 0 0 0 0 0 0 0 0 0 0 0 0 0 0 0 0 0 0 0 0 0 0 0 0 0 0 0 0 0 0 0 0 0 0 0 0 0 0 0 0 0 0 0 0 0 0 0 0 0 0 0 0 0 0 0 0 0 0 0 0.010571993 0.011562001 0.007031184 0.00089 0.014444239 -0.014978128 -0.004657177 0.024748446 0.019970782 0.018767173 0.043716527 0.087483541 0.320568236 -0.114671385 1.31970169 6.907483375 9.755941472
287.501 0 0 0 0 0 0 0 0 0 0 0 0 0 0 0 0 0 0 0 0 0 0 0 0 0 0 0 0 0 0 0 0 0 0 0 0 0 0 0 0 0 0 0 0 0 0 0 0 0 0 0 0 0 0 0 0 0 0 0 0 0 0 0 0 0 0 0 0 0 0 0 0 0 0 0 0 0 0 0 0 0 0 0 0 0 0 0 0 0 0 0 0 0 0 0 0 0 0 0 0.012050604 0.012063805 0.004957381 0.013701 0.011764509 -0.003587641 0.009901404 -0.007898212 0.004771883 0.013427918 -0.010231754 0.066713871 -0.014602138 0.001197059 0.192471601 1.066770114 8.445485884 22.31471775
290.72 0 0 0 0 0 0 0 0 0 0 0 0 0 0 0 0 0 0 0 0 0 0 0 0 0 0 0 0 0 0 0 0 0 0 0 0 0 0 0 0 0 0 0 0 0 0 0 0 0 0 0 0 0 0 0 0 0 0 0 0 0 0 0 0 0 0 0 0 0 0 0 0 0 0 0 0 0 0 0 0 0 0 0 0 0 0 0 0 0 0 0 0 0 0 0 0 0 0 0.019190164 0.026289867 0.02090936 0.015564062 0.025845943 -0.013345229 -0.003826145 0.010091542 0.003259123 0.017421588 0.0180669 0.017359765 0.008180096 0.011833743 0.149684379 0.113732761 0.149997616 -2.352901527 17.72292294
293.942 0 0 0 0 0 0 0 0 0 0 0 0 0 0 0 0 0 0 0 0 0 0 0 0 0 0 0 0 0 0 0 0 0 0 0 0 0 0 0 0 0 0 0 0 0 0 0 0 0 0 0 0 0 0 0 0 0 0 0 0 0 0 0 0 0 0 0 0 0 0 0 0 0 0 0 0 0 0 0 0 0 0 0 0 0 0 0 0 0 0 0 0 0 0 0 0 0 0.02131083 0.02259425 0.023458244 0.030736719 0.021358143 0.009016554 0.009149877 0.007368259 0.008313717 0.010610418 0.000588 0.015123382 0.007160349 0.064687109 0.076181682 -0.091682287 0.02011681 -0.097220156 2.791433049 13.57090062
297.166 0 0 0 0 0 0 0 0 0 0 0 0 0 0 0 0 0 0 0 0 0 0 0 0 0 0 0 0 0 0 0 0 0 0 0 0 0 0 0 0 0 0 0 0 0 0 0 0 0 0 0 0 0 0 0 0 0 0 0 0 0 0 0 0 0 0 0 0 0 0 0 0 0 0 0 0 0 0 0 0 0 0 0 0 0 0 0 0 0 0 0 0 0 0 0 0 0.014935515 0.027485904 0.037016377 0.030907946 0.026661924 0.013262207 0.011629404 0.013587309 0.022430633 0.01919193 0.014709957 0.022377552 0.030365377 0.00802484 0.013047605 0.046002289 0.055292555 0.414673987 0.634879151 0.411714174 15.58664926
300.392 0 0 0 0 0 0 0 0 0 0 0 0 0 0 0 0 0 0 0 0 0 0 0 0 0 0 0 0 0 0 0 0 0 0 0 0 0 0 0 0 0 0 0 0 0 0 0 0 0 0 0 0 0 0 0 0 0 0 0 0 0 0 0 0 0 0 0 0 0 0 0 0 0 0 0 0 0 0 0 0 0 0 0 0 0 0 0 0 0 0 0 0 0 0 0 0.013102627 0.01998812 0.030326875 0.039095011 0.043557962 0.02550108 0.011050833 0.023984688 0.025749152 0.019638295 0.006604812 0.004285173 0.031626363 0.037502768 0.008878788 0.058737641 0.123272808 0.078444224 0.12655308 0.296797811 5.777458229 7.074020512
303.62 0 0 0 0 0 0 0 0 0 0 0 0 0 0 0 0 0 0 0 0 0 0 0 0 0 0 0 0 0 0 0 0 0 0 0 0 0 0 0 0 0 0 0 0 0 0 0 0 0 0 0 0 0 0 0 0 0 0 0 0 0 0 0 0 0 0 0 0 0 0 0 0 0 0 0 0 0 0 0 0 0 0 0 0 0 0 0 0 0 0 0 0 0 0 0.005446542 0.014343774 0.02186152 0.030799444 0.038156902 0.025939638 0.020175828 0.022248273 0.023466119 0.023553905 0.017701123 0.015563419 0.011907886 0.005543672 0.012080232 -0.019296013 0.008222875 0.003699174 -0.00404358 0.248765764 0.147224286 1.581790604 -2.903051288
306.85 0 0 0 0 0 0 0 0 0 0 0 0 0 0 0 0 0 0 0 0 0 0 0 0 0 0 0 0 0 0 0 0 0 0 0 0 0 0 0 0 0 0 0 0 0 0 0 0 0 0 0 0 0 0 0 0 0 0 0 0 0 0 0 0 0 0 0 0 0 0 0 0 0 0 0 0 0 0 0 0 0 0 0 0 0 0 0 0 0 0 0 0 0 0.004090342 0.005562556 0.012089575 0.024695041 0.028361417 0.032548791 0.030691583 0.031002429 0.031448884 0.032663057 0.026426987 0.021475237 0.014077394 0.016932227 0.01784998 0.013483028 0.025710445 0.053976581 0.020446522 0.121078295 0.074143575 0.436818721 -3.755898836 16.66883944
310.082 0 0 0 0 0 0 0 0 0 0 0 0 0 0 0 0 0 0 0 0 0 0 0 0 0 0 0 0 0 0 0 0 0 0 0 0 0 0 0 0 0 0 0 0 0 0 0 0 0 0 0 0 0 0 0 0 0 0 0 0 0 0 0 0 0 0 0 0 0 0 0 0 0 0 0 0 0 0 0 0 0 0 0 0 0 0 0 0 0 0 0 0 0.002707754 0.006037836 0.011264418 0.01348853 0.024841393 0.030780438 0.031905906 0.036276667 0.033143481 0.030103697 0.024164896 0.024784534 0.020665829 0.021232851 0.015387936 0.02570003 0.025445197 0.001126266 0.049521405 -0.050929228 -0.083700917 -0.415351217 -0.567859448 -2.688943419 -23.50046546
313.316 0 0 0 0 0 0 0 0 0 0 0 0 0 0 0 0 0 0 0 0 0 0 0 0 0 0 0 0 0 0 0 0 0 0 0 0 0 0 0 0 0 0 0 0 0 0 0 0 0 0 0 0 0 0 0 0 0 0 0 0 0 0 0 0 0 0 0 0 0 0 0 0 0 0 0 0 0 0 0 0 0 0 0 0 0 0 0 0 0 0 0 0.005361721 0.006710152 0.005800397 0.011795098 0.015007633 0.026852112 0.026035827 0.024162625 0.029751564 0.029245806 0.026683065 0.029887562 0.025138746 0.012528982 0.015706343 0.017383983 0.00557075 0.00484314 -0.015634237 -0.020271133 -0.01371536 0.109458116 -0.075498499 0.615621626 1.560551225 -5.756602157
316.553 0 0 0 0 0 0 0 0 0 0 0 0 0 0 0 0 0 0 0 0 0 0 0 0 0 0 0 0 0 0 0 0 0 0 0 0 0 0 0 0 0 0 0 0 0 0 0 0 0 0 0 0 0 0 0 0 0 0 0 0 0 0 0 0 0 0 0 0 0 0 0 0 0 0 0 0 0 0 0 0 0 0 0 0 0 0 0 0 0 0 0.00237122 0.005421263 0.005153352 0.007396011 0.014139237 0.020584692 0.019230381 0.034404724 0.031939381 0.037680701 0.036743482 0.032858191 0.025601257 0.024940809 0.015077773 0.024714697 0.014065367 0.016598677 0.008248422 0.006137732 0.013005552 -0.049176663 -0.012325989 -0.112112132 -1.339956 -6.927187478 -16.83135851
319.791 0 0 0 0 0 0 0 0 0 0 0 0 0 0 0 0 0 0 0 0 0 0 0 0 0 0 0 0 0 0 0 0 0 0 0 0 0 0 0 0 0 0 0 0 0 0 0 0 0 0 0 0 0 0 0 0 0 0 0 0 0 0 0 0 0 0 0 0 0 0 0 0 0 0 0 0 0 0 0 0 0 0 0 0 0 0 0 0 0 0.004471469 0.007001 0.00354681 0.00474674 0.009245059 0.015739736 0.021510211 0.016348366 0.024584759 0.034615491 0.035557742 0.035196863 0.029388834 0.02782753 0.024824587 0.018928124 0.015304154 0.02076214 0.021252648 0.005591289 -0.000791 -0.027016418 -0.087420205 -0.011847879 0.106444286 0.434700321 -8.040373857 -14.44489675
323.031 0 0 0 0 0 0 0 0 0 0 0 0 0 0 0 0 0 0 0 0 0 0 0 0 0 0 0 0 0 0 0 0 0 0 0 0 0 0 0 0 0 0 0 0 0 0 0 0 0 0 0 0 0 0 0 0 0 0 0 0 0 0 0 0 0 0 0 0 0 0 0 0 0 0 0 0 0 0 0 0 0 0 0 0 0 0 0 0 0.004057161 0.005290786 0.007007155 0.00997593 0.012281129 0.010323044 0.016150314 0.019590913 0.02495888 0.034687555 0.038805363 0.036735859 0.031481078 0.030104145 0.026776329 0.026150147 0.03017722 0.032596716 0.018882613 0.027910379 0.021751924 0.028993054 0.043265535 -0.011734104 0 0.16040278 -0.353661552 -0.035608774 -16.14168528
326.273 0 0 0 0 0 0 0 0 0 0 0 0 0 0 0 0 0 0 0 0 0 0 0 0 0 0 0 0 0 0 0 0 0 0 0 0 0 0 0 0 0 0 0 0 0 0 0 0 0 0 0 0 0 0 0 0 0 0 0 0 0 0 0 0 0 0 0 0 0 0 0 0 0 0 0 0 0 0 0 0 0 0 0 0 0 0 0 0.007993013 0.00668269 0.010778047 0.013803321 0.017354089 0.017870209 0.014621344 0.019301239 0.026113053 0.035524735 0.039595507 0.042112543 0.03931104 0.03681893 0.034100999 0.030582092 0.04148787 0.026143804 0.025779287 0.044372665 0.041298626 0.05603351 0.049674293 0.061659769 0.027884971 0.19515953 0.137288654 2.281976431 4.957590687 9.064048217
329.517 0 0 0 0 0 0 0 0 0 0 0 0 0 0 0 0 0 0 0 0 0 0 0 0 0 0 0 0 0 0 0 0 0 0 0 0 0 0 0 0 0 0 0 0 0 0 0 0 0 0 0 0 0 0 0 0 0 0 0 0 0 0 0 0 0 0 0 0 0 0 0 0 0 0 0 0 0 0 0 0 0 0 0 0 0 0 0.004964267 0.002732847 0.008340747 0.009917872 0.012284205 0.016985694 0.015195461 0.019191335 0.018222061 0.031153854 0.031544019 0.035241345 0.035340041 0.040092068 0.038285937 0.031710483 0.028025669 0.031424671 0.023197585 0.026975459 0.025600837 0.029226834 0.027944029 0.013192639 0.052279022 0.11633607 -0.005204033 0.101192928 -1.002028132 -11.12481575 -21.622649
332.763 0 0 0 0 0 0 0 0 0 0 0 0 0 0 0 0 0 0 0 0 0 0 0 0 0 0 0 0 0 0 0 0 0 0 0 0 0 0 0 0 0 0 0 0 0 0 0 0 0 0 0 0 0 0 0 0 0 0 0 0 0 0 0 0 0 0 0 0 0 0 0 0 0 0 0 0 0 0 0 0 0 0 0 0 0 0.004493571 0.005884868 0.009454251 0.010565531 0.012310857 0.013476935 0.016121319 0.019156356 0.020800437 0.026972408 0.037443741 0.042399382 0.038380465 0.039815413 0.0414574 0.040660944 0.036689216 0.031833727 0.038770434 0.037578971 0.028029043 0.017065575 0.039976412 0.03863087 0.022036898 0.007442157 0.083124576 0.000775 -0.302940756 0.915009585 -0.4481872 2.381974332
336.011 0 0 0 0 0 0 0 0 0 0 0 0 0 0 0 0 0 0 0 0 0 0 0 0 0 0 0 0 0 0 0 0 0 0 0 0 0 0 0 0 0 0 0 0 0 0 0 0 0 0 0 0 0 0 0 0 0 0 0 0 0 0 0 0 0 0 0 0 0 0 0 0 0 0 0 0 0 0 0 0 0 0 0 0 0.004220404 0.003906322 0.009092925 0.011157919 0.012716413 0.012431321 0.015833382 0.019305252 0.022019114 0.028526828 0.03523818 0.039224838 0.038876244 0.044787854 0.043651213 0.048753608 0.040779314 0.035552599 0.033764959 0.03064799 0.029450224 0.033298 0.036632749 0.043921026 0.038736776 0.015586303 0.030376736 0.101996644 0.035574536 -0.087652649 0.107024621 0.71686625 13.45684755
339.261 0 0 0 0 0 0 0 0 0 0 0 0 0 0 0 0 0 0 0 0 0 0 0 0 0 0 0 0 0 0 0 0 0 0 0 0 0 0 0 0 0 0 0 0 0 0 0 0 0 0 0 0 0 0 0 0 0 0 0 0 0 0 0 0 0 0 0 0 0 0 0 0 0 0 0 0 0 0 0 0 0 0 0 0.006056897 0.005973524 0.008811857 0.015405287 0.012519928 0.019088091 0.022021099 0.021019469 0.013380318 0.030189812 0.035441544 0.039319786 0.047963877 0.046939203 0.048973267 0.0509703 0.050955909 0.048478098 0.04326645 0.043210345 0.046632679 0.03801058 0.056877442 0.04983664 0.039602601 0.055186128 0.022173401 0.055194341 0.10603956 0.223916151 0.402867609 -1.605305952 1.919803449 11.92540823
342.512 0 0 0 0 0 0 0 0 0 0 0 0 0 0 0 0 0 0 0 0 0 0 0 0 0 0 0 0 0 0 0 0 0 0 0 0 0 0 0 0 0 0 0 0 0 0 0 0 0 0 0 0 0 0 0 0 0 0 0 0 0 0 0 0 0 0 0 0 0 0 0 0 0 0 0 0 0 0 0 0 0 0 0.00477376 0.0055841 0.006067612 0.011946308 0.013505756 0.018897182 0.016599415 0.024718625 0.022142208 0.030789752 0.034440712 0.039730149 0.043331854 0.050945045 0.049556711 0.050633944 0.048624551 0.041589258 0.046590223 0.051563581 0.040830165 0.045776598 0.044953691 0.037282862 0.044529855 0.052988297 0.056942641 0.02881254 0.066132472 0.080904794 0.024031336 -0.315679071 -0.342502238 -2.677553102 -10.0726653
345.766 0 0 0 0 0 0 0 0 0 0 0 0 0 0 0 0 0 0 0 0 0 0 0 0 0 0 0 0 0 0 0 0 0 0 0 0 0 0 0 0 0 0 0 0 0 0 0 0 0 0 0 0 0 0 0 0 0 0 0 0 0 0 0 0 0 0 0 0 0 0 0 0 0 0 0 0 0 0 0 0 0 0.003341733 0.00859589 0.010619987 0.012990238 0.013967527 0.0177284 0.018792526 0.022419683 0.020771438 0.026416521 0.033538424 0.037318354 0.039387751 0.04994846 0.051401317 0.05370064 0.054750468 0.053426913 0.053630588 0.056864529 0.055185766 0.046552509 0.043055456 0.04892747 0.053742119 0.044052764 0.060087973 0.05663331 0.075434591 0.006226102 0.088281872 0.315430121 0.0219208 -0.093343269 -1.270546856 -6.046950688
349.021 0 0 0 0 0 0 0 0 0 0 0 0 0 0 0 0 0 0 0 0 0 0 0 0 0 0 0 0 0 0 0 0 0 0 0 0 0 0 0 0 0 0 0 0 0 0 0 0 0 0 0 0 0 0 0 0 0 0 0 0 0 0 0 0 0 0 0 0 0 0 0 0 0 0 0 0 0 0 0 0 0.007808108 0.007664246 0.012963416 0.016108555 0.015487866 0.01873026 0.023471583 0.02529182 0.024382065 0.029163314 0.035003001 0.038435024 0.044388132 0.048232783 0.054157647 0.056231827 0.062809965 0.062515709 0.05751483 0.063617549 0.056296187 0.052735304 0.058043216 0.056065497 0.058655426 0.068347531 0.059877991 0.068714136 0.080978842 0.06853792 0.090609515 0.092412308 0.069191529 0.140444791 0.803169218 -2.255109218 -1.259789023
352.278 0 0 0 0 0 0 0 0 0 0 0 0 0 0 0 0 0 0 0 0 0 0 0 0 0 0 0 0 0 0 0 0 0 0 0 0 0 0 0 0 0 0 0 0 0 0 0 0 0 0 0 0 0 0 0 0 0 0 0 0 0 0 0 0 0 0 0 0 0 0 0 0 0 0 0 0 0 0 0 0.005631023 0.009454525 0.012444545 0.01584062 0.018553743 0.021734227 0.023339536 0.028195573 0.031637215 0.032041999 0.033414222 0.040679643 0.044728622 0.047305829 0.056180807 0.059016598 0.064325529 0.067713568 0.064559225 0.065939652 0.066763624 0.061292893 0.067887149 0.065168583 0.066577522 0.064403173 0.070409897 0.081966309 0.083331388 0.095098335 0.137493439 0.124242476 0.25688267 0.185851957 0.471032541 1.808300867 2.362821134 28.7561013
355.537 0 0 0 0 0 0 0 0 0 0 0 0 0 0 0 0 0 0 0 0 0 0 0 0 0 0 0 0 0 0 0 0 0 0 0 0 0 0 0 0 0 0 0 0 0 0 0 0 0 0 0 0 0 0 0 0 0 0 0 0 0 0 0 0 0 0 0 0 0 0 0 0 0 0 0 0 0 0 0.003466058 0.009878574 0.009458234 0.01431603 0.01672633 0.018607508 0.023218443 0.025724434 0.026746611 0.030863366 0.034377384 0.036055878 0.04479431 0.048075215 0.051906843 0.053144214 0.058238945 0.062559789 0.067175471 0.068087067 0.067871904 0.062974656 0.060422446 0.063604493 0.053940383 0.069487817 0.063502231 0.066675545 0.073220891 0.061288373 0.058638881 0.066368916 0.060372527 0.091531049 -0.012684319 -0.329068668 -1.983904213 -7.777629868 -12.13179285
358.798 0 0 0 0 0 0 0 0 0 0 0 0 0 0 0 0 0 0 0 0 0 0 0 0 0 0 0 0 0 0 0 0 0 0 0 0 0 0 0 0 0 0 0 0 0 0 0 0 0 0 0 0 0 0 0 0 0 0 0 0 0 0 0 0 0 0 0 0 0 0 0 0 0 0 0 0 0 0.009235026 0.01071501 0.015994965 0.017390958 0.019026522 0.02253566 0.026231208 0.026844438 0.037873487 0.034584828 0.037058182 0.044528837 0.051189861 0.053240672 0.05598171 0.060990215 0.065953335 0.06641158 0.076484489 0.072663511 0.07737229 0.074730809 0.077158978 0.076603177 0.080202065 0.08246857 0.08606262 0.091739139 0.096481732 0.121129256 0.102035274 0.129539842 0.128184822 0.165276742 0.239579343 0.368864148 0.281079531 2.433033404 8.078917489 32.80489083
362.061 0 0 0 0 0 0 0 0 0 0 0 0 0 0 0 0 0 0 0 0 0 0 0 0 0 0 0 0 0 0 0 0 0 0 0 0 0 0 0 0 0 0 0 0 0 0 0 0 0 0 0 0 0 0 0 0 0 0 0 0 0 0 0 0 0 0 0 0 0 0 0 0 0 0 0 0 0.006146737 0.008157602 0.011730625 0.015535743 0.017363176 0.020949225 0.022554458 0.028962558 0.034865972 0.034968649 0.033900783 0.041416154 0.046333616 0.049998466 0.056065626 0.059798717 0.064901622 0.066008914 0.07311312 0.073899989 0.077003494 0.078920479 0.07907733 0.07725066 0.079852467 0.072249447 0.081096063 0.085579532 0.087284793 0.09863417 0.094256859 0.101877859 0.108303878 0.120200151 0.113589058 0.162428522 0.031421807 0.616331114 1.168378563 2.852591216 -3.489343997
365.325 0 0 0 0 0 0 0 0 0 0 0 0 0 0 0 0 0 0 0 0 0 0 0 0 0 0 0 0 0 0 0 0 0 0 0 0 0 0 0 0 0 0 0 0 0 0 0 0 0 0 0 0 0 0 0 0 0 0 0 0 0 0 0 0 0 0 0 0 0 0 0 0 0 0 0 0.005935923 0.010855339 0.0143379 0.014811038 0.020478465 0.024297802 0.028093022 0.031680759 0.033941151 0.034124458 0.043331898 0.044723738 0.048430746 0.051366134 0.055010047 0.060418788 0.064912545 0.069743474 0.07205057 0.079737305 0.07938989 0.076575131 0.081338579 0.081705156 0.081953795 0.090192543 0.092713161 0.097200579 0.093175298 0.099113968 0.098137942 0.11762419 0.121114327 0.136677408 0.144727031 0.169604695 0.2223077 0.162163898 0.359708741 2.165488227 2.814356401 27.79277941
368.591 0 0 0 0 0 0 0 0 0 0 0 0 0 0 0 0 0 0 0 0 0 0 0 0 0 0 0 0 0 0 0 0 0 0 0 0 0 0 0 0 0 0 0 0 0 0 0 0 0 0 0 0 0 0 0 0 0 0 0 0 0 0 0 0 0 0 0 0 0 0 0 0 0 0 0.006280179 0.012471818 0.012769864 0.018006801 0.020106017 0.025531549 0.026360118 0.033237973 0.033492418 0.03590916 0.037104929 0.045336816 0.050923129 0.052330336 0.059109989 0.063359423 0.065437256 0.070517743 0.074057842 0.077766725 0.082472867 0.081813804 0.08560085 0.079802608 0.092213325 0.088586437 0.087572683 0.096616581 0.091929774 0.104438108 0.117130322 0.113981114 0.13287401 0.126245726 0.15576405 0.17149872 0.203013952 0.331309648 0.479491841 0.729720951 0.411301605 3.971289782 8.182449494
371.859 0 0 0 0 0 0 0 0 0 0 0 0 0 0 0 0 0 0 0 0 0 0 0 0 0 0 0 0 0 0 0 0 0 0 0 0 0 0 0 0 0 0 0 0 0 0 0 0 0 0 0 0 0 0 0 0 0 0 0 0 0 0 0 0 0 0 0 0 0 0 0 0 0 0.006016837 0.01006217 0.008566977 0.013219243 0.017491351 0.017910426 0.02657901 0.029853415 0.039844961 0.039407827 0.040168874 0.042503351 0.050290905 0.052421641 0.057547374 0.059077525 0.063886698 0.07170229 0.074252678 0.07806338 0.084032338 0.088403286 0.085088809 0.082203041 0.081771281 0.088522549 0.090092482 0.087380228 0.094121232 0.10150097 0.099892469 0.106756956 0.113907899 0.114090565 0.145194691 0.157035947 0.146860627 0.171047615 0.14470984 0.355060711 0.377658713 0.902789312 -0.899708373 6.884285311
375.128 0 0 0 0 0 0 0 0 0 0 0 0 0 0 0 0 0 0 0 0 0 0 0 0 0 0 0 0 0 0 0 0 0 0 0 0 0 0 0 0 0 0 0 0 0 0 0 0 0 0 0 0 0 0 0 0 0 0 0 0 0 0 0 0 0 0 0 0 0 0 0 0 0.006234472 0.007841406 0.011090428 0.013672181 0.018953656 0.020711427 0.025934929 0.030348092 0.035616452 0.040691769 0.039773229 0.046719082 0.049656203 0.058705729 0.057236086 0.063911196 0.068369137 0.071055795 0.074820485 0.081851799 0.081649318 0.088457669 0.089053816 0.091293077 0.086786053 0.091954871 0.096706963 0.094271843 0.092014825 0.100174478 0.099318659 0.115001819 0.119125974 0.109728434 0.137913527 0.151760629 0.144448681 0.14249793 0.214500262 0.225376796 0.128417874 0.196268818 1.137308605 6.152945891 9.750682955
378.399 0 0 0 0 0 0 0 0 0 0 0 0 0 0 0 0 0 0 0 0 0 0 0 0 0 0 0 0 0 0 0 0 0 0 0 0 0 0 0 0 0 0 0 0 0 0 0 0 0 0 0 0 0 0 0 0 0 0 0 0 0 0 0 0 0 0 0 0 0 0 0 0.005858769 0.009073464 0.010630364 0.014634195 0.017420687 0.022467096 0.026202732 0.030326565 0.035933135 0.040077963 0.0412068 0.048950932 0.051407288 0.057051993 0.058465879 0.067096923 0.068916036 0.073525581 0.075443033 0.080744228 0.081088801 0.086012222 0.087319591 0.092557325 0.091720338 0.091538142 0.094188512 0.094579078 0.093917809 0.100765459 0.103610698 0.109027831 0.115203117 0.112835779 0.133611135 0.132587155 0.174413334 0.177713415 0.153474014 0.171066309 0.197584164 0.04575439 0.633373979 1.76446258 7.161158557 29.5419307
381.672 0 0 0 0 0 0 0 0 0 0 0 0 0 0 0 0 0 0 0 0 0 0 0 0 0 0 0 0 0 0 0 0 0 0 0 0 0 0 0 0 0 0 0 0 0 0 0 0 0 0 0 0 0 0 0 0 0 0 0 0 0 0 0 0 0 0 0 0 0 0 0.005782542 0.008378143 0.009702182 0.012453302 0.017127248 0.021759565 0.024018038 0.028300692 0.03367768 0.042174955 0.039939847 0.051540607 0.051876196 0.06008567 0.06107134 0.064097931 0.070534218 0.075558647 0.079511452 0.08288357 0.086541751 0.085252478 0.089238474 0.096595032 0.097042899 0.094843482 0.094036339 0.098543057 0.101365028 0.101372225 0.107908518 0.105024981 0.110100868 0.11669793 0.12382634 0.130777205 0.160911689 0.154069228 0.169463641 0.167480066 0.189904696 0.165848868 0.196457798 0.449577175 1.691519595 1.888183438 5.531102298
384.947 0 0 0 0 0 0 0 0 0 0 0 0 0 0 0 0 0 0 0 0 0 0 0 0 0 0 0 0 0 0 0 0 0 0 0 0 0 0 0 0 0 0 0 0 0 0 0 0 0 0 0 0 0 0 0 0 0 0 0 0 0 0 0 0 0 0 0 0 0 0.005614686 0.008301491 0.010704853 0.013560012 0.014994507 0.020935478 0.02322871 0.026979116 0.033504335 0.040191734 0.045927635 0.048139671 0.051782618 0.057373043 0.062721672 0.066091011 0.069124131 0.075699999 0.079980895 0.081816395 0.083710431 0.087953601 0.090523029 0.094639548 0.099378282 0.100120134 0.100239941 0.102200936 0.096859013 0.102589737 0.099389358 0.102088131 0.11118901 0.116452917 0.126343162 0.130138888 0.129714177 0.151809201 0.163199665 0.171756985 0.186343566 0.177075402 0.162178447 0.189706854 0.480576749 -0.118887333 5.9200649 20.98069845
388.223 0 0 0 0 0 0 0 0 0 0 0 0 0 0 0 0 0 0 0 0 0 0 0 0 0 0 0 0 0 0 0 0 0 0 0 0 0 0 0 0 0 0 0 0 0 0 0 0 0 0 0 0 0 0 0 0 0 0 0 0 0 0 0 0 0 0 0 0 0.003485586 0.007604935 0.008935354 0.010166652 0.014960215 0.017833852 0.023399387 0.030082138 0.030567495 0.037293468 0.040880406 0.0433885 0.049932951 0.055555216 0.06177212 0.063571537 0.071391368 0.072668314 0.076320775 0.079229378 0.08348878 0.089385289 0.090463747 0.093903039 0.092753935 0.098030357 0.097083391 0.10134351 0.097373689 0.096002211 0.099153188 0.099606663 0.103023799 0.104046491 0.114996603 0.117065499 0.128804585 0.132442409 0.140293347 0.170333786 0.154158526 0.15086247 0.123198614 0.056064546 -0.068792155 0.097941326 -2.093569555 -1.563109987 -2.234403647
391.5 0 0 0 0 0 0 0 0 0 0 0 0 0 0 0 0 0 0 0 0 0 0 0 0 0 0 0 0 0 0 0 0 0 0 0 0 0 0 0 0 0 0 0 0 0 0 0 0 0 0 0 0 0 0 0 0 0 0 0 0 0 0 0 0 0 0 0 0.005932754 0.007565998 0.006815128 0.013575621 0.015137826 0.017093166 0.021942516 0.027078565 0.03138758 0.037043792 0.043314107 0.047207629 0.051947156 0.058727902 0.063229221 0.06686027 0.069590326 0.075083299 0.079515376 0.082951682 0.086598334 0.096951591 0.09447474 0.093030452 0.102214728 0.100352633 0.103828222 0.103760889 0.104228606 0.103571462 0.10317176 0.106317106 0.108216304 0.100103732 0.109485628 0.119085913 0.123215971 0.143629723 0.145901162 0.165242805 0.183146077 0.193247405 0.174223293 0.207387194 0.267314545 0.234365944 0.668277674 1.984427429 -2.631263462 18.15106289
394.78 0 0 0 0 0 0 0 0 0 0 0 0 0 0 0 0 0 0 0 0 0 0 0 0 0 0 0 0 0 0 0 0 0 0 0 0 0 0 0 0 0 0 0 0 0 0 0 0 0 0 0 0 0 0 0 0 0 0 0 0 0 0 0 0 0 0 0.000376 0.005016299 0.005572789 0.010349339 0.015263252 0.017418201 0.018857334 0.024206919 0.0291517 0.035213891 0.036750195 0.041555546 0.049147863 0.05398348 0.062078672 0.064345138 0.0691979 0.073182222 0.078563016 0.084130342 0.085518958 0.087727896 0.092536391 0.096432242 0.099141996 0.097744809 0.098361705 0.104108897 0.102460756 0.100083278 0.099481029 0.099147683 0.106383081 0.100699445 0.099581337 0.111296919 0.122054328 0.126867358 0.135833686 0.128193705 0.144484747 0.159380945 0.157453487 0.16651903 0.173393153 0.087093798 0.030339124 -0.192666342 0.067403109 -4.885146213 -5.94764155
398.061 0 0 0 0 0 0 0 0 0 0 0 0 0 0 0 0 0 0 0 0 0 0 0 0 0 0 0 0 0 0 0 0 0 0 0 0 0 0 0 0 0 0 0 0 0 0 0 0 0 0 0 0 0 0 0 0 0 0 0 0 0 0 0 0 0 0.005125029 0.006384756 0.008021654 0.010585896 0.013051544 0.01619807 0.019959423 0.023857736 0.030112213 0.034575697 0.042294282 0.047639098 0.043239704 0.053694451 0.058524419 0.06282849 0.069991071 0.073072806 0.080221506 0.080874618 0.083458614 0.088049614 0.092872918 0.096582803 0.095569744 0.101563086 0.100775975 0.098764562 0.10107012 0.105449796 0.102363517 0.109980447 0.102130378 0.103611231 0.104507419 0.106126755 0.109573154 0.115667211 0.12724343 0.139398282 0.149882838 0.165935207 0.177258707 0.180764296 0.167913803 0.183742676 0.154670752 0.236877308 0.49278085 -1.210086912 0.823359156 -9.646272953
401.343 0 0 0 0 0 0 0 0 0 0 0 0 0 0 0 0 0 0 0 0 0 0 0 0 0 0 0 0 0 0 0 0 0 0 0 0 0 0 0 0 0 0 0 0 0 0 0 0 0 0 0 0 0 0 0 0 0 0 0 0 0 0 0 0 0.005905275 0.006140978 0.008762832 0.011245263 0.016403151 0.017016342 0.020066538 0.023730126 0.028005152 0.032880195 0.04004467 0.039710115 0.047741829 0.052344354 0.05586708 0.064647003 0.066736684 0.072749408 0.077067251 0.079659171 0.085656371 0.086335859 0.093137165 0.094727316 0.098545002 0.106355568 0.10313215 0.102365144 0.102028898 0.104928748 0.104982596 0.109602683 0.10116011 0.108049386 0.107720726 0.111635238 0.110428793 0.117409507 0.126029513 0.129452414 0.149778379 0.155911458 0.161883601 0.181396838 0.19388285 0.21041197 0.22136727 0.240769006 0.186782149 0.560585349 1.97937228 2.815058759 11.62182549
404.627 0 0 0 0 0 0 0 0 0 0 0 0 0 0 0 0 0 0 0 0 0 0 0 0 0 0 0 0 0 0 0 0 0 0 0 0 0 0 0 0 0 0 0 0 0 0 0 0 0 0 0 0 0 0 0 0 0 0 0 0 0 0 0 0.004007506 0.00517627 0.007187021 0.010947725 0.013641948 0.015704027 0.02090873 0.022313617 0.026876831 0.031960294 0.035769146 0.042107704 0.043437133 0.049130632 0.056466985 0.063414193 0.066080739 0.071476982 0.075339586 0.081573481 0.087251942 0.087456315 0.091038126 0.09197542 0.100180164 0.102700082 0.103120615 0.107910468 0.105877695 0.106288008 0.106010004 0.102872737 0.108255151 0.106062486 0.101504671 0.107591554 0.109495174 0.120227539 0.11293734 0.123895831 0.134936443 0.158722076 0.147907433 0.165129372 0.195034372 0.184008428 0.210745653 0.189739652 0.201234027 0.300725759 0.542354627 -0.087990553 1.338375407 18.18737673
407.912 0 0 0 0 0 0 0 0 0 0 0 0 0 0 0 0 0 0 0 0 0 0 0 0 0 0 0 0 0 0 0 0 0 0 0 0 0 0 0 0 0 0 0 0 0 0 0 0 0 0 0 0 0 0 0 0 0 0 0 0 0 0 0.004341825 0.006458308 0.006948485 0.011718886 0.011778068 0.016077808 0.017171196 0.02142996 0.024863733 0.030781115 0.035309057 0.037601246 0.042726015 0.047627392 0.055607484 0.060375381 0.066141937 0.072109518 0.078086201 0.08031282 0.082896815 0.087546442 0.091009224 0.092505571 0.09687705 0.104532815 0.102292173 0.103731065 0.10818426 0.110728018 0.108245619 0.109684609 0.109738374 0.111685312 0.109243062 0.108184591 0.109483429 0.105438111 0.112294548 0.119109858 0.123073767 0.144167125 0.138381282 0.166801388 0.183235631 0.170423248 0.207162886 0.222984651 0.230218559 0.30916509 0.233775665 0.009755346 2.169452381 2.253438701 11.60161913
411.2 0 0 0 0 0 0 0 0 0 0 0 0 0 0 0 0 0 0 0 0 0 0 0 0 0 0 0 0 0 0 0 0 0 0 0 0 0 0 0 0 0 0 0 0 0 0 0 0 0 0 0 0 0 0 0 0 0 0 0 0 0 0.005354647 0.007504753 0.008651145 0.008550517 0.012537502 0.015179307 0.016002513 0.021917995 0.025507792 0.028091337 0.035670211 0.040561661 0.040638001 0.046106421 0.052982036 0.060130601 0.060704003 0.067350082 0.072161855 0.074060462 0.080547865 0.085427597 0.089377131 0.090582944 0.097944341 0.099833806 0.102731263 0.104976066 0.104676463 0.104482959 0.105119847 0.107817744 0.108601398 0.107430128 0.10573787 0.108013409 0.102863081 0.10666697 0.107175956 0.117299703 0.121228158 0.134223698 0.143504468 0.142369736 0.153501493 0.172273716 0.173016638 0.182163306 0.203604888 0.265042439 0.162692376 0.228793308 0.751782938 0.700436417 -3.833837937 -1.638899261
414.488 0 0 0 0 0 0 0 0 0 0 0 0 0 0 0 0 0 0 0 0 0 0 0 0 0 0 0 0 0 0 0 0 0 0 0 0 0 0 0 0 0 0 0 0 0 0 0 0 0 0 0 0 0 0 0 0 0 0 0 0 0.002778683 0.00687827 0.006956791 0.01005454 0.012369959 0.017783772 0.020156937 0.021730065 0.024395713 0.029607315 0.033369169 0.040212828 0.042893878 0.048800615 0.052186283 0.057814459 0.063052757 0.067513902 0.070470267 0.074369175 0.081608095 0.084524515 0.087546479 0.090386422 0.093085257 0.097967393 0.099485692 0.105128075 0.107343394 0.110872569 0.107920483 0.110664359 0.10750834 0.107927829 0.107810273 0.113719593 0.103571268 0.105248494 0.112037098 0.113300597 0.115519054 0.124455751 0.129857476 0.140703458 0.160252266 0.168879937 0.181622403 0.19896869 0.18053343 0.207102259 0.208985419 0.226368719 0.291875969 0.52719877 0.572861763 8.35570309 30.73622264
417.778 0 0 0 0 0 0 0 0 0 0 0 0 0 0 0 0 0 0 0 0 0 0 0 0 0 0 0 0 0 0 0 0 0 0 0 0 0 0 0 0 0 0 0 0 0 0 0 0 0 0 0 0 0 0 0 0 0 0 0 0.000985 0.004814088 0.004330142 0.007562659 0.010137727 0.010380505 0.01466213 0.017731178 0.021616182 0.02552205 0.029901748 0.033857976 0.039161749 0.041236229 0.04615063 0.050634869 0.056839519 0.060513384 0.066642185 0.073655266 0.073148599 0.081605853 0.081416239 0.08480611 0.088235633 0.094616842 0.096154016 0.098697336 0.101325284 0.107425949 0.104177418 0.10599205 0.107110204 0.100263751 0.103462499 0.103289276 0.10509676 0.097548692 0.098232614 0.102141711 0.104820236 0.1049087 0.116161357 0.122362091 0.133127639 0.145319601 0.151246074 0.155856872 0.170573735 0.163476958 0.218906336 0.178542248 0.167796881 0.072791062 -0.048558896 0.224632128 -3.548333149 -23.99621356
421.069 0 0 0 0 0 0 0 0 0 0 0 0 0 0 0 0 0 0 0 0 0 0 0 0 0 0 0 0 0 0 0 0 0 0 0 0 0 0 0 0 0 0 0 0 0 0 0 0 0 0 0 0 0 0 0 0 0 0 0.000711 0.00357437 0.002957289 0.005658464 0.005075765 0.010036403 0.009234103 0.014878771 0.017272369 0.022968248 0.026404265 0.030455421 0.037478371 0.041334289 0.043648561 0.049112851 0.051195841 0.057564466 0.061870162 0.066038591 0.071691828 0.077420042 0.082730765 0.080031812 0.084156413 0.084243782 0.08897487 0.090550744 0.096814348 0.100007186 0.099603557 0.101360308 0.101427922 0.100674725 0.101613851 0.096164895 0.098349459 0.096527518 0.101966239 0.094673214 0.097689044 0.101202952 0.106022986 0.109203802 0.116941722 0.121644296 0.137356028 0.146403357 0.149783168 0.153545451 0.163281557 0.131777297 0.122766687 0.068074472 0.16220383 -0.147043509 -0.169356423 -3.112258257 -42.88007518
424.362 0 0 0 0 0 0 0 0 0 0 0 0 0 0 0 0 0 0 0 0 0 0 0 0 0 0 0 0 0 0 0 0 0 0 0 0 0 0 0 0 0 0 0 0 0 0 0 0 0 0 0 0 0 0 0 0 0 0.004173049 0.006707074 0.00774372 0.007262922 0.011958891 0.011152779 0.017666115 0.020266319 0.023064076 0.027752845 0.029237723 0.031730696 0.036586474 0.04295674 0.044741865 0.048668401 0.056021293 0.060398893 0.061439401 0.069228414 0.071662122 0.074915937 0.078659137 0.079794264 0.089953828 0.088431822 0.092995436 0.094413788 0.099651833 0.099263766 0.104576673 0.105458087 0.105871069 0.106774709 0.108827951 0.105483851 0.1063347 0.105426858 0.10887038 0.10253258 0.102207132 0.109803566 0.106241137 0.110824604 0.130284423 0.123809985 0.143916355 0.155804068 0.173842455 0.175940073 0.197952893 0.203274476 0.21732984 0.217484722 0.265376399 0.302992248 0.496154837 1.845087422 5.527726197 0
427.657 0 0 0 0 0 0 0 0 0 0 0 0 0 0 0 0 0 0 0 0 0 0 0 0 0 0 0 0 0 0 0 0 0 0 0 0 0 0 0 0 0 0 0 0 0 0 0 0 0 0 0 0 0 0 0 0 0.004123802 0.005076317 0.0097033 0.007011149 0.01306003 0.012999254 0.017282719 0.018789884 0.022428564 0.024702703 0.02699797 0.031417266 0.034883335 0.038394149 0.043641697 0.048786402 0.051508892 0.055398414 0.059293817 0.06460577 0.067956799 0.071502587 0.0774317 0.079993928 0.084824253 0.087788447 0.08907345 0.090391229 0.094903664 0.096147603 0.101497503 0.103894707 0.104316046 0.106868708 0.108574115 0.104008759 0.102856914 0.108099623 0.101570825 0.107532307 0.100585665 0.109166609 0.101995638 0.106982065 0.12093744 0.12024827 0.132696157 0.147002846 0.169432477 0.166149924 0.174578308 0.210021878 0.208517397 0.194124525 0.277727024 0.345933228 0.43834174 0.876679998 2.425518545 9.787321029 0
430.952 0 0 0 0 0 0 0 0 0 0 0 0 0 0 0 0 0 0 0 0 0 0 0 0 0 0 0 0 0 0 0 0 0 0 0 0 0 0 0 0 0 0 0 0 0 0 0 0 0 0 0 0 0 0 0 0.002880434 0.002675218 0.006883655 0.006443905 0.009281294 0.007944983 0.012236434 0.014773458 0.016186359 0.020657082 0.021901525 0.028248892 0.032609055 0.035452731 0.039902142 0.044536078 0.047074526 0.051535102 0.056320944 0.059033405 0.063123783 0.069634517 0.072388042 0.076556055 0.0771131 0.078043639 0.086786058 0.085755106 0.088942896 0.092163271 0.09367421 0.097033336 0.099763827 0.100949486 0.099142874 0.100600944 0.101189917 0.103116932 0.100771011 0.098003396 0.096572741 0.099345202 0.100264467 0.100431748 0.101811959 0.108284487 0.111134418 0.115928201 0.129438501 0.147963922 0.148188332 0.161858708 0.159255729 0.156706061 0.16460506 0.172686296 0.299621224 0.09692222 -0.170490868 0.326771652 0 0
434.249 0 0 0 0 0 0 0 0 0 0 0 0 0 0 0 0 0 0 0 0 0 0 0 0 0 0 0 0 0 0 0 0 0 0 0 0 0 0 0 0 0 0 0 0 0 0 0 0 0 0 0 0 0 0 0.003958246 0.004142424 0.006274971 0.008259234 0.007427709 0.010850679 0.011860141 0.014657017 0.018321043 0.018162146 0.022149726 0.026042491 0.027925169 0.0339497 0.034680757 0.037147747 0.042569448 0.046188902 0.053371929 0.056602964 0.061484809 0.065903208 0.070721016 0.073410381 0.074158038 0.080003041 0.085116501 0.085225199 0.084346881 0.088275311 0.09277077 0.095298041 0.098561672 0.097362495 0.098801844 0.1019037 0.100118908 0.099681192 0.099429598 0.097559208 0.097358594 0.098934884 0.099187765 0.098592947 0.097901151 0.10024382 0.113906831 0.119734665 0.122213493 0.135274624 0.144421954 0.165491234 0.166372494 0.192823601 0.192631977 0.176479479 0.218776153 0.156527073 0.272000724 0.550214364 -0.194854913 0 0
437.548 0 0 0 0 0 0 0 0 0 0 0 0 0 0 0 0 0 0 0 0 0 0 0 0 0 0 0 0 0 0 0 0 0 0 0 0 0 0 0 0 0 0 0 0 0 0 0 0 0 0 0 0 0 0.003983609 0.00523037 0.006002419 0.006952346 0.008472819 0.009336297 0.010368677 0.012733173 0.016773103 0.018917731 0.020668588 0.025183085 0.029914058 0.031455409 0.035453443 0.037651904 0.040343805 0.04779803 0.050406409 0.056302754 0.058341772 0.064165778 0.065440092 0.069002382 0.072884449 0.076984692 0.079168949 0.083719776 0.083372693 0.085436094 0.086305789 0.091958575 0.093116283 0.096820083 0.09707563 0.10141541 0.09766234 0.097774931 0.101387139 0.096897701 0.09712422 0.09524302 0.093320268 0.090446829 0.096389462 0.098392646 0.098299131 0.108218947 0.111665737 0.124718243 0.132046215 0.153697025 0.164082049 0.157497015 0.171133502 0.186222864 0.173315353 0.183730939 0.250727237 0.397515368 -0.221076754 0 0 0
440.848 0 0 0 0 0 0 0 0 0 0 0 0 0 0 0 0 0 0 0 0 0 0 0 0 0 0 0 0 0 0 0 0 0 0 0 0 0 0 0 0 0 0 0 0 0 0 0 0 0 0 0 0 0.000913 0.006305881 0.004329107 0.004726417 0.007887564 0.009112442 0.009012327 0.011769935 0.012708457 0.013362668 0.019863339 0.021146292 0.023463579 0.028370277 0.031727155 0.037241822 0.040304646 0.041485976 0.04833561 0.050119231 0.055819826 0.060429663 0.060234039 0.065549788 0.067733496 0.070118969 0.073604164 0.075829138 0.080452922 0.082589534 0.083299487 0.087450338 0.088436197 0.09024758 0.092184682 0.094343786 0.095183541 0.096447454 0.100748773 0.09546235 0.094596336 0.095362845 0.092812336 0.091254285 0.092430645 0.092438377 0.094855036 0.100759268 0.108004379 0.113197009 0.118882071 0.129135111 0.130269147 0.161486567 0.148833371 0.175440879 0.172640233 0.144300919 0.163625082 0.214449027 0.176677807 0.066173504 0 0 0
444.149 0 0 0 0 0 0 0 0 0 0 0 0 0 0 0 0 0 0 0 0 0 0 0 0 0 0 0 0 0 0 0 0 0 0 0 0 0 0 0 0 0 0 0 0 0 0 0 0 0 0 0 0.002086977 0.004699025 0.005326131 0.002404326 0.00812622 0.00601423 0.007967125 0.01092372 0.010121952 0.016831477 0.017800687 0.019885952 0.022695995 0.027759913 0.029369475 0.027649396 0.036863654 0.041066084 0.046877942 0.046567957 0.05201246 0.056425194 0.057713019 0.063970472 0.065407806 0.068107457 0.071779066 0.075307634 0.075260972 0.080577843 0.082956589 0.079398293 0.083465722 0.086420455 0.089294105 0.09055419 0.091261272 0.093255686 0.094863661 0.097169938 0.090891947 0.096406565 0.092247846 0.088898081 0.093130961 0.089433869 0.094929482 0.094630087 0.098997943 0.108845168 0.115526297 0.121287526 0.123963586 0.142250849 0.147208155 0.160083518 0.171194181 0.161830003 0.169793765 0.192009078 0.192522472 0.181673345 0 0 0 0
447.451 0 0 0 0 0 0 0 0 0 0 0 0 0 0 0 0 0 0 0 0 0 0 0 0 0 0 0 0 0 0 0 0 0 0 0 0 0 0 0 0 0 0 0 0 0 0 0 0 0 0 0.001527993 0.002075942 0.003075336 0.003926969 0.005786352 0.007692675 0.00920174 0.009437673 0.01463704 0.012253315 0.016741656 0.017782487 0.020906408 0.02331152 0.029894023 0.029841163 0.031291304 0.037390847 0.042196071 0.043523475 0.049129954 0.053460973 0.055091168 0.059640071 0.060347739 0.064823501 0.068158782 0.06845434 0.072603853 0.076047805 0.079068385 0.077140923 0.079540975 0.081266515 0.082121239 0.084495754 0.08899474 0.09181164 0.091554632 0.093738337 0.09039688 0.09215567 0.090943801 0.087744805 0.090255293 0.089538585 0.087269593 0.089469455 0.092891378 0.099551027 0.101694855 0.102425605 0.117244894 0.131392912 0.13088707 0.149947807 0.149431145 0.14247796 0.178120177 0.159841669 0.12261915 0.159057194 0.180528506 0 0 0 0
450.755 0 0 0 0 0 0 0 0 0 0 0 0 0 0 0 0 0 0 0 0 0 0 0 0 0 0 0 0 0 0 0 0 0 0 0 0 0 0 0 0 0 0 0 0 0 0 0 0 0 0.002821647 0.003581175 0.003590192 0.005593102 0.005814385 0.0066173 0.006657904 0.009801162 0.012868483 0.015951123 0.016191804 0.01755935 0.021199948 0.020987698 0.025034167 0.026543995 0.031146921 0.035625001 0.039391971 0.043862129 0.0492417 0.047963202 0.051906047 0.054987366 0.059080763 0.061027962 0.064875323 0.066255342 0.068535861 0.070017799 0.074547092 0.076280201 0.076210093 0.080201557 0.08092739 0.081049171 0.083183098 0.08505511 0.08959797 0.085790078 0.090736524 0.086866347 0.084625519 0.085446833 0.084021457 0.0849076 0.086009714 0.091879164 0.088077443 0.088794634 0.100964002 0.1047243 0.114068885 0.116382876 0.125230377 0.14476914 0.145663372 0.15807151 0.15798338 0.171264307 0.15454692 0.197728821 0.219647747 0 0 0 0 0
454.06 0 0 0 0 0 0 0 0 0 0 0 0 0 0 0 0 0 0 0 0 0 0 0 0 0 0 0 0 0 0 0 0 0 0 0 0 0 0 0 0 0 0 0 0 0 0 0 0 0.002691606 0.000985 0.001513025 0.004247166 0.004568533 0.005556698 0.00623226 0.007754868 0.010583462 0.011918372 0.012036605 0.015001369 0.017446953 0.019860734 0.020748543 0.025933501 0.024796929 0.033025204 0.033421549 0.039253014 0.039770817 0.044001164 0.050284994 0.052174606 0.053316482 0.055919455 0.058314135 0.060127233 0.064613994 0.065490575 0.069475998 0.068822063 0.073100701 0.076490178 0.075762538 0.073561741 0.077893069 0.083510263 0.082471869 0.081164102 0.081518949 0.086256678 0.084794878 0.084713546 0.084683581 0.081603418 0.083410682 0.081656403 0.085237607 0.081894259 0.085764073 0.084871671 0.099557188 0.105476556 0.111534043 0.122400807 0.13533787 0.135245423 0.143775 0.157159795 0.132262411 0.103308203 0.147180893 0.105600689 0 0 0 0 0
457.366 0 0 0 0 0 0 0 0 0 0 0 0 0 0 0 0 0 0 0 0 0 0 0 0 0 0 0 0 0 0 0 0 0 0 0 0 0 0 0 0 0 0 0 0 0 0 0 0.002790323 0.001840604 0.004224924 0.006253087 0.006769504 0.006851345 0.009074187 0.010902894 0.011789372 0.011844139 0.013488874 0.017565641 0.019254817 0.017367498 0.025488057 0.025812415 0.027161784 0.031970468 0.031507367 0.037769504 0.039644076 0.04219023 0.046515133 0.050039936 0.05431277 0.057843128 0.058437096 0.059560068 0.061769908 0.060884307 0.066718398 0.071000327 0.067531847 0.073163228 0.07443601 0.07775297 0.077813655 0.079632327 0.079992175 0.07883931 0.084242433 0.082794097 0.082489423 0.083050252 0.082986229 0.082190613 0.082509845 0.08474739 0.082676736 0.083567625 0.086191299 0.088623353 0.092519132 0.101103089 0.108906696 0.116168583 0.123346553 0.134261 0.14570344 0.154223188 0.158653248 0.173714683 0.184253194 0.169566493 0 0 0 0 0 0
460.673 0 0 0 0 0 0 0 0 0 0 0 0 0 0 0 0 0 0 0 0 0 0 0 0 0 0 0 0 0 0 0 0 0 0 0 0 0 0 0 0 0 0 0 0 0 0 0.002206975 -0.000254 0.002604554 0.002659037 0.004849949 0.005342168 0.005236805 0.006750977 0.006999388 0.00816331 0.012303828 0.013265636 0.016271165 0.017061929 0.017408897 0.023896705 0.024842594 0.025764296 0.029312248 0.030420689 0.035411068 0.036626443 0.040981705 0.042358828 0.048255655 0.05070248 0.052928029 0.053613744 0.057898199 0.05882782 0.060797644 0.063872081 0.06404809 0.069629259 0.069635385 0.069164829 0.072024562 0.07240604 0.07303706 0.076064422 0.073322095 0.077617184 0.078717201 0.076321773 0.07440164 0.078051641 0.080743172 0.075176182 0.075881465 0.075966546 0.078507386 0.0843206 0.08063761 0.085569107 0.089240808 0.102370995 0.1043671 0.113451509 0.128880605 0.144822772 0.124703422 0.128313659 0.155082323 0.114744165 0 0 0 0 0 0 0
463.982 0 0 0 0 0 0 0 0 0 0 0 0 0 0 0 0 0 0 0 0 0 0 0 0 0 0 0 0 0 0 0 0 0 0 0 0 0 0 0 0 0 0 0 0 0 0.001333639 0.002995987 0.000398 0.001538078 0.002643632 0.004414367 0.004130835 0.006644259 0.007075769 0.009111601 0.01068625 0.012495582 0.012621532 0.016915714 0.017650761 0.018306259 0.020341016 0.02225807 0.025177085 0.029002968 0.030925581 0.035930268 0.036412395 0.040427553 0.044282507 0.043878662 0.048054451 0.049698281 0.053005923 0.05615938 0.058484407 0.05900145 0.060790419 0.062862953 0.064109753 0.064993241 0.066727774 0.069760539 0.06619111 0.068455459 0.072140449 0.071766876 0.072320012 0.072054821 0.075038931 0.075929941 0.074256887 0.077379176 0.076789455 0.079488626 0.074309 0.077383578 0.07630519 0.077468506 0.08264949 0.094982202 0.099701448 0.101053409 0.109291168 0.114011185 0.117951399 0.132414936 0.148813421 0.137314429 0.144524082 0 0 0 0 0 0 -8.406517448
467.292 0 0 0 0 0 0 0 0 0 0 0 0 0 0 0 0 0 0 0 0 0 0 0 0 0 0 0 0 0 0 0 0 0 0 0 0 0 0 0 0 0 0 0 0 0.000785 0.000637 0.001377275 0.00273013 0.003543453 0.003659639 0.002158354 0.005791743 0.007960773 0.007266199 0.009104614 0.01028747 0.012204559 0.013788991 0.014008591 0.018126545 0.018700558 0.022968114 0.021999263 0.024700469 0.029828718 0.031980507 0.032119643 0.036202096 0.040497777 0.04253311 0.045428841 0.045897681 0.050390569 0.05243074 0.053939525 0.056149522 0.057700853 0.057988226 0.061644442 0.061322127 0.062811418 0.066641663 0.06685885 0.067019396 0.066893169 0.068953938 0.070040194 0.072782865 0.073712512 0.072135439 0.072865659 0.07159731 0.069118107 0.070629644 0.068599557 0.073851152 0.076694286 0.071760328 0.076081959 0.077230423 0.082338459 0.09484439 0.100705983 0.10083976 0.113157244 0.115199577 0.124917204 0.125126667 0.114298777 0 0 0 0 0 0 0 -1.551556707
470.603 0 0 0 0 0 0 0 0 0 0 0 0 0 0 0 0 0 0 0 0 0 0 0 0 0 0 0 0 0 0 0 0 0 0 0 0 0 0 0 0 0 0 0 0.001340352 0.001557938 0.003253047 0.002730218 0.002267178 0.002832941 0.003983376 0.004625734 0.008350314 0.007796489 0.00999622 0.010514532 0.01308718 0.012855219 0.017475611 0.019845574 0.018182774 0.017610927 0.021105484 0.026575719 0.030001859 0.028494462 0.030799238 0.032927001 0.036389105 0.039661537 0.042797058 0.044100993 0.047081604 0.047886368 0.051103843 0.052099002 0.055622509 0.056029039 0.057964335 0.058232514 0.059104364 0.063696508 0.062213021 0.063229394 0.064462841 0.063216703 0.064071829 0.0677188 0.068041806 0.069019502 0.068373927 0.070616559 0.070492667 0.070260839 0.071222559 0.069724098 0.066373036 0.071061667 0.072334372 0.077004041 0.084721741 0.087247358 0.095824165 0.099348621 0.110420344 0.117023686 0.10313614 0.127281033 0.13422024 0.133566054 0 0 0 0 0 0 -2.467036619 -2.846363912
473.915 0 0 0 0 0 0 0 0 0 0 0 0 0 0 0 0 0 0 0 0 0 0 0 0 0 0 0 0 0 0 0 0 0 0 0 0 0 0 0 0 0 0 0.002976484 0.004678203 0.004940924 0.00675537 0.005453232 0.00755229 0.005596924 0.007481521 0.009578332 0.010350246 0.010694672 0.011310851 0.012632261 0.013648714 0.016350523 0.019627869 0.022100844 0.021863298 0.023022865 0.027748936 0.027419218 0.029205692 0.032070352 0.036503852 0.036750699 0.038958299 0.041371818 0.04276898 0.045338386 0.046396215 0.047739349 0.05223762 0.050969347 0.054673161 0.057641625 0.059403883 0.058992684 0.058894615 0.059998442 0.062526982 0.061974924 0.062598355 0.064411125 0.067062947 0.064826749 0.066217118 0.070868094 0.069078379 0.071500362 0.066750844 0.067613245 0.068619816 0.07088294 0.071010938 0.075685356 0.077070894 0.078806975 0.081981986 0.085518979 0.095945988 0.105231838 0.107125862 0.12665984 0.122525906 0.14007352 0.123817837 0 0 0 0 0 0 0 2.879482821 27.94052815
477.228 0 0 0 0 0 0 0 0 0 0 0 0 0 0 0 0 0 0 0 0 0 0 0 0 0 0 0 0 0 0 0 0 0 0 0 0 0 0 0 0 0 -0.000119 0.000544 0.001469341 0.002130605 0.003035205 0.00243911 0.003483737 0.004206609 0.005413057 0.006419742 0.007361837 0.008703067 0.011231165 0.012611169 0.013125728 0.01705038 0.017941598 0.015159907 0.017385166 0.019105798 0.024180322 0.024485529 0.026620641 0.029185379 0.030793407 0.032328255 0.036050403 0.038142933 0.038724709 0.042250862 0.04299157 0.045367 0.046790422 0.047317334 0.047456632 0.053910505 0.052605306 0.05410744 0.055703912 0.058215843 0.057118977 0.05938934 0.058417414 0.057221177 0.061770757 0.062773475 0.061904215 0.062166357 0.061547316 0.062792758 0.066475923 0.06431474 0.065248879 0.065656064 0.064518222 0.065896601 0.065472342 0.075489279 0.072915572 0.080536778 0.089298027 0.092559302 0.097076611 0.106245542 0.120163201 0.108806636 0.115817842 0 0 0 0 0 0 -0.863429257 -1.014458122 -8.048527785
480.542 0 0 0 0 0 0 0 0 0 0 0 0 0 0 0 0 0 0 0 0 0 0 0 0 0 0 0 0 0 0 0 0 0 0 0 0 0 0 0 0 0.001278179 0.001123745 0.001297201 0.002224647 0.002227543 0.001836695 0.003462315 0.003485947 0.005308713 0.004452391 0.00521593 0.008263566 0.009874373 0.012068947 0.010427099 0.013258743 0.014559304 0.015517134 0.017114095 0.018883074 0.021616355 0.022081193 0.024479255 0.028726397 0.027936291 0.030852556 0.031604002 0.031117035 0.035347627 0.03700467 0.039471833 0.043217718 0.045529754 0.046546148 0.046727629 0.048469583 0.04816423 0.049641569 0.054662506 0.053573574 0.052930638 0.054690591 0.056170021 0.053515616 0.058245325 0.057653157 0.059288375 0.06089103 0.061132632 0.058387633 0.059684318 0.063572796 0.059108247 0.063034831 0.061090867 0.06321032 0.065121122 0.068081877 0.067252662 0.069922308 0.07718255 0.084090932 0.087008069 0.105540163 0.10831868 0.099152675 0.101610351 0 0 0 0 0 0 0 -0.274763774 0.638900238 -17.90154085
483.858 0 0 0 0 0 0 0 0 0 0 0 0 0 0 0 0 0 0 0 0 0 0 0 0 0 0 0 0 0 0 0 0 0 0 0 0 0 0 0 0.001217727 0.001496462 0.002181622 0.003160717 0.003359864 0.003121343 0.003898878 0.003942596 0.005523774 0.006528802 0.008417845 0.009157886 0.0082586 0.011311685 0.013426093 0.012579048 0.01573162 0.014953506 0.018351868 0.01751971 0.019322237 0.0194732 0.023974855 0.024728962 0.025602331 0.027722489 0.029654567 0.032882577 0.035475798 0.036102762 0.040041596 0.040364521 0.042574569 0.043615111 0.042957374 0.047473923 0.048477247 0.048686547 0.04920146 0.051675934 0.051255602 0.052556336 0.053842306 0.05499399 0.054281747 0.056313233 0.05692171 0.057903886 0.058682098 0.060916753 0.061902475 0.060039618 0.062418981 0.061982085 0.059861655 0.064148603 0.067373805 0.063845066 0.066892684 0.071343258 0.074771949 0.078917734 0.08171557 0.096918872 0.090131659 0.107784608 0.108250367 0.11719648 0 0 0 0 0 0 0.42985999 0.157021942 3.504190249 26.89937261
487.174 0 0 0 0 0 0 0 0 0 0 0 0 0 0 0 0 0 0 0 0 0 0 0 0 0 0 0 0 0 0 0 0 0 0 0 0 0 0 0.002931313 0.002490774 0.002417834 0.002792216 0.003166189 0.003767678 0.002733824 0.004220098 0.007148984 0.006114767 0.008770407 0.00753441 0.010859714 0.011530859 0.012450274 0.012906126 0.013826716 0.01437092 0.014789297 0.016202777 0.018788597 0.021177861 0.022889537 0.026126902 0.027464504 0.027137302 0.029165469 0.030250536 0.032482203 0.035093544 0.035542221 0.038634532 0.041165575 0.04229132 0.043576548 0.043035445 0.044139405 0.04643795 0.045223438 0.048431217 0.049468886 0.050195469 0.049903753 0.054948898 0.052346338 0.052607416 0.051434482 0.055193847 0.055908664 0.057713452 0.056698788 0.057934022 0.05889959 0.059375818 0.060318363 0.062096338 0.06042435 0.0620699 0.063298054 0.065920739 0.068255037 0.072502994 0.07653407 0.085219904 0.094200049 0.092603661 0.092889928 0.112800985 0 0 0 0 0 0 0 0.07223971 0.369667313 3.950745858 5.052176548
490.492 0 0 0 0 0 0 0 0 0 0 0 0 0 0 0 0 0 0 0 0 0 0 0 0 0 0 0 0 0 0 0 0 0 0 0 0 0 0.001517047 0.001935576 0.000706 0.001461927 0.002031462 0.002288418 0.002075271 0.002943669 0.003763966 0.002244567 0.004056744 0.004537057 0.00437064 0.007719903 0.008303944 0.009316583 0.011444816 0.012779351 0.013545555 0.01475741 0.015970539 0.016135257 0.017371744 0.020274123 0.022441125 0.021212953 0.023747402 0.025988156 0.02593768 0.030559903 0.032731179 0.032477879 0.033520354 0.037235284 0.036556367 0.03802847 0.04077632 0.040164428 0.044302717 0.040391495 0.041543513 0.043599715 0.047425724 0.04616018 0.044360118 0.048133908 0.04531694 0.048994921 0.048182336 0.053586708 0.05028664 0.052270454 0.05200954 0.053401678 0.055780691 0.052234802 0.052802377 0.052284938 0.056059153 0.059254482 0.058068578 0.062608097 0.065696593 0.066860395 0.073915174 0.077548198 0.079707815 0.088994118 0.095108591 0 0 0 0 0 0 -0.016163156 -0.179576625 0.306165525 -8.953934909 -16.42647484
493.81 0 0 0 0 0 0 0 0 0 0 0 0 0 0 0 0 0 0 0 0 0 0 0 0 0 0 0 0 0 0 0 0 0 0 0 0 -0.000441 0.001212979 0.001049615 0.001931754 0.002592012 0.003613082 0.001948106 0.002972033 0.004360433 0.004501224 0.005110964 0.004899434 0.006278894 0.005893235 0.008188433 0.010193885 0.01187269 0.010355333 0.011547837 0.012819457 0.016415541 0.015745683 0.016195608 0.020025396 0.019646119 0.0213642 0.024045532 0.024302368 0.024156509 0.029187126 0.029159259 0.031241058 0.031830602 0.032696135 0.034592888 0.036773644 0.037174701 0.040045327 0.041771656 0.04439018 0.043813805 0.043469878 0.043572127 0.046064708 0.045603377 0.045822067 0.047001094 0.0475069 0.047715106 0.047747185 0.052359938 0.049537092 0.050399187 0.055082867 0.055637982 0.054771738 0.053218182 0.052679394 0.055443701 0.054709307 0.057896555 0.057913103 0.059344359 0.065652812 0.070529636 0.071991937 0.082679735 0.081283293 0.084426737 0 0 0 0 0 0 0 0.075389735 -0.303597022 -0.752192812 -4.140103493 -1.315458434
497.13 0 0 0 0 0 0 0 0 0 0 0 0 0 0 0 0 0 0 0 0 0 0 0 0 0 0 0 0 0 0 0 0 0 0 0 0.001636115 0.001873503 0.004499748 0.003839302 0.002835281 0.003268409 0.003620702 0.003692577 0.005231679 0.005738352 0.005883835 0.006613179 0.007911152 0.008886693 0.007088351 0.010647273 0.009496277 0.012596493 0.014772074 0.014646261 0.015840083 0.016683785 0.016620408 0.019179668 0.0231226 0.022935323 0.023610773 0.024902469 0.026355384 0.027361872 0.028026026 0.030941172 0.030991588 0.033597821 0.03450542 0.034976985 0.036254744 0.039287621 0.040728643 0.040119531 0.04200672 0.042360158 0.042762687 0.042572043 0.046577905 0.045412865 0.046105774 0.046370687 0.048375838 0.046901563 0.046968626 0.048329012 0.052033141 0.05213638 0.049587893 0.051607061 0.049691059 0.04960071 0.054135429 0.055376959 0.056546967 0.057033645 0.059733313 0.059607464 0.067761232 0.068828141 0.071588955 0.084528927 0.086114914 0.098707481 0 0 0 0 0 0 0.169148071 0.170334956 0.245122068 0.620783497 2.872570664 14.05934093
500.451 0 0 0 0 0 0 0 0 0 0 0 0 0 0 0 0 0 0 0 0 0 0 0 0 0 0 0 0 0 0 0 0 0 0 0.001590545 0.001166813 0.003533909 0.001658764 0.002078379 0.001717784 0.002370327 0.002960288 0.004074266 0.003739428 0.003868356 0.006218435 0.006044483 0.006808426 0.007491875 0.010181653 0.008635938 0.010322436 0.011159282 0.012410562 0.013988265 0.013850633 0.016195237 0.016297267 0.017591631 0.021744965 0.021612884 0.020025126 0.021614514 0.024177698 0.027576395 0.027629017 0.02906368 0.030797152 0.03147375 0.032986955 0.034848192 0.03657226 0.03644739 0.035304599 0.036644121 0.04034273 0.039136837 0.041987853 0.043658381 0.04207998 0.043155917 0.042121003 0.045490982 0.043999887 0.042798074 0.045599229 0.045207455 0.046667441 0.048357977 0.04910774 0.047785893 0.047332934 0.047544122 0.05100586 0.051962285 0.052650333 0.055293805 0.055831506 0.054932212 0.062521306 0.063736983 0.073094773 0.070929887 0.081137726 0 0 0 0 0 0 0 0.154101211 0.160496479 0.145207944 -0.276781119 0.017301274 3.490104383
503.772 0 0 0 0 0 0 0 0 0 0 0 0 0 0 0 0 0 0 0 0 0 0 0 0 0 0 0 0 0 0 0 0 0 0.00230878 0.001990103 0.001884606 0.004356993 0.005425762 0.003766147 0.003101086 0.003738682 0.004381438 0.004048348 0.005181091 0.005383184 0.006962719 0.005251592 0.005835581 0.010333683 0.009550321 0.013425748 0.009670245 0.014922328 0.01408505 0.013562795 0.014115229 0.016229754 0.018489727 0.019897556 0.017297414 0.021462776 0.024293764 0.022688321 0.024539779 0.024401323 0.029792948 0.027402183 0.029289838 0.030465263 0.031576818 0.032742526 0.035763077 0.035653191 0.038867323 0.037377351 0.038400902 0.040078815 0.040552754 0.039101318 0.042001216 0.039466223 0.041161294 0.041959845 0.045507433 0.042225474 0.044606705 0.045093775 0.045592836 0.046437747 0.04743133 0.050355418 0.046376321 0.048955192 0.053692222 0.052640794 0.053334751 0.056347979 0.054304455 0.062923622 0.063150652 0.070244396 0.073614853 0.076256762 0.085699422 0 0 0 0 0 0 0.117732826 0.132745601 0.168352963 0.652094274 0.936390365 -0.625231803 5.16897242
507.095 0 0 0 0 0 0 0 0 0 0 0 0 0 0 0 0 0 0 0 0 0 0 0 0 0 0 0 0 0 0 0 0 0.00309214 0.004230183 0.004256085 0.003258176 0.00460785 0.002399939 0.004562247 0.003484407 0.003786309 0.005241019 0.004938284 0.005482994 0.004843959 0.006007833 0.006633922 0.007272877 0.008574568 0.00873488 0.010714794 0.012720237 0.012319845 0.011472265 0.01347922 0.014624713 0.016307897 0.017999712 0.021609739 0.019106312 0.019733716 0.022085546 0.023740203 0.023670166 0.024935478 0.026564761 0.031869204 0.027406097 0.029684427 0.033465099 0.033545703 0.03234546 0.033390628 0.033848003 0.035373738 0.03487473 0.036470917 0.038804448 0.039365943 0.03989063 0.041379552 0.039893687 0.042055777 0.040219242 0.041743584 0.043625481 0.043994776 0.047082778 0.048723732 0.049858182 0.044975789 0.04722868 0.044734717 0.047529907 0.048041483 0.048676227 0.053416746 0.05400279 0.056613388 0.061614841 0.064124462 0.067733301 0.074868008 0 0 0 0 0 0 0 0.127636918 0.150095019 0.133148992 0.196214076 0.149286394 -5.128436717 3.436792276
510.418 0 0 0 0 0 0 0 0 0 0 0 0 0 0 0 0 0 0 0 0 0 0 0 0 0 0 0 0 0 0 0 0.002033004 0.003109002 0.004022047 0.004652173 0.003631805 0.003782037 0.003618148 0.004585693 0.004241662 0.004593536 0.004459934 0.006203328 0.005980342 0.006299695 0.006092434 0.006128752 0.007851166 0.00642176 0.00885004 0.008436348 0.010594893 0.013020558 0.011197621 0.012583149 0.015437987 0.017548885 0.01881988 0.019098824 0.016093621 0.02023485 0.022273603 0.021260467 0.021848342 0.026080969 0.025200823 0.02382997 0.02794289 0.029109635 0.030461027 0.030588366 0.033511424 0.032126777 0.032102491 0.033845066 0.034021195 0.034728553 0.035450587 0.035218457 0.038209796 0.03851718 0.038282723 0.038741496 0.039620206 0.039680681 0.04248727 0.040245201 0.041813347 0.043266353 0.044871837 0.042658895 0.044405038 0.045398579 0.046461107 0.047097273 0.047018525 0.049426249 0.051738192 0.052818864 0.060029822 0.062145748 0.069046884 0.064612565 0 0 0 0 0 0 0.091823938 0.098499202 0.10228973 0.097527446 -0.145328797 1.421326602 -0.194267686 8.842183562
513.742 0 0 0 0 0 0 0 0 0 0 0 0 0 0 0 0 0 0 0 0 0 0 0 0 0 0 0 0 0 0 0.003814007 0.001764547 0.006231694 0.005781736 0.003303935 0.004423274 0.004639122 0.005216656 0.003836615 0.004646576 0.005042001 0.004640553 0.005151508 0.005617982 0.005802474 0.005441578 0.006801278 0.004799912 0.010823958 0.008651045 0.010514328 0.010688195 0.010815993 0.011922012 0.011324934 0.013657759 0.016763933 0.017980266 0.014127645 0.018844563 0.019875754 0.018512407 0.019162431 0.02369072 0.022258055 0.024900679 0.024642701 0.02545914 0.025364076 0.026769381 0.028932721 0.030435554 0.030078488 0.031990095 0.032884251 0.033190367 0.034144077 0.033301743 0.035358036 0.035260624 0.035960413 0.036493076 0.036710662 0.037647721 0.037977604 0.038801014 0.039894602 0.039565676 0.043903058 0.040443633 0.03955372 0.040930479 0.041412984 0.044979326 0.042968342 0.045963576 0.044585578 0.04982796 0.048158714 0.056374254 0.062462329 0.061540401 0 0 0 0 0 0 0.081718456 0.081832869 0.08378643 0.075961222 0.027915897 -0.058576515 -0.139277298 -0.326702292 -15.48950777
517.068 0 0 0 0 0 0 0 0 0 0 0 0 0 0 0 0 0 0 0 0 0 0 0 0 0 0 0 0 0 -0.001074691 0.003181335 0.001958846 0.003463507 0.002750734 0.002111791 0.001502156 0.001837068 0.003710445 0.004619433 0.003579194 0.00374775 0.00582245 0.004421651 0.00474773 0.004548962 0.005137302 0.005089455 0.00758239 0.007271482 0.00628647 0.006788861 0.008820117 0.008634992 0.010897279 0.011194801 0.012788901 0.013612186 0.015043835 0.015604598 0.015739446 0.014788092 0.018057648 0.019039508 0.021796876 0.020911937 0.020305945 0.022560354 0.02459301 0.023459316 0.025161203 0.027169919 0.027249432 0.029059331 0.030309431 0.029449147 0.03027798 0.029916239 0.031976472 0.030939131 0.031919452 0.03350598 0.031421012 0.03453066 0.033112516 0.035142801 0.034214804 0.034345798 0.03493116 0.034529131 0.040193573 0.041099586 0.039365676 0.038341073 0.0366949 0.039941424 0.040381887 0.039741478 0.041953214 0.050405289 0.047483963 0.047335503 0.050024554 0 0 0 0 0 0 0.046818509 0.056324824 0.018966398 -0.005167297 -0.049402063 -0.486970487 -2.187650325 -7.11905295 -12.90497963
520.394 0 0 0 0 0 0 0 0 0 0 0 0 0 0 0 0 0 0 0 0 0 0 0 0 0 0 0 0 0.005637635 0.005197753 0.005936033 0.005843982 0.00673242 0.005393917 0.006936656 0.007379492 0.005297626 0.005351065 0.006603184 0.006412322 0.004931008 0.005608383 0.006975619 0.006313629 0.007181824 0.009052982 0.007203676 0.008417074 0.009694585 0.009650834 0.011366965 0.012291589 0.01108642 0.012724158 0.013170512 0.013906298 0.013228957 0.01523272 0.015489424 0.015940871 0.018503995 0.019643379 0.020116974 0.021357582 0.022260493 0.022920156 0.023923876 0.026071654 0.026236059 0.02752223 0.026472187 0.029246749 0.030230891 0.030294035 0.031224386 0.028427538 0.031122778 0.033259885 0.03289056 0.035242364 0.03201881 0.035462222 0.034990399 0.033972555 0.035552175 0.034694893 0.037072942 0.039179654 0.038782933 0.042675779 0.038004847 0.040616241 0.039985539 0.042081983 0.040944201 0.042295525 0.045531689 0.048052382 0.048368459 0.052967795 0.063656366 0 0 0 0 0 0 0.087728009 0.080612048 0.085953873 0.128788701 0.09264764 0.168422963 0.248722683 0.767988078 -2.871271583 -8.191453105
523.721 0 0 0 0 0 0 0 0 0 0 0 0 0 0 0 0 0 0 0 0 0 0 0 0 0 0 0 0.00462421 0.00620207 0.003459561 0.008458297 0.00789217 0.007461277 0.005598142 0.007767664 0.005542006 0.006815469 0.006763617 0.00576915 0.00717709 0.006498251 0.006658371 0.005493136 0.008441922 0.007455286 0.008116083 0.007518682 0.009207507 0.008580047 0.010033362 0.012479223 0.010788138 0.012255402 0.012966863 0.014074267 0.014164914 0.013069835 0.015744356 0.01759575 0.016896714 0.016105459 0.021034184 0.019430734 0.020398935 0.02170619 0.022683297 0.020745049 0.023560232 0.024316303 0.026504189 0.027552673 0.027505743 0.029350576 0.028092512 0.029749896 0.028985179 0.028315956 0.031149602 0.032128511 0.030522064 0.033681679 0.032067598 0.031492018 0.032434172 0.03353813 0.033176106 0.035213946 0.03697353 0.035967275 0.037038666 0.03531744 0.03836217 0.037973821 0.037490726 0.041304709 0.042772956 0.042161172 0.047953632 0.048501095 0.052625233 0.059690798 0 0 0 0 0 0 0.088532508 0.083441988 0.059423793 0.070504769 0.040857902 0.196367537 0.201739725 -0.255146823 2.562430602 13.96584809
527.048 0 0 0 0 0 0 0 0 0 0 0 0 0 0 0 0 0 0 0 0 0 0 0 0 0 0 0.00482688 0.006458422 0.008073832 0.004750515 0.007040156 0.006715719 0.006124032 0.007315757 0.00715672 0.006867066 0.006887706 0.005858129 0.007262551 0.006474407 0.007940708 0.006489256 0.007133284 0.008932704 0.00703996 0.007730857 0.009929952 0.010266936 0.009643747 0.009447284 0.011108441 0.01128796 0.012196529 0.013365393 0.013756383 0.013485632 0.015460452 0.015604638 0.016030795 0.017073726 0.020005608 0.016743505 0.018270675 0.020720102 0.020525635 0.022191131 0.025212477 0.023100292 0.023462517 0.026129035 0.025027537 0.026432911 0.027400173 0.0262218 0.026530468 0.029628698 0.028895326 0.029388986 0.030238546 0.033098386 0.03069098 0.031647171 0.031386349 0.031711895 0.028982252 0.03262158 0.033738941 0.033838068 0.037971643 0.034468213 0.038874464 0.035956536 0.035732167 0.040384677 0.037405645 0.040537235 0.04419603 0.043193265 0.046092163 0.052182012 0 0 0 0 0 0 0.066670263 0.088552887 0.077728723 0.073017386 0.106054531 0.13866539 0.203436816 0.350362083 0.991809006 7.826337385 28.02325062
530.377 0 0 0 0 0 0 0 0 0 0 0 0 0 0 0 0 0 0 0 0 0 0 0 0 0 0.005977931 0.005838553 0.002796775 0.007349949 0.007723683 0.008372584 0.008261487 0.008980556 0.007084951 0.005075095 0.007160107 0.006420212 0.007552335 0.005893053 0.006577062 0.005608834 0.006360077 0.008361991 0.006230547 0.006995573 0.007231221 0.008034725 0.006492796 0.008606254 0.009970702 0.007698403 0.009537369 0.010793072 0.010827196 0.009876693 0.010810157 0.012586178 0.014403229 0.015956277 0.015688941 0.016536661 0.016667331 0.018040039 0.020878443 0.021279711 0.019932508 0.020908679 0.019402767 0.023871175 0.025206075 0.021437719 0.022827209 0.025113209 0.025533188 0.024285541 0.024809052 0.027238026 0.025759113 0.027462013 0.030371176 0.02679765 0.028072535 0.027716071 0.030902617 0.029764714 0.032117889 0.031636096 0.030752297 0.032058397 0.034232111 0.03476734 0.033874535 0.030829845 0.037338612 0.038220446 0.037845172 0.036430387 0.038404494 0.043796909 0.046863406 0 0 0 0 0 0 0.065064471 0.065808873 0.033291699 0.070069492 0.067044058 0.086769109 0.202918592 0.10267877 -0.771408589 3.144562278 -11.27753271
533.706 0 0 0 0 0 0 0 0 0 0 0 0 0 0 0 0 0 0 0 0 0 0 0 0 0.002931921 0.0065747 0.001348679 0.006039671 0.006325972 0.003865998 0.007051149 0.004088866 0.004033463 0.006314543 0.008018944 0.002776141 0.005090684 0.005803277 0.005668676 0.005371611 0.00584289 0.005933831 0.004824825 0.005661561 0.004016898 0.006227701 0.006811234 0.007670571 0.004645664 0.010806049 0.007418988 0.008849548 0.01067223 0.008949126 0.010682387 0.011029509 0.011757449 0.011706952 0.01171031 0.013257851 0.0130007 0.012866945 0.015555853 0.018229706 0.019061648 0.017184515 0.017828186 0.020600204 0.023570947 0.019198544 0.021470992 0.019891371 0.023295982 0.022850775 0.02438934 0.025094616 0.023946272 0.026972209 0.025398012 0.024382817 0.023751603 0.02850041 0.028416158 0.025292214 0.028257361 0.026828461 0.026932462 0.028324868 0.03068345 0.029235643 0.03011002 0.02965298 0.035612546 0.03395319 0.033129201 0.036493606 0.037784713 0.034049254 0.035931961 0 0 0 0 0 0 0.048726211 0.064303331 0.061111036 0.075710181 0.061578628 0.060064981 -0.054987205 -0.018680024 0.016429242 0.625716008 -2.704377287 1.700603086
537.037 0 0 0 0 0 0 0 0 0 0 0 0 0 0 0 0 0 0 0 0 0 0 0 0.004243045 0.005674536 0.005801821 0.007596978 0.005218875 0.00690129 0.007000743 0.00797492 0.007520762 0.006948529 0.004951803 0.005514219 0.007085711 0.008377552 0.007495645 0.006677514 0.007153163 0.006118455 0.005851424 0.00780213 0.005859087 0.005384505 0.005880782 0.007668333 0.009411694 0.009455644 0.009242837 0.009753953 0.009985953 0.010695091 0.009946086 0.010704818 0.01202324 0.012426946 0.013402105 0.013720139 0.016091378 0.015782617 0.015763292 0.016000454 0.017378503 0.01997706 0.017254234 0.016050387 0.019387241 0.019285948 0.022039378 0.022574426 0.0235092 0.02536212 0.021700366 0.023834433 0.021743027 0.024333579 0.0260144 0.026359318 0.025464306 0.025157002 0.02667214 0.026729175 0.026671702 0.027780633 0.028012653 0.030809876 0.028715684 0.029982596 0.029972133 0.030023424 0.029988199 0.03205279 0.032982945 0.033710497 0.036142447 0.040834877 0.039305979 0.041463722 0 0 0 0 0 0 0.053192433 0.059442643 0.063267907 0.088685166 0.051454558 0.084500633 0.102208879 0.106947337 0.166808458 2.632539489 2.717675627 3.708742212
540.367 0 0 0 0 0 0 0 0 0 0 0 0 0 0 0 0 0 0 0 0 0 0 0.004200867 0.004817851 0.00612933 0.003838507 0.009653673 0.009807997 0.008477514 0.009122779 0.006424805 0.007252081 0.007386753 0.008209201 0.007643931 0.007480352 0.008764324 0.007729686 0.006766548 0.005126836 0.00840605 0.0064649 0.005535386 0.005299377 0.007125579 0.008219362 0.007132946 0.007027873 0.009888466 0.010814161 0.010032649 0.010335622 0.009260971 0.011812623 0.010983839 0.010143217 0.011872242 0.014354352 0.015117227 0.011290341 0.01269324 0.017139025 0.01501149 0.016750436 0.01878934 0.01920531 0.018146504 0.019086766 0.017893624 0.020842008 0.020402864 0.022307612 0.021591551 0.023093649 0.022303619 0.023429249 0.02396776 0.024724736 0.025257335 0.025426556 0.025945984 0.026769007 0.02480334 0.024382924 0.026204666 0.025249831 0.028987474 0.02768019 0.027476361 0.030208809 0.030168761 0.030481109 0.033879321 0.034598331 0.036226881 0.032312194 0.03619833 0.0387716 0 0 0 0 0 0 0.059181974 0.061430853 0.061497753 0.066244537 0.070124559 0.069368575 0.080059764 0.1447363 0.085831753 0.454176432 0.740187521 2.540922306 3.342520943
543.699 0 0 0 0 0 0 0 0 0 0 0 0 0 0 0 0 0 0 0 0 0 0.00141883 0.004523704 -2.13e-06 0.0039154 0.006555151 0.002208045 0.001893261 0.001819859 0.003381853 0.006700256 0.006485964 0.006517661 0.003621239 0.006297338 0.005218063 0.004361194 0.003572694 0.005176808 0.006285862 0.005853546 0.005188996 0.005224353 0.005317291 0.006556098 0.00448764 0.004470355 0.007037224 0.005193722 0.007627911 0.008647741 0.007479586 0.007638614 0.010466581 0.010566761 0.008985874 0.011723853 0.009058496 0.012024791 0.011507876 0.01207137 0.012292701 0.012673138 0.012988905 0.015206343 0.013911126 0.0154329 0.018316976 0.016154398 0.016621859 0.018611636 0.018696507 0.019665509 0.018780697 0.019263547 0.020372073 0.021632207 0.023419562 0.021200085 0.021737001 0.021104687 0.022977318 0.021763173 0.021287167 0.022421697 0.023505452 0.027923862 0.025443094 0.025836123 0.025006884 0.027479465 0.028043649 0.028157385 0.031445786 0.02694413 0.030230867 0.031497304 0.031575131 0 0 0 0 0 0 0.048384072 0.038919647 0.042665204 0.062707283 0.038980057 0.056003485 0.049795585 -0.082065137 0.068598217 -0.170451705 -0.046704764 -6.562097535 -25.99323533
547.031 0 0 0 0 0 0 0 0 0 0 0 0 0 0 0 0 0 0 0 0 0.007150584 0.010055635 0.007323423 0.008768227 0.008414347 0.008565585 0.007499692 0.011463589 0.009185746 0.008163718 0.009034523 0.005776422 0.007883805 0.009184285 0.006346753 0.008543336 0.008379355 0.005979841 0.008019952 0.006706277 0.005523948 0.006548932 0.005835259 0.007527105 0.007035968 0.007651446 0.007394684 0.009570598 0.009147817 0.010794994 0.009701382 0.011857626 0.012728746 0.009734152 0.013673596 0.010131354 0.014156572 0.012042091 0.013436395 0.01518008 0.011736275 0.017392279 0.017267196 0.018597602 0.016893026 0.018670532 0.019980364 0.017889897 0.02112438 0.020146287 0.018964066 0.01924878 0.021422179 0.021834155 0.021245029 0.020469141 0.020002342 0.021546611 0.022916132 0.022818073 0.02357005 0.025429164 0.023237178 0.024580394 0.024146264 0.023082594 0.025472766 0.025405708 0.025711604 0.025968643 0.03111659 0.027357161 0.028949338 0.034085978 0.027365596 0.031373676 0.036540973 0 0 0 0 0 0 0.05332082 0.049955387 0.066869887 0.063161056 0.05986394 0.045161743 0.090576815 0.094386972 0.227777139 0.191927272 0.46877754 -0.01398934 0.415911012 38.63821211
550.364 0 0 0 0 0 0 0 0 0 0 0 0 0 0 0 0 0 0 0 0.006978233 0.006601169 0.004626554 0.005565757 0.007225091 -0.001549984 0.006407593 0.004365681 0.005658719 0.008051406 0.005306532 0.004902712 0.00438541 0.006350853 0.0057263 0.005660271 0.004988339 0.004004444 0.003284692 0.004692499 0.004943981 0.005559707 0.006688923 0.004587445 0.004989581 0.003879885 0.004720795 0.006540157 0.005891451 0.007714007 0.005553118 0.006794728 0.005675873 0.007258061 0.008433698 0.007890334 0.01020385 0.011084149 0.011968738 0.009964831 0.010650904 0.014080161 0.012650359 0.012946509 0.013827826 0.014333967 0.013738068 0.012547427 0.014197688 0.018165845 0.014641618 0.015938888 0.016335524 0.017349436 0.01534237 0.01771684 0.016387279 0.018460787 0.017101046 0.019830494 0.021151451 0.020300031 0.021106238 0.01836485 0.021966338 0.021723607 0.024553749 0.020903158 0.023149081 0.021911456 0.024872383 0.025423265 0.023433118 0.025906814 0.028006693 0.028199678 0.02978093 0.029868591 0 0 0 0 0 0 0.046109923 0.038043209 0.05043576 0.038575103 0.03028556 0.039458413 0.031250661 0.014703342 0.055312606 -0.115514689 -0.797968361 -1.022202758 -0.127536532 -11.98103197
553.698 0 0 0 0 0 0 0 0 0 0 0 0 0 0 0 0 0 0 0.008011039 0.009039346 0.005880333 0.007411492 0.007131845 0.006723163 0.00774315 0.005076294 0.007353026 0.007393651 0.004267126 0.003869168 0.006127951 0.005466398 0.007713247 0.003038812 0.004959585 0.00625256 0.006856106 0.00570808 0.006103637 0.006357583 0.005822223 0.005020288 0.003841682 0.006332122 0.005440683 0.006720451 0.005856746 0.007250967 0.007122759 0.005580491 0.00843772 0.009334127 0.010194881 0.007373842 0.006260508 0.012937333 0.009876145 0.010752714 0.013599629 0.011307439 0.012402856 0.011938085 0.014164344 0.01349166 0.014246986 0.0134972 0.013281844 0.016295555 0.017686675 0.016326178 0.016294016 0.017642528 0.013463201 0.018225572 0.019524479 0.016207271 0.0199197 0.022133442 0.020057296 0.019616254 0.019203766 0.020602846 0.021020711 0.022432538 0.021458474 0.019739243 0.019254656 0.021548939 0.023271162 0.022847227 0.024927729 0.025204602 0.026705497 0.025017045 0.026738632 0.029579234 0 0 0 0 0 0 0.030772179 0.032647032 0.039423032 0.038644342 0.043090362 0.038208321 0.047927693 0.072624704 0.054096123 0.097288248 0.006997812 0.210334363 0.034574749 3.880492554 -13.48653234
557.032 0 0 0 0 0 0 0 0 0 0 0 0 0 0 0 0 0 0.004453098 0.003530129 0.000779 0.005889547 -2.57e-06 0.006443223 0.00511689 0.002451008 0.005084617 0.007128427 0.00204955 0.001201846 0.004608281 0.00453306 0.003842116 0.003905911 0.003870718 0.006109867 0.004017469 0.001695122 0.004408484 0.003391073 0.003527439 0.004640999 0.003646113 0.003943676 0.003785537 0.00467371 0.005408636 0.005670847 0.005039038 0.00332507 0.006298121 0.00576285 0.006826459 0.006880173 0.007659878 0.00815042 0.007573832 0.008995206 0.009973378 0.010864862 0.011239394 0.010148683 0.010236776 0.010125526 0.011571927 0.012843252 0.012746879 0.009639903 0.014218328 0.011668291 0.013053892 0.015075661 0.014464623 0.016317631 0.01611551 0.017111116 0.016036841 0.015190757 0.016691896 0.01668798 0.017347412 0.018702701 0.018471731 0.015983211 0.016493641 0.019254083 0.017685345 0.017930926 0.019947355 0.021136526 0.021422126 0.020435868 0.021744104 0.023574851 0.026371803 0.022837333 0.024253683 0 0 0 0 0 0 0.025175816 0.034541554 0.033164495 0.025930079 0.036655781 0.034270104 0.019868278 -0.004278498 -0.012247149 -0.002993765 -0.046875996 0.227435561 -1.040907416 -11.50794352 -18.37520999
560.367 0 0 0 0 0 0 0 0 0 0 0 0 0 0 0 0 0.003420523 0.003652314 0.004361561 0.005340276 0.007904427 0.005420238 0.004794039 -2.43e-06 0.005982487 0.006617386 0.007891853 0.003438245 0.005624118 0.005801376 0.007192955 0.005220946 0.004557107 0.004477997 0.004180922 0.004903835 0.00634298 0.002356813 0.006268652 0.00284667 0.004145068 0.004225158 0.00508238 0.003346065 0.004926175 0.004657739 0.002626455 0.004923248 0.00310781 0.006181183 0.006884264 0.004704926 0.008563022 0.007363045 0.008834507 0.005866107 0.009211638 0.010197382 0.006899468 0.009659742 0.011888423 0.012034336 0.009691691 0.013031792 0.010452897 0.009719929 0.011585042 0.012851253 0.013964865 0.012432916 0.014339395 0.013666571 0.013302206 0.015413184 0.014693674 0.016274749 0.016342708 0.016605126 0.015085104 0.016139184 0.016078809 0.016208739 0.018745641 0.016890697 0.019380935 0.015312196 0.019012011 0.019174791 0.021106411 0.020350456 0.019676309 0.017898959 0.024503913 0.022477332 0.027600351 0 0 0 0 0 0 0.029997249 0.031025537 0.03211753 0.032770665 0.038606761 0.038636333 0.035634208 0.039869092 0.056360466 0.01454907 0.02647501 -0.006053786 -0.210854672 -0.163872844 -6.590607725 -1.319958186
563.703 0 0 0 0 0 0 0 0 0 0 0 0 0 0 0 0.007460868 0.010358048 0.012230744 0.013857303 0.006341228 0.009971954 0.008575761 0.007256133 0.004102424 0.0090569 0.0097019 0.012550684 0.010761261 0.009682172 0.008833324 0.009612705 0.008585975 0.008388595 0.006274357 0.004876919 0.004703604 0.006107644 0.007346707 0.006060168 0.00433975 0.004907801 0.006041594 0.003663749 0.006542175 0.005537876 0.007508773 0.003908495 0.006325975 0.004748426 0.006557795 0.005776324 0.008894121 0.008644504 0.00729278 0.008209264 0.007624236 0.008395128 0.010860819 0.009170025 0.010714709 0.008175092 0.012932025 0.012139805 0.013069689 0.011032292 0.011300087 0.012754043 0.011790034 0.015610864 0.013616516 0.014611882 0.014207928 0.015069666 0.01269888 0.01590014 0.016956507 0.017153864 0.01662475 0.017217986 0.018288493 0.016970119 0.018557559 0.0194827 0.017413051 0.018573065 0.017887644 0.018863171 0.019267658 0.022404372 0.023596333 0.023377184 0.024989633 0.021113216 0.024325613 0.026122334 0 0 0 0 0 0 0.033735077 0.03298383 0.03696599 0.032476099 0.030322889 0.038562807 0.061641828 0.038758927 0.059281528 0.057339412 0.076330626 0.099177127 -0.025507152 0.953771664 7.352766654 2.653599987
567.039 0 0 0 0 0 0 0 0 0 0 0 0 0 0 0.020410005 0.013202045 0.016646353 0.01396777 0.015719121 0.007801845 0.014175815 0.011291791 0.009717847 0.010167853 0.010020791 0.010505137 0.009211952 0.010228668 0.010059895 0.009513995 0.010371665 0.007351556 0.010782628 0.005885679 0.00748134 0.003624109 0.004689702 0.003582809 0.005631033 0.004797716 0.004547221 0.003904135 0.004660578 0.004954373 0.003973242 0.005274684 0.007845215 0.005366318 0.007440696 0.007550604 0.008230269 0.007343121 0.007597234 0.008515266 0.007889382 0.007280178 0.009636782 0.009523756 0.011850731 0.011202669 0.011782006 0.011144566 0.014052222 0.010237599 0.013508706 0.013320393 0.013802841 0.014506646 0.014009455 0.012530318 0.014958038 0.013226267 0.012107064 0.015010263 0.014223779 0.014559187 0.015498997 0.017230389 0.015756911 0.019712715 0.017112522 0.017327688 0.018079012 0.017119796 0.019264122 0.017809038 0.01788855 0.019101915 0.019007847 0.020890534 0.020941503 0.022090931 0.021793899 0.022370599 0 0 0 0 0 0 0.025412394 0.03561826 0.032888084 0.033091711 0.035061918 0.040929757 0.055539076 0.038397427 0.034261895 0.049122725 0.077402927 -0.02271848 0.370084482 0.270214887 1.226982914 3.720819915 2.861853583
570.375 0 0 0 0 0 0 0 0 0 0 0 0 0 0.010527885 0.01207823 0.010458208 0.013494258 0.007822036 0.008769624 0.012231049 0.008408615 0.007954552 0.011265508 0.007358701 0.0083925 0.009464294 0.009921882 0.00305072 0.008356918 0.008858338 0.005503535 0.007627613 0.00604213 0.005945773 0.003436069 0.004378273 0.003642127 0.003549547 0.006601769 0.003194396 0.00366696 0.005608355 0.005156565 0.003426994 0.003444662 0.003658971 0.004234971 0.005505162 0.003346498 0.005114318 0.005704896 0.005814626 0.007897839 0.00733156 0.007758513 0.008409236 0.009666545 0.008391804 0.004656384 0.010876287 0.009110147 0.008783376 0.011892991 0.007511151 0.010136211 0.008204515 0.009324783 0.0094994 0.010124396 0.011651256 0.013120578 0.01090455 0.012235504 0.011168043 0.015256934 0.01302632 0.015530535 0.014051815 0.014441599 0.013416194 0.013862967 0.014441755 0.013041955 0.015075167 0.015774972 0.016165559 0.015119473 0.012726118 0.018779181 0.021290627 0.018049339 0.018525882 0.022522616 0.016775331 0 0 0 0 0 0 0.020744176 0.021073335 0.030327096 0.024749828 0.024571599 0.028575688 0.022496848 0.026128721 0.014243931 0.016240426 0.030202203 0.091180953 -0.07570646 -0.372431057 -2.31675041 -6.943829082 1.352171784
573.713 0 0 0 0 0 0 0 0 0 0 0 0 0.013465863 0.017847831 0.018812353 0.011566919 0.017741805 0.014150149 0.010947506 0.013389552 0.007960617 0.011735205 0.010569066 0.011276382 0.008416909 0.007049555 0.008963572 0.011068356 0.005433449 0.007905676 0.008320767 0.004365909 0.004587515 0.00570491 0.003614328 0.004544862 0.007893615 0.004127438 0.004802149 0.003372409 0.003580164 0.003763743 0.006212055 0.004225298 0.006089294 0.005711898 0.005387531 0.004441296 0.008030888 0.007567472 0.007146262 0.006825621 0.006962679 0.007415713 0.008351015 0.007901573 0.005771147 0.00948258 0.008722652 0.009293131 0.008046769 0.012445029 0.010289636 0.014216854 0.014177044 0.011737285 0.010351509 0.011846408 0.010441785 0.010227021 0.012651202 0.013610178 0.013102892 0.012925803 0.013586442 0.012381104 0.013477722 0.014421697 0.014542002 0.015826111 0.012657371 0.016504134 0.014651388 0.015630875 0.015426689 0.015805675 0.016309354 0.017408046 0.017960479 0.019384097 0.018827071 0.019998065 0.021878634 0 0 0 0 0 0 0.023680357 0.026335832 0.032120076 0.032100564 0.034615789 0.037704033 0.029351871 0.037817368 0.046432937 0.044829341 0.024256451 0.050042811 0.113969558 0.16353545 0.218055437 1.961951199 -1.337401773 5.787447087
577.05 0 0 0 0 0 0 0 0 0 0 0 0.012659192 0.006548869 0.009608046 0.015296988 0.013214999 0.012137958 0.013999712 0.013123671 0.008075964 0.011411585 0.008739473 0.008408758 0.008920499 0.00655236 0.006416743 0.007869087 0.009079527 0.007595741 0.006397609 0.005420465 0.004966992 0.006985025 0.002805083 0.005979207 0.003016156 0.005114168 0.004062591 0.002525146 0.004153779 0.004126267 0.004771667 0.004330524 0.002489894 0.003743862 0.002431442 0.003308587 0.005527965 0.004263031 0.005623182 0.003659683 0.00453129 0.006242181 0.004647014 0.008725506 0.005507261 0.005164823 0.007517323 0.006318114 0.004833309 0.007516114 0.008461827 0.00936467 0.010806635 0.008451095 0.009756144 0.008664547 0.008184639 0.00994275 0.010897353 0.009735457 0.011865157 0.010747356 0.011073179 0.010869857 0.012331941 0.014442387 0.011203889 0.012059092 0.01210761 0.013503831 0.013167007 0.013883119 0.013718341 0.013673068 0.014708849 0.01583995 0.01480809 0.013835166 0.017009973 0.018395961 0.017167503 0.017132727 0 0 0 0 0 0 0.019118649 0.026576229 0.023802649 0.023868505 0.029213352 0.031225636 0.027946024 0.022161726 0.027918211 0.033245454 0.019903906 0.004399676 -0.093238782 -0.203926801 0.097599981 0.252934711 -6.996028991 2.533082907
580.388 0 0 0 0 0 0 0 0 0 0 0.007118941 0.010804041 0.011278232 0.01457571 0.009678652 0.013363799 0.017202279 0.015331916 0.012597944 0.01305894 0.01029474 0.007369539 0.009837717 0.00792972 0.007876678 0.010509405 0.007484725 0.009295852 0.007128219 0.005951929 0.008727555 0.007249379 0.004587094 0.008853456 0.005881464 0.00453821 0.003935707 0.005832916 0.005662711 0.004201477 0.005346285 0.005283493 0.004519017 0.004484908 0.004419294 0.006448972 0.003501463 0.004971419 0.005895376 0.004634793 0.006109418 0.005900683 0.006807618 0.005771907 0.005611819 0.00781731 0.008291219 0.007250188 0.007938329 0.00687504 0.00614411 0.007105655 0.011048363 0.008607156 0.00646846 0.011329808 0.008954796 0.011762617 0.008303058 0.010002968 0.009784947 0.012049693 0.013097891 0.010360889 0.012555895 0.011898828 0.012593427 0.01131392 0.010746274 0.013099797 0.013129218 0.012369022 0.014352291 0.013981644 0.012871777 0.013560662 0.014074863 0.013850181 0.015272481 0.01537119 0.017528422 0.019412257 0 0 0 0 0 0 0.024085838 0.021187942 0.024139144 0.030994035 0.024300004 0.02424012 0.030511925 0.029321894 0.031907389 0.039922451 0.031423508 0.03234815 0.059391138 0.060352146 0.259618515 0.160396205 0.540176215 2.217301912 21.72111823
583.727 0 0 0 0 0 0 0 0 0 0.002139762 0.002502604 0.005481349 0.00887838 0.018543516 0.012987597 0.012242037 0.013997471 0.007810589 0.009087001 0.012694128 0.010105818 0.006743365 0.009949901 0.00776322 0.004922091 0.003445286 0.00880443 0.0038678 0.007104352 0.007441986 0.004664936 0.004250192 0.005575036 0.006524314 0.003584854 0.003800755 0.003341242 0.000353 0.003433134 0.004132486 0.004350536 0.002420598 0.004653289 0.003052947 0.004580193 0.004949478 0.002684144 0.004803235 0.003589305 0.003890433 0.00363936 0.004353997 0.005625202 0.004193721 0.00480604 0.008093034 0.006661975 0.00739428 0.008174878 0.00623071 0.007925494 0.007528537 0.004787541 0.007581308 0.007099567 0.006521592 0.009387173 0.008663162 0.007471398 0.008525173 0.01053697 0.010114832 0.011384938 0.008328173 0.012174834 0.011321465 0.012149799 0.011143133 0.011925362 0.011297276 0.012265358 0.012399016 0.01130394 0.009269113 0.012369484 0.011448387 0.01345573 0.013635236 0.015223526 0.014171466 0.014453399 0.016125447 0 0 0 0 0 0 0.017892408 0.016196568 0.018936012 0.022574208 0.021800515 0.026610049 0.02607379 0.031065061 0.020645583 0.040503814 0.006352514 0.030001983 0.054036052 0.023242054 0.12031806 0.166070639 -1.40234673 -2.280224236 -1.849603599
587.066 0 0 0 0 0 0 0 0 -0.00177103 -0.003007541 0.004800398 0.011175672 0.003161933 0.011852637 0.012990066 0.01026354 0.00945078 0.009511401 0.010907241 0.006429973 0.002487981 0.005095226 0.004470675 0.009153681 0.007720772 0.006002995 0.00623851 0.004691809 0.006202638 0.003884228 0.000936 0.004150682 0.003289252 0.004741268 0.003168272 0.003568004 0.004369085 0.0051071 0.00395725 0.00512791 0.002296879 0.004413647 0.002772771 0.004051367 0.002517844 0.002168029 0.004427153 0.003586203 0.004081246 0.00299951 0.002136967 0.003896378 0.004893629 0.005542533 0.003730421 0.005023731 0.003073666 0.008460965 0.002409137 0.007210943 0.005585722 0.006643128 0.007262344 0.006332101 0.006285913 0.005886345 0.00715677 0.00679746 0.009084364 0.00903394 0.006764804 0.007798278 0.010835487 0.008813719 0.010613736 0.010380888 0.008525471 0.011884388 0.008625566 0.010555944 0.011034126 0.0096148 0.010303615 0.010828112 0.012756736 0.011611994 0.014691234 0.012880933 0.011699448 0.013465411 0.012991811 0 0 0 0 0 0 0.015693343 0.015540467 0.016549818 0.016375299 0.019291229 0.015990082 0.0179253 0.032584406 0.013163546 0.026451151 0.01738272 0.018814284 0.023181566 0.074323808 -0.00304299 -0.100020374 -0.32849626 -0.18111942 3.089051483 -21.49749227
590.406 0 0 0 0 0 0 0.007547328 0.002066284 0.00067 0.003029987 0.006538152 0.008212853 0.004386265 0.01564538 0.009373674 0.007822039 0.0134369 0.009780112 0.007011022 0.009742163 0.00848395 0.011965633 0.006703128 0.01233071 0.005381354 0.00696754 0.006673383 0.008415358 0.007637304 0.004796442 0.004502147 0.002692014 0.006833664 0.002040992 0.008203831 0.004574783 0.004637542 0.002436143 0.003932629 0.001613836 0.003160489 0.002349172 0.004051564 0.004358121 0.006012106 0.004187889 0.003727746 0.002158388 0.003626982 0.004750219 0.004715162 0.005403148 0.004427851 0.00502503 0.006883486 0.00794818 0.004411096 0.006638893 0.006083799 0.007914281 0.007462968 0.009481918 0.008892909 0.005724747 0.00907291 0.008438272 0.007697009 0.007470938 0.006808996 0.006716039 0.008345082 0.011498184 0.00799562 0.008486445 0.008246564 0.010146565 0.009970852 0.009699518 0.011232391 0.011553475 0.01017787 0.010557209 0.011565804 0.010713007 0.012343923 0.010765772 0.012520111 0.0127574 0.011732439 0.012797824 0.014512017 0 0 0 0 0 0 0.019562155 0.017760127 0.016897192 0.02172317 0.024801794 0.026189197 0.021945388 0.029154949 0.027683467 0.021299888 0.015784095 0.030139144 0.039509526 0.054145401 0.060348442 0.155856109 0.489359633 -0.401972127 -0.473917366 17.9797683
593.746 0 0 0 0 0 0.002686053 0.004760127 0.005327822 0.00067 0.004150928 0.010426851 0.01076569 0.00844833 0.007988585 0.01210614 0.009360833 0.006064435 0.011079596 0.014992128 0.005077552 0.009828543 0.009168989 0.005733524 0.00734951 0.002438113 0.003643163 0.004612438 0.007054866 0.004827487 0.004068665 0.003381875 0.003214648 0.002883218 0.004312277 0.00263295 0.00413234 0.003266384 0.005061297 0.001979975 0.002752468 0.00338833 0.003290051 0.005753473 0.002844375 0.006008919 0.003406318 0.003695379 0.002184759 0.004656904 0.005784595 0.005402946 0.003893908 0.004913901 0.003839438 0.004606802 0.002603892 0.004923983 0.00552797 0.005353372 0.006896675 0.004498734 0.007403159 0.005749973 0.004926514 0.009486174 0.008108336 0.006275425 0.005329831 0.005227528 0.006555221 0.008129433 0.006946065 0.007004209 0.010669179 0.008527876 0.007969353 0.010881461 0.009855275 0.009959964 0.010759659 0.008872015 0.01022606 0.009555222 0.011187786 0.008929038 0.009807909 0.010705937 0.011755264 0.010083108 0.011377884 0 0 0 0 0 0 0.011916739 0.013259828 0.01504954 0.01669104 0.012066592 0.013186532 0.022720236 0.020482612 0.023731113 0.011946609 0.029710125 0.01653721 0.01927125 0.022415394 0.015495739 -0.003263689 -0.101535655 -0.176505359 -0.39184859 -1.579465937 -21.71064013
597.086 0 0 0 0 0.00405439 0.001724341 0.002640322 0.00747408 0.00999547 0.010142803 0.005364172 0.00898298 0.007704491 0.010415399 0.011634777 0.009068006 0.014569808 0.006982874 0.011549857 0.008423681 0.005273953 0.008476314 0.007709476 0.009550261 0.00588531 0.006431974 0.006789224 0.006028677 0.007304259 0.008207201 0.004688399 0.00731378 0.008455312 0.003648698 0.004476742 0.004828165 0.002172766 0.002624219 0.003401123 0.003908985 0.004423054 0.003121584 0.003053192 0.004109307 0.003235785 0.00387936 0.001724439 0.004312496 0.003694446 0.000833 0.003497054 0.004947029 0.003752508 0.007809409 0.005454944 0.005240096 0.005663343 0.006501059 0.006101243 0.009789967 0.007593273 0.007099457 0.007989951 0.007449704 0.007300081 0.008257654 0.009334616 0.00760072 0.007680101 0.010250221 0.008636335 0.008953946 0.010066014 0.009344145 0.008739138 0.010323423 0.010766926 0.010351139 0.008241617 0.010780303 0.009297918 0.009452449 0.011324967 0.009755529 0.011295224 0.012590496 0.009024758 0.009430126 0.010167681 0.013019918 0 0 0 0 0 0 0.016633807 0.017139955 0.022418036 0.015380961 0.022709224 0.022306278 0.021165813 0.022880274 0.033496825 0.028915957 0.023043321 0.035054784 0.029017495 0.043656097 0.053269447 0.08959903 0.188654549 0.627703924 1.278508697 9.273345013 12.45318634
600.427 0 0 0 0.002892174 -0.003601514 0.00025 -0.00194831 0.001658937 -0.011064681 -0.000226 0.001742702 0.002753249 0.0043231 -0.001997301 0.004450969 -0.000375 -0.000914 0.001769922 0.002929122 0.008046005 -9.54e-07 0.003126433 0.00210551 0.001589603 0.001246377 0.005596526 0.002424061 0.000611 0.001996421 -0.000792 0.002708191 0.003388963 0.002091738 0.000521 7.85e-05 0.002820678 0.003876425 0.002958921 0.000878 0.002817071 0.003109968 0.002623034 0.002788387 0.001537089 0.001912594 0.002000271 0.00217007 0.002068996 0.003319345 0.001521653 0.002641163 0.001593407 0.001601994 0.003114805 0.002842913 0.003444875 0.004798731 0.001288728 0.003680268 0.00259977 0.003193037 0.004064355 0.004635521 0.004692722 0.006470719 0.006636659 0.004654356 0.007322874 0.006341394 0.005124361 0.00646076 0.006154204 0.007674811 0.003587203 0.007802121 0.008646409 0.006229835 0.005250907 0.005763455 0.007903846 0.006360895 0.005957671 0.007686435 0.009589692 0.008815086 0.006881121 0.008815221 0.006316684 0.010945219 0 0 0 0 0 0 0.013268733 0.010450659 0.011794167 0.011790785 0.007346617 0.011317018 0.013036038 0.011874845 0.006517781 0.01651646 0.006491653 -0.000908 0.00968916 -0.009731517 0.009651014 0.000449 -0.047989172 -0.176692294 -0.506455907 -2.473338843 -6.721416366 -34.81861052
603.768 0 0 0.006953759 -0.006986285 -0.00441947 -0.002528232 -0.003695422 0.001197398 -0.003033548 0.004527384 0.009239714 0.009849486 0.005612001 0.005842838 0.011539298 0.0058826 0.009775645 0.008592131 0.007663583 0.006944748 0.007375403 0.003949775 0.00760066 0.00774798 0.007155825 0.001883636 0.000773 0.003089192 0.003207962 0.000449 0.00339067 0.007184848 0.003852618 0.005358816 0.002475463 0.002600586 0.000305 0.002317224 0.000954 0.001684721 0.002009503 0.00250132 0.002556763 0.00149796 0.002956852 0.004107843 0.003676653 0.003613957 0.005075389 0.00230666 0.003917976 0.004106883 0.003157115 0.004792108 0.002797499 0.003952635 0.004924891 0.003983985 0.004082115 0.007224046 0.004272402 0.004668538 0.005852489 0.00386417 0.007055488 0.00695827 0.00600213 0.006770093 0.004632633 0.00776911 0.005027684 0.008515001 0.007025736 0.007547534 0.008603498 0.008240626 0.007005224 0.009128337 0.00681779 0.008915169 0.00873974 0.00881104 0.009426217 0.010003743 0.010124319 0.011148702 0.005965978 0.009140173 0.008249442 0 0 0 0 0 0 0.011796193 0.01042507 0.008642804 0.013734098 0.011878605 0.01185221 0.019405112 0.018639583 0.01745377 0.021919295 0.021571406 0.016541972 0.022547697 0.02887786 0.047324275 -0.01534989 0.003374341 -0.059663561 -0.282527324 0.588909812 2.569175285 0.496698189
607.109 0 0.008406944 -0.006716139 -0.00108232 -0.003921887 0.002286383 0.001730456 0.005056058 -0.001638771 -0.001360924 0.000885 0.009252526 0.007107965 0.007495507 0.00294821 0.01087383 0.011681439 0.005938387 0.007003666 0.006640365 0.00626069 0.007785631 0.002901981 0.006465009 0.003662963 0.00473608 0.005443107 0.004598462 0.003461036 0.007656114 0.005825576 0.002606478 0.006488493 0.002874916 0.002575687 0.00413293 0.001619825 0.002855585 0.002061239 0.003796768 0.002434011 0.00387163 0.003199833 0.003512177 0.002610224 0.003016682 0.004334782 0.00339144 0.004410122 0.002318871 0.005112382 0.005423583 0.002709629 0.004217639 0.004407545 0.003974938 0.005846852 0.00504966 0.00437713 0.003206918 0.00677699 0.006287891 0.004073774 0.005826105 0.006486904 0.006236515 0.005707633 0.005460371 0.007140825 0.005971825 0.006639317 0.008857681 0.007943655 0.009266999 0.008071644 0.006998047 0.007539361 0.00753983 0.009209802 0.008962018 0.009003673 0.008857872 0.007732707 0.008878184 0.005943287 0.011714238 0.007389801 0.009811163 0 0 0 0 0 0 0.015481369 0.012356449 0.013606411 0.01317836 0.007992024 0.014363197 0.007107648 0.016721967 0.014631095 0.016107959 0.019073738 0.028650377 0.013819397 0.024471451 0.026588545 0.023176527 0.04933597 0.068111291 -0.014967644 0.118846849 1.257532916 2.897401069 20.01603677
610.451 0.004835363 0.005270766 0.004808067 0.010643353 0.004752344 0.007441937 -0.004495913 0.005106613 0.010878904 0.002992442 0.001117518 0.004788438 0.014135969 0.009415339 0.015688336 0.009247857 0.014982269 0.008724714 0.003006941 0.00653682 0.007821979 0.004494406 0.008336224 0.00534389 0.006269731 0.00478698 0.00497443 0.005647851 0.007604499 0.005655065 0.005215049 0.003702266 0.00479493 0.004904972 0.003057872 0.00255824 0.003902581 0.003187992 0.004103568 0.001239316 0.003559029 0.002741882 0.001218523 0.003432648 0.003672059 0.004429128 0.002296229 0.001789371 0.003671328 0.00234239 0.005501137 0.005478265 0.002733824 0.005847716 0.005294988 0.004970645 0.004586595 0.004568843 0.006627418 0.007524962 0.002314353 0.005874048 0.005757368 0.005972357 0.005241815 0.007831482 0.005188258 0.008872959 0.004860211 0.004330876 0.007315492 0.006465529 0.007730598 0.00700158 0.00648045 0.005914689 0.008479414 0.008190992 0.008147202 0.008330051 0.009167193 0.008275932 0.009569956 0.008410651 0.010773304 0.010555547 0.0083439 0.010271346 0 0 0 0 0 0 0.015396165 0.011468891 0.015527859 0.017391442 0.016790451 0.017519694 0.016676848 0.018760002 0.015296388 0.015685663 0.024241412 0.028149827 0.015341233 0.031495974 0.021780571 0.040369385 0.035332214 -0.010575586 -0.098535284 1.033680106 1.249656556 4.974139025 13.8337106
613.792 0.005985671 -0.004059686 0.005590751 0.001346954 0.006010816 0.002285932 0.003459775 0.004333697 0.009832184 0.004318659 0.009068848 0.001719418 -0.000203 0.001821193 0.004128495 0.008583721 0.005562335 0.005038215 0.00490153 0.004087161 0.001482383 0.003174795 0.001679695 0.011901023 0.00126303 0.001757653 0.003109541 0.004347652 0.003099687 0.000678 0.004725562 0.001464828 0.001063478 0.004586024 0.000529 0.003457917 0.003398309 0.003532216 0.003368434 0.002159465 0.002382104 0.001106533 0.003094826 0.000781 0.002790048 0.001315792 0.00227507 0.003638565 0.001728247 0.005067351 0.004107499 0.002023721 0.002942616 0.004667721 0.001444805 0.002782548 0.005030021 0.005308755 0.003738751 0.005375894 0.003339696 0.006661233 0.005522281 0.007503504 0.003804243 0.00522527 0.00538162 0.002611223 0.004269113 0.004746444 0.006563502 0.0067734 0.005737777 0.006125748 0.006413426 0.006927114 0.006187645 0.005050476 0.005140538 0.005876714 0.006316898 0.008783612 0.007504729 0.007699359 0.007571085 0.008678894 0.009128517 0 0 0 0 0 0 0.008267253 0.012223037 0.010108794 0.008707916 0.013477271 0.014138488 0.01641531 0.005435077 0.012541125 0.013347773 0.009208773 0.020391943 0.012402525 0.00903545 0.020220438 -0.004082672 0.006301756 0.014134541 0.066932301 0.053634133 0.368593865 0.179984506 -4.7477972 -8.597987973
617.135 -0.001233859 -0.002665579 0.001997536 0.001656535 0.001067463 -0.002337385 0.003031021 0.003197636 0.000951 0.001395194 0.002484981 0.006597002 0.003847439 0.008277419 0.000401 -0.000194 0.000378 0.005331093 0.010911092 0.006088977 0.002861257 0.000157 0.002496731 0.002700727 0.003167339 -0.001249874 0.005030463 0.000631 0.005609734 0.002096453 0.000791 0.001494573 0.003859877 0.000639 0.003356188 0.002322096 0.002918395 0.000844 0.003019558 -0.000897 0.002485981 0.002106642 0.001018381 0.001595693 0.003406296 0.001275808 0.002254223 0.001076826 0.000438 0.003158853 0.004709022 0.004713695 0.002057486 0.002846782 0.004967758 0.004544384 0.002078646 0.002758133 0.003541099 0.005396099 0.002340212 0.002974748 0.001573514 0.000723 0.006627587 0.006802143 0.004330651 0.00460838 0.003647742 0.005083899 0.004778445 0.004790609 0.004733197 0.007155539 0.003528328 0.005908863 0.005667711 0.005304777 0.006783679 0.006517805 0.006453819 0.00595702 0.006660754 0.00706356 0.009566031 0.007401431 0.005861383 0 0 0 0 0 0 0.010810689 0.007255361 0.012748521 0.00556478 0.009183868 0.010711331 0.007625925 0.012385684 0.014474823 0.011800648 0.007644358 0.020489899 0.013846426 0.006335914 0.015666898 0.006015411 0.023785699 0.016251706 0.062353543 0.145769507 -0.288831559 0.308499018 -0.202534264 8.396877938
