NaN 600 596.73 593.46 590.19 586.92 583.65 580.38 577.11 573.84 570.57 567.3 564.03 560.76 557.49 554.22 550.95 547.68 544.41 541.14 537.87 534.6 531.33 528.06 524.79 521.52 518.25 514.98 511.71 508.44 505.17 501.9 498.63 495.36 492.09 488.82 485.55 482.28 479.01 475.74 472.47 469.2 465.93 462.66 459.39 456.12 452.85 449.58 446.31 443.04 439.77 436.5 433.23 429.96 426.69 423.42 420.15 416.88 413.61 410.34 407.07 403.8 400.53 397.26 393.99 390.72 387.45 384.18 380.91 377.64 374.37 371.1 367.83 364.56 361.29 358.02 354.75 351.48 348.21 344.94 341.67 338.4 335.13 331.86 328.59 325.32 322.05 318.78 315.51 312.24 308.97 305.7 302.43 299.16 295.89 292.62 289.35 286.08 282.81 279.54 276.27 273 269.73 266.46 263.19 259.92 256.65 253.38 250.11 246.84 243.57 240.3 237.03 233.76 230.49 227.22 223.95 220.68
NaN NaN NaN NaN NaN NaN NaN NaN NaN NaN NaN NaN NaN NaN NaN NaN NaN NaN NaN NaN NaN NaN NaN NaN NaN NaN NaN NaN NaN NaN NaN NaN NaN NaN NaN NaN NaN NaN NaN NaN NaN NaN NaN NaN NaN NaN NaN NaN NaN NaN NaN NaN NaN NaN NaN NaN NaN NaN NaN NaN NaN NaN NaN NaN NaN NaN NaN NaN NaN NaN NaN NaN NaN NaN NaN NaN NaN NaN NaN NaN NaN NaN NaN NaN NaN NaN NaN NaN NaN NaN NaN NaN NaN NaN NaN NaN NaN NaN NaN NaN NaN NaN NaN NaN NaN NaN NaN NaN NaN NaN NaN NaN NaN NaN NaN NaN NaN NaN
NaN NaN NaN NaN NaN NaN NaN NaN NaN NaN NaN NaN NaN NaN NaN NaN NaN NaN NaN NaN NaN NaN NaN NaN NaN NaN NaN NaN NaN NaN NaN NaN NaN NaN NaN NaN NaN NaN NaN NaN NaN NaN NaN NaN NaN NaN NaN NaN NaN NaN NaN NaN NaN NaN NaN NaN NaN NaN NaN NaN NaN NaN NaN NaN NaN NaN NaN NaN NaN NaN NaN NaN NaN NaN NaN NaN NaN NaN NaN NaN NaN NaN NaN NaN NaN NaN NaN NaN NaN NaN NaN NaN NaN NaN NaN NaN NaN NaN NaN NaN NaN NaN NaN NaN NaN NaN NaN NaN NaN NaN NaN NaN NaN NaN NaN NaN NaN NaN
210.901 0 0 0 0 0 0 0 0 0 0 0 0 0 0 0 0 0 0 0 0 0 0 0 0 0 0 0 0 0 0 0 0 0 0 0 0 0 0 0 0 0 0 0 0 0 0 0 0 0 0 0 0 0 0 0 0 0 0 0 0 0 0 0 0 0 0 0 0 0 0 0 0 0 0 0 0 0 0 0 0 0 0 0 0 0 0 0 0 0 0 0 0 0 0 0 0 0 0 0 0 0 0 0 0 0 0 0 0 0 0 0 0 0 0 0 0 0
214.065 0 0 0 0 0 0 0 0 0 0 0 0 0 0 0 0 0 0 0 0 0 0 0 0 0 0 0 0 0 0 0 0 0 0 0 0 0 0 0 0 0 0 0 0 0 0 0 0 0 0 0 0 0 0 0 0 0 0 0 0 0 0 0 0 0 0 0 0 0 0 0 0 0 0 0 0 0 0 0 0 0 0 0 0 0 0 0 0 0 0 0 0 0 0 0 0 0 0 0 0 0 0 0 0 0 0 0 0 0 0 0 0 0 0 0 0 0
217.232 0 0 0 0 0 0 0 0 0 0 0 0 0 0 0 0 0 0 0 0 0 0 0 0 0 0 0 0 0 0 0 0 0 0 0 0 0 0 0 0 0 0 0 0 0 0 0 0 0 0 0 0 0 0 0 0 0 0 0 0 0 0 0 0 0 0 0 0 0 0 0 0 0 0 0 0 0 0 0 0 0 0 0 0 0 0 0 0 0 0 0 0 0 0 0 0 0 0 0 0 0 0 0 0 0 0 0 0 0 0 0 0 0 0 0 0 0
220.402 0 0 0 0 0 0 0 0 0 0 0 0 0 0 0 0 0 0 0 0 0 0 0 0 0 0 0 0 0 0 0 0 0 0 0 0 0 0 0 0 0 0 0 0 0 0 0 0 0 0 0 0 0 0 0 0 0 0 0 0 0 0 0 0 0 0 0 0 0 0 0 0 0 0 0 0 0 0 0 0 0 0 0 0 0 0 0 0 0 0 0 0 0 0 0 0 0 0 0 0 0 0 0 0 0 0 0 0 0 0 0 0 0 0 0 0 0
223.574 0 0 0 0 0 0 0 0 0 0 0 0 0 0 0 0 0 0 0 0 0 0 0 0 0 0 0 0 0 0 0 0 0 0 0 0 0 0 0 0 0 0 0 0 0 0 0 0 0 0 0 0 0 0 0 0 0 0 0 0 0 0 0 0 0 0 0 0 0 0 0 0 0 0 0 0 0 0 0 0 0 0 0 0 0 0 0 0 0 0 0 0 0 0 0 0 0 0 0 0 0 0 0 0 0 0 0 0 0 0 0 0 0 0 0 0 0
226.748 0 0 0 0 0 0 0 0 0 0 0 0 0 0 0 0 0 0 0 0 0 0 0 0 0 0 0 0 0 0 0 0 0 0 0 0 0 0 0 0 0 0 0 0 0 0 0 0 0 0 0 0 0 0 0 0 0 0 0 0 0 0 0 0 0 0 0 0 0 0 0 0 0 0 0 0 0 0 0 0 0 0 0 0 0 0 0 0 0 0 0 0 0 0 0 0 0 0 0 0 0 0 0 0 0 0 0 0 0 0 0 0 0 0 0 0 0
229.925 0 0 0 0 0 0 0 0 0 0 0 0 0 0 0 0 0 0 0 0 0 0 0 0 0 0 0 0 0 0 0 0 0 0 0 0 0 0 0 0 0 0 0 0 0 0 0 0 0 0 0 0 0 0 0 0 0 0 0 0 0 0 0 0 0 0 0 0 0 0 0 0 0 0 0 0 0 0 0 0 0 0 0 0 0 0 0 0 0 0 0 0 0 0 0 0 0 0 0 0 0 0 0 0 0 0 0 0 0 0 0 0 0 0 0 0 0
233.104 0 0 0 0 0 0 0 0 0 0 0 0 0 0 0 0 0 0 0 0 0 0 0 0 0 0 0 0 0 0 0 0 0 0 0 0 0 0 0 0 0 0 0 0 0 0 0 0 0 0 0 0 0 0 0 0 0 0 0 0 0 0 0 0 0 0 0 0 0 0 0 0 0 0 0 0 0 0 0 0 0 0 0 0 0 0 0 0 0 0 0 0 0 0 0 0 0 0 0 0 0 0 0 0 0 0 0 0 0 0 0 0 0 0 0 0 1.732854205
236.285 0 0 0 0 0 0 0 0 0 0 0 0 0 0 0 0 0 0 0 0 0 0 0 0 0 0 0 0 0 0 0 0 0 0 0 0 0 0 0 0 0 0 0 0 0 0 0 0 0 0 0 0 0 0 0 0 0 0 0 0 0 0 0 0 0 0 0 0 0 0 0 0 0 0 0 0 0 0 0 0 0 0 0 0 0 0 0 0 0 0 0 0 0 0 0 0 0 0 0 0 0 0 0 0 0 0 0 0 0 0 0 0 0 0 0 5.722925993 19.0458453
239.469 0 0 0 0 0 0 0 0 0 0 0 0 0 0 0 0 0 0 0 0 0 0 0 0 0 0 0 0 0 0 0 0 0 0 0 0 0 0 0 0 0 0 0 0 0 0 0 0 0 0 0 0 0 0 0 0 0 0 0 0 0 0 0 0 0 0 0 0 0 0 0 0 0 0 0 0 0 0 0 0 0 0 0 0 0 0 0 0 0 0 0 0 0 0 0 0 0 0 0 0 0 0 0 0 0 0 0 0 0 0 0 0 0 0 0.20191599 1.904333286 2.312839609
242.655 0 0 0 0 0 0 0 0 0 0 0 0 0 0 0 0 0 0 0 0 0 0 0 0 0 0 0 0 0 0 0 0 0 0 0 0 0 0 0 0 0 0 0 0 0 0 0 0 0 0 0 0 0 0 0 0 0 0 0 0 0 0 0 0 0 0 0 0 0 0 0 0 0 0 0 0 0 0 0 0 0 0 0 0 0 0 0 0 0 0 0 0 0 0 0 0 0 0 0 0 0 0 0 0 0 0 0 0 0 0 0 0 0 0.126970759 2.0438602 -1.552799124 -0.248160665
245.844 0 0 0 0 0 0 0 0 0 0 0 0 0 0 0 0 0 0 0 0 0 0 0 0 0 0 0 0 0 0 0 0 0 0 0 0 0 0 0 0 0 0 0 0 0 0 0 0 0 0 0 0 0 0 0 0 0 0 0 0 0 0 0 0 0 0 0 0 0 0 0 0 0 0 0 0 0 0 0 0 0 0 0 0 0 0 0 0 0 0 0 0 0 0 0 0 0 0 0 0 0 0 0 0 0 0 0 0 0 0 0 0 -0.036770142 0.102571714 -0.006830056 0 2.824385745
249.035 0 0 0 0 0 0 0 0 0 0 0 0 0 0 0 0 0 0 0 0 0 0 0 0 0 0 0 0 0 0 0 0 0 0 0 0 0 0 0 0 0 0 0 0 0 0 0 0 0 0 0 0 0 0 0 0 0 0 0 0 0 0 0 0 0 0 0 0 0 0 0 0 0 0 0 0 0 0 0 0 0 0 0 0 0 0 0 0 0 0 0 0 0 0 0 0 0 0 0 0 0 0 0 0 0 0 0 0 0 0 0 -0.056587057 -0.183320339 0.065779816 0.641787362 2.145525639 -10.10447612
252.228 0 0 0 0 0 0 0 0 0 0 0 0 0 0 0 0 0 0 0 0 0 0 0 0 0 0 0 0 0 0 0 0 0 0 0 0 0 0 0 0 0 0 0 0 0 0 0 0 0 0 0 0 0 0 0 0 0 0 0 0 0 0 0 0 0 0 0 0 0 0 0 0 0 0 0 0 0 0 0 0 0 0 0 0 0 0 0 0 0 0 0 0 0 0 0 0 0 0 0 0 0 0 0 0 0 0 0 0 0 0 -0.04293152 -0.021845146 -0.091023941 -0.240866677 -1.684688868 -7.644437032 -23.32032622
255.423 0 0 0 0 0 0 0 0 0 0 0 0 0 0 0 0 0 0 0 0 0 0 0 0 0 0 0 0 0 0 0 0 0 0 0 0 0 0 0 0 0 0 0 0 0 0 0 0 0 0 0 0 0 0 0 0 0 0 0 0 0 0 0 0 0 0 0 0 0 0 0 0 0 0 0 0 0 0 0 0 0 0 0 0 0 0 0 0 0 0 0 0 0 0 0 0 0 0 0 0 0 0 0 0 0 0 0 0 0 -0.016054238 0.031906005 6.49e-05 -0.115425699 -0.207531698 0.037958936 0.507150073 6.755423052
258.621 0 0 0 0 0 0 0 0 0 0 0 0 0 0 0 0 0 0 0 0 0 0 0 0 0 0 0 0 0 0 0 0 0 0 0 0 0 0 0 0 0 0 0 0 0 0 0 0 0 0 0 0 0 0 0 0 0 0 0 0 0 0 0 0 0 0 0 0 0 0 0 0 0 0 0 0 0 0 0 0 0 0 0 0 0 0 0 0 0 0 0 0 0 0 0 0 0 0 0 0 0 0 0 0 0 0 0 0 -0.016220798 -0.02334193 -0.004109313 -0.044096394 -0.074789234 0.109040286 0.401949314 -1.185393564 0.021796348
261.821 0 0 0 0 0 0 0 0 0 0 0 0 0 0 0 0 0 0 0 0 0 0 0 0 0 0 0 0 0 0 0 0 0 0 0 0 0 0 0 0 0 0 0 0 0 0 0 0 0 0 0 0 0 0 0 0 0 0 0 0 0 0 0 0 0 0 0 0 0 0 0 0 0 0 0 0 0 0 0 0 0 0 0 0 0 0 0 0 0 0 0 0 0 0 0 0 0 0 0 0 0 0 0 0 0 0 0 -0.007140412 -0.005684055 -0.006437741 0.043467369 -0.126389207 0.094630087 0.099497007 0.607386659 2.286757972 -4.25277255
265.023 0 0 0 0 0 0 0 0 0 0 0 0 0 0 0 0 0 0 0 0 0 0 0 0 0 0 0 0 0 0 0 0 0 0 0 0 0 0 0 0 0 0 0 0 0 0 0 0 0 0 0 0 0 0 0 0 0 0 0 0 0 0 0 0 0 0 0 0 0 0 0 0 0 0 0 0 0 0 0 0 0 0 0 0 0 0 0 0 0 0 0 0 0 0 0 0 0 0 0 0 0 0 0 0 0 0 0.011890921 0.017844773 0.018753551 -0.002654673 0.018220994 0.046939101 -0.006017636 0.262368517 0.492336771 0.974763739 10.23993969
268.228 0 0 0 0 0 0 0 0 0 0 0 0 0 0 0 0 0 0 0 0 0 0 0 0 0 0 0 0 0 0 0 0 0 0 0 0 0 0 0 0 0 0 0 0 0 0 0 0 0 0 0 0 0 0 0 0 0 0 0 0 0 0 0 0 0 0 0 0 0 0 0 0 0 0 0 0 0 0 0 0 0 0 0 0 0 0 0 0 0 0 0 0 0 0 0 0 0 0 0 0 0 0 0 0 0 -0.0011253 0.006972442 -0.011502666 0.021654708 -0.031595881 -0.027443444 0.000321 0.012176452 0.076140521 -1.741589702 0.488525832 -1.901137094
271.434 0 0 0 0 0 0 0 0 0 0 0 0 0 0 0 0 0 0 0 0 0 0 0 0 0 0 0 0 0 0 0 0 0 0 0 0 0 0 0 0 0 0 0 0 0 0 0 0 0 0 0 0 0 0 0 0 0 0 0 0 0 0 0 0 0 0 0 0 0 0 0 0 0 0 0 0 0 0 0 0 0 0 0 0 0 0 0 0 0 0 0 0 0 0 0 0 0 0 0 0 0 0 0 0 -0.00069 -0.009613217 0.014633319 -0.02286899 -0.017045013 -0.009134894 0.024075336 -0.059060543 -0.032467669 0.162851942 -0.049874907 -3.636788623 -10.2841457
274.643 0 0 0 0 0 0 0 0 0 0 0 0 0 0 0 0 0 0 0 0 0 0 0 0 0 0 0 0 0 0 0 0 0 0 0 0 0 0 0 0 0 0 0 0 0 0 0 0 0 0 0 0 0 0 0 0 0 0 0 0 0 0 0 0 0 0 0 0 0 0 0 0 0 0 0 0 0 0 0 0 0 0 0 0 0 0 0 0 0 0 0 0 0 0 0 0 0 0 0 0 0 0 0 0.006490179 0.009992558 0.014437142 0.007801713 -0.011976476 0.031614368 0.014267979 -0.011946714 0.12958379 0.138585349 0.307160692 1.680680026 6.629678794 39.72000545
277.854 0 0 0 0 0 0 0 0 0 0 0 0 0 0 0 0 0 0 0 0 0 0 0 0 0 0 0 0 0 0 0 0 0 0 0 0 0 0 0 0 0 0 0 0 0 0 0 0 0 0 0 0 0 0 0 0 0 0 0 0 0 0 0 0 0 0 0 0 0 0 0 0 0 0 0 0 0 0 0 0 0 0 0 0 0 0 0 0 0 0 0 0 0 0 0 0 0 0 0 0 0 0 -0.00743273 -0.003143394 -0.003650458 -0.016311804 0.008354385 -0.021065459 -0.012665559 -0.043872831 -0.028771236 -0.082505314 -0.08523055 -0.558993361 -0.872786277 -1.98811964 -12.25741228
281.068 0 0 0 0 0 0 0 0 0 0 0 0 0 0 0 0 0 0 0 0 0 0 0 0 0 0 0 0 0 0 0 0 0 0 0 0 0 0 0 0 0 0 0 0 0 0 0 0 0 0 0 0 0 0 0 0 0 0 0 0 0 0 0 0 0 0 0 0 0 0 0 0 0 0 0 0 0 0 0 0 0 0 0 0 0 0 0 0 0 0 0 0 0 0 0 0 0 0 0 0 0 -0.001499747 0.006494483 0.003854264 -0.001522237 0.005056143 -0.024876458 0.003269054 0.008777623 -0.006071089 0.050793165 0.079750379 0.141327322 0.283421983 0.132780487 -3.087070649 2.706755698
284.283 0 0 0 0 0 0 0 0 0 0 0 0 0 0 0 0 0 0 0 0 0 0 0 0 0 0 0 0 0 0 0 0 0 0 0 0 0 0 0 0 0 0 0 0 0 0 0 0 0 0 0 0 0 0 0 0 0 0 0 0 0 0 0 0 0 0 0 0 0 0 0 0 0 0 0 0 0 0 0 0 0 0 0 0 0 0 0 0 0 0 0 0 0 0 0 0 0 0 0 0 0.004050067 0.002842209 -7.39e-05 -0.009534678 0.016049181 -0.014798715 -0.000504 -0.005050505 0.003602659 0.024787595 0.063392885 0.056050291 0.041597733 0.328276225 0.83884348 4.979085493 -6.221766627
287.501 0 0 0 0 0 0 0 0 0 0 0 0 0 0 0 0 0 0 0 0 0 0 0 0 0 0 0 0 0 0 0 0 0 0 0 0 0 0 0 0 0 0 0 0 0 0 0 0 0 0 0 0 0 0 0 0 0 0 0 0 0 0 0 0 0 0 0 0 0 0 0 0 0 0 0 0 0 0 0 0 0 0 0 0 0 0 0 0 0 0 0 0 0 0 0 0 0 0 0 -0.001322566 0.00418085 -0.005938402 0.006912388 0.006722666 -0.003563021 -0.00722435 -0.010901362 -0.00190362 0.002862506 0.000215 0.006376682 -0.023232671 -0.125196436 0.303006694 0.242154055 2.059912795 4.944564233
290.72 0 0 0 0 0 0 0 0 0 0 0 0 0 0 0 0 0 0 0 0 0 0 0 0 0 0 0 0 0 0 0 0 0 0 0 0 0 0 0 0 0 0 0 0 0 0 0 0 0 0 0 0 0 0 0 0 0 0 0 0 0 0 0 0 0 0 0 0 0 0 0 0 0 0 0 0 0 0 0 0 0 0 0 0 0 0 0 0 0 0 0 0 0 0 0 0 0 0 0.010120014 0.012409665 0.011206568 0.008541794 0.01178267 -0.000666 -0.001910828 0.00373524 -0.000232 0.003656374 0.000803 0.001098925 0.048883817 0.005840512 0.173018035 0.033665364 -0.251157911 -2.118625651 5.099892771
293.942 0 0 0 0 0 0 0 0 0 0 0 0 0 0 0 0 0 0 0 0 0 0 0 0 0 0 0 0 0 0 0 0 0 0 0 0 0 0 0 0 0 0 0 0 0 0 0 0 0 0 0 0 0 0 0 0 0 0 0 0 0 0 0 0 0 0 0 0 0 0 0 0 0 0 0 0 0 0 0 0 0 0 0 0 0 0 0 0 0 0 0 0 0 0 0 0 0 0.012252506 0.011193107 0.007085578 0.008852235 0.01241297 0.004504845 -0.001796069 0.003434922 0.005161885 0.008261223 0.001634496 -0.001822296 -0.008726965 0.059403296 -0.005546244 -0.035245605 -0.292366234 -0.24361801 0.034888464 -3.237154233
297.166 0 0 0 0 0 0 0 0 0 0 0 0 0 0 0 0 0 0 0 0 0 0 0 0 0 0 0 0 0 0 0 0 0 0 0 0 0 0 0 0 0 0 0 0 0 0 0 0 0 0 0 0 0 0 0 0 0 0 0 0 0 0 0 0 0 0 0 0 0 0 0 0 0 0 0 0 0 0 0 0 0 0 0 0 0 0 0 0 0 0 0 0 0 0 0 0 0.006290187 0.01113753 0.016003931 0.01037224 0.012466735 -0.004287603 -0.000488 0.004333271 0.007746784 0.007250734 -0.000265 0.013348545 0.01880561 0.005079924 -0.025013435 0.045605528 -0.04819318 0.347014091 -0.391855538 -0.940433854 1.157481457
300.392 0 0 0 0 0 0 0 0 0 0 0 0 0 0 0 0 0 0 0 0 0 0 0 0 0 0 0 0 0 0 0 0 0 0 0 0 0 0 0 0 0 0 0 0 0 0 0 0 0 0 0 0 0 0 0 0 0 0 0 0 0 0 0 0 0 0 0 0 0 0 0 0 0 0 0 0 0 0 0 0 0 0 0 0 0 0 0 0 0 0 0 0 0 0 0 0.008320266 0.012885984 0.016462228 0.018486766 0.020275897 0.018005356 0.002930089 0.013606298 0.018676256 0.014017903 0.001676163 0.016465048 0.023579824 0.03525769 0.044013044 0.031522668 0.12247806 0.107851416 0.249705259 0.731755397 5.727414809 30.65520749
303.62 0 0 0 0 0 0 0 0 0 0 0 0 0 0 0 0 0 0 0 0 0 0 0 0 0 0 0 0 0 0 0 0 0 0 0 0 0 0 0 0 0 0 0 0 0 0 0 0 0 0 0 0 0 0 0 0 0 0 0 0 0 0 0 0 0 0 0 0 0 0 0 0 0 0 0 0 0 0 0 0 0 0 0 0 0 0 0 0 0 0 0 0 0 0 0.002618281 0.005103895 0.008280433 0.016051599 0.022354186 0.016196157 0.000594 0.001406603 0.008898614 0.00967502 0.017100212 0.011801952 0.004328007 0.009491952 0.023326593 0.008277302 0.044503323 -0.015754173 -0.027240059 0.400935056 0.820969929 1.010011571 7.072559542
306.85 0 0 0 0 0 0 0 0 0 0 0 0 0 0 0 0 0 0 0 0 0 0 0 0 0 0 0 0 0 0 0 0 0 0 0 0 0 0 0 0 0 0 0 0 0 0 0 0 0 0 0 0 0 0 0 0 0 0 0 0 0 0 0 0 0 0 0 0 0 0 0 0 0 0 0 0 0 0 0 0 0 0 0 0 0 0 0 0 0 0 0 0 0 -0.000335 -0.003049654 0.006821108 0.009516882 0.013608486 0.016286194 0.010694871 0.010551703 0.006963313 0.010131221 0.010618207 0.01005448 0.006300088 0.006246676 0.010926936 0.006165499 0.020739311 0.025257604 -0.002285618 0.114124654 0.411419706 0.047079413 -3.307326377 12.35807341
310.082 0 0 0 0 0 0 0 0 0 0 0 0 0 0 0 0 0 0 0 0 0 0 0 0 0 0 0 0 0 0 0 0 0 0 0 0 0 0 0 0 0 0 0 0 0 0 0 0 0 0 0 0 0 0 0 0 0 0 0 0 0 0 0 0 0 0 0 0 0 0 0 0 0 0 0 0 0 0 0 0 0 0 0 0 0 0 0 0 0 0 0 0 -0.001403625 0.001605323 0.00355294 0.00482506 0.009479525 0.017765953 0.009969777 0.007975689 0.006867707 0.009895643 0.006841151 0.002805436 0.00769305 0.007847205 0.002446119 0.022634976 0.032630208 0.010979911 0.030522541 -0.081668722 -0.016380929 -0.257515839 -0.656098915 -0.741422643 -29.91062843
313.316 0 0 0 0 0 0 0 0 0 0 0 0 0 0 0 0 0 0 0 0 0 0 0 0 0 0 0 0 0 0 0 0 0 0 0 0 0 0 0 0 0 0 0 0 0 0 0 0 0 0 0 0 0 0 0 0 0 0 0 0 0 0 0 0 0 0 0 0 0 0 0 0 0 0 0 0 0 0 0 0 0 0 0 0 0 0 0 0 0 0 0 0.001056373 0.00272725 0.000462 0.000395 0.003291356 0.017132889 0.01566808 0.007433063 0.008830526 0.010541301 0.009759963 0.011617077 0.01067063 0.005898405 0.007589213 0.019627817 0.017415718 0.025636164 0.030710474 0.01497294 0.072641091 0.175329037 0.359111831 1.771340066 2.327279146 8.618181118
316.553 0 0 0 0 0 0 0 0 0 0 0 0 0 0 0 0 0 0 0 0 0 0 0 0 0 0 0 0 0 0 0 0 0 0 0 0 0 0 0 0 0 0 0 0 0 0 0 0 0 0 0 0 0 0 0 0 0 0 0 0 0 0 0 0 0 0 0 0 0 0 0 0 0 0 0 0 0 0 0 0 0 0 0 0 0 0 0 0 0 0 0.002836619 0.003276026 0.001388994 0.001541717 0.003159995 0.011765119 0.006280287 0.018227406 0.014891478 0.0180895 0.018604831 0.015130876 0.010901961 0.014742292 0.011545657 0.020811923 0.012490978 0.024994029 0.020438324 0.003218444 0.009797394 -0.011115045 0.177665326 0.1383257 1.16960612 4.832775632 10.79873763
319.791 0 0 0 0 0 0 0 0 0 0 0 0 0 0 0 0 0 0 0 0 0 0 0 0 0 0 0 0 0 0 0 0 0 0 0 0 0 0 0 0 0 0 0 0 0 0 0 0 0 0 0 0 0 0 0 0 0 0 0 0 0 0 0 0 0 0 0 0 0 0 0 0 0 0 0 0 0 0 0 0 0 0 0 0 0 0 0 0 0 0.0012366 0.003405432 0.001649093 -0.000661 0.00021 0.004198791 0.007570359 0.002558548 0.009808093 0.013244363 0.009346261 0.014947398 0.009908282 0.013890524 0.011544637 0.009185282 0.016210865 0.01293576 0.024696172 0.012456391 0.027279911 0.021733519 0.081959756 0.013056731 0.371593879 1.069990578 -0.508123394 3.085432327
323.031 0 0 0 0 0 0 0 0 0 0 0 0 0 0 0 0 0 0 0 0 0 0 0 0 0 0 0 0 0 0 0 0 0 0 0 0 0 0 0 0 0 0 0 0 0 0 0 0 0 0 0 0 0 0 0 0 0 0 0 0 0 0 0 0 0 0 0 0 0 0 0 0 0 0 0 0 0 0 0 0 0 0 0 0 0 0 0 0 0.001551281 0.004726905 0.004543847 0.00396181 0.003196262 8.35e-05 0.007410342 0.004175065 0.006868178 0.012955293 0.00980141 0.010510889 0.007795884 0.008018261 0.011868008 0.010853532 0.007759882 0.018181448 0.001759348 0.02062595 0.021006016 0.01568647 0.006836768 0.006339616 0.163964158 0.223296541 -0.047883441 1.563252841 2.559659405
326.273 0 0 0 0 0 0 0 0 0 0 0 0 0 0 0 0 0 0 0 0 0 0 0 0 0 0 0 0 0 0 0 0 0 0 0 0 0 0 0 0 0 0 0 0 0 0 0 0 0 0 0 0 0 0 0 0 0 0 0 0 0 0 0 0 0 0 0 0 0 0 0 0 0 0 0 0 0 0 0 0 0 0 0 0 0 0 0 0.003988281 0.002453642 0.004124868 0.003663908 0.005103923 0.004237636 0.000361 0.001022224 0.004987618 0.011504116 0.016366719 0.017754853 0.011589716 0.012667463 0.014800138 0.007555652 0.019271504 0.013045045 0.019696372 0.019694658 0.041085568 0.022974686 0.042122625 0.020944703 0.116619443 0.17463765 0.2536817 1.695913165 5.957408119 22.86908152
329.517 0 0 0 0 0 0 0 0 0 0 0 0 0 0 0 0 0 0 0 0 0 0 0 0 0 0 0 0 0 0 0 0 0 0 0 0 0 0 0 0 0 0 0 0 0 0 0 0 0 0 0 0 0 0 0 0 0 0 0 0 0 0 0 0 0 0 0 0 0 0 0 0 0 0 0 0 0 0 0 0 0 0 0 0 0 0 0.004881258 0.003911551 0.005625813 0.003878733 0.003566779 0.007859176 0.004895151 0.005609917 0.000438 0.007820716 0.010286564 0.013943428 0.013895577 0.011004041 0.013821072 0.01184096 0.015344866 0.011116668 0.006424922 0.017384005 0.023845017 0.020545533 0.022822348 0.018656699 0.059074579 0.091028689 0.087829705 0.572608841 1.122670585 1.613309916 15.17685573
332.763 0 0 0 0 0 0 0 0 0 0 0 0 0 0 0 0 0 0 0 0 0 0 0 0 0 0 0 0 0 0 0 0 0 0 0 0 0 0 0 0 0 0 0 0 0 0 0 0 0 0 0 0 0 0 0 0 0 0 0 0 0 0 0 0 0 0 0 0 0 0 0 0 0 0 0 0 0 0 0 0 0 0 0 0 0 0.00103468 0.000925 0.002852723 0.004403844 0.00443207 0.002318406 0.002985978 -0.00113015 -0.002017378 0.003563826 0.007120002 0.011986129 0.0105405 0.00994993 0.007509804 0.010868667 0.014672348 0.010767152 0.010748884 0.015813181 0.004575728 0.004827691 0.032195185 0.023748303 0.006898539 0.028653852 0.076717508 0.094752176 -0.213558872 0.856775341 3.820465583 -7.138308135
336.011 0 0 0 0 0 0 0 0 0 0 0 0 0 0 0 0 0 0 0 0 0 0 0 0 0 0 0 0 0 0 0 0 0 0 0 0 0 0 0 0 0 0 0 0 0 0 0 0 0 0 0 0 0 0 0 0 0 0 0 0 0 0 0 0 0 0 0 0 0 0 0 0 0 0 0 0 0 0 0 0 0 0 0 0 -0.000667 0.000739 0.002712193 0.003896324 0.00279107 0.001941657 0.00559719 0.005523797 0.004699199 0.002117751 0.004372454 0.008803368 0.006822245 0.01456532 0.009090317 0.01017918 0.009950935 0.008114375 0.008969976 0.007972736 0.010597342 0.004908049 0.013226337 0.020292415 0.036384716 0.012428365 -0.004656571 0.063515996 -0.205478087 0.135175865 0.428987978 -3.762275151 0.717726016
339.261 0 0 0 0 0 0 0 0 0 0 0 0 0 0 0 0 0 0 0 0 0 0 0 0 0 0 0 0 0 0 0 0 0 0 0 0 0 0 0 0 0 0 0 0 0 0 0 0 0 0 0 0 0 0 0 0 0 0 0 0 0 0 0 0 0 0 0 0 0 0 0 0 0 0 0 0 0 0 0 0 0 0 0 0.000134 0.001803879 0.000589 0.00372363 0.00238462 0.004021814 0.007832311 0.002300353 -0.002906475 0.006461727 0.006703427 0.006652074 0.007917655 0.009367695 0.012442561 0.012644169 0.007197133 0.00976803 0.013694293 0.009882195 0.02024785 0.008271328 0.024864045 0.011532372 0.009467888 0.01208189 -0.014742191 0.000752 -0.008264705 0.082219611 -0.283376017 -0.300280852 5.979498247 16.69293265
342.512 0 0 0 0 0 0 0 0 0 0 0 0 0 0 0 0 0 0 0 0 0 0 0 0 0 0 0 0 0 0 0 0 0 0 0 0 0 0 0 0 0 0 0 0 0 0 0 0 0 0 0 0 0 0 0 0 0 0 0 0 0 0 0 0 0 0 0 0 0 0 0 0 0 0 0 0 0 0 0 0 0 0 -0.001482154 -0.002396675 -0.001910148 -0.001374459 0.003269231 0.003352843 0.003033083 0.003617157 0.00326392 0.002456039 0.003418026 0.004749804 0.00709138 0.010180745 0.008550723 0.011285692 0.005419511 0.005562076 0.00195731 0.008552927 -0.001305577 0.001336063 0.002738432 0.002542293 0.00022 0.002988052 -0.002624751 -0.002831333 0.002686975 -0.100609359 -0.136401503 -0.80878186 -2.381961295 -7.140569575 -18.06757802
345.766 0 0 0 0 0 0 0 0 0 0 0 0 0 0 0 0 0 0 0 0 0 0 0 0 0 0 0 0 0 0 0 0 0 0 0 0 0 0 0 0 0 0 0 0 0 0 0 0 0 0 0 0 0 0 0 0 0 0 0 0 0 0 0 0 0 0 0 0 0 0 0 0 0 0 0 0 0 0 0 0 0 -0.001323089 0.002753188 0.002693755 0.002932723 0.004406891 0.004793776 0.004907809 0.009515199 0.007481403 0.006023572 0.008182879 0.009790599 0.010366262 0.009254896 0.011283971 0.011078112 0.014892165 0.010856647 0.007449128 0.015735649 0.01930826 0.005615059 0.009633875 0.007776973 0.02310043 0.003191963 0.012337553 0.023473576 0.022226448 -0.034251869 -0.024046579 0.014978801 -0.185171023 0.021609299 -0.165719087 -6.863386655
349.021 0 0 0 0 0 0 0 0 0 0 0 0 0 0 0 0 0 0 0 0 0 0 0 0 0 0 0 0 0 0 0 0 0 0 0 0 0 0 0 0 0 0 0 0 0 0 0 0 0 0 0 0 0 0 0 0 0 0 0 0 0 0 0 0 0 0 0 0 0 0 0 0 0 0 0 0 0 0 0 0 0.002667931 0.001771422 0.003484809 0.006113427 0.006553554 0.00632328 0.006768623 0.010518597 0.00736236 0.00686164 0.010203818 0.010130529 0.012226335 0.012220464 0.011188633 0.008811793 0.013215209 0.016325139 0.012519891 0.017093483 0.006570304 0.01447014 0.015762011 0.01500385 0.011467471 0.024103736 0.020067146 0.024143365 0.037288314 0.044767683 0.039733301 -0.008604263 -0.01393195 0.738219775 0.236992506 1.042341155 21.64612848
352.278 0 0 0 0 0 0 0 0 0 0 0 0 0 0 0 0 0 0 0 0 0 0 0 0 0 0 0 0 0 0 0 0 0 0 0 0 0 0 0 0 0 0 0 0 0 0 0 0 0 0 0 0 0 0 0 0 0 0 0 0 0 0 0 0 0 0 0 0 0 0 0 0 0 0 0 0 0 0 0 0.000812 0.001021586 0.003741104 0.004759556 0.006817084 0.007135588 0.008796864 0.008022684 0.004614324 0.010771186 0.009057867 0.007871533 0.008918542 0.009230971 0.012766012 0.010430526 0.012006647 0.015375102 0.019854075 0.010435004 0.01099871 0.012943781 0.01820627 0.02254332 0.012358687 0.023335145 0.013445295 0.022262066 0.00366177 0.028137812 0.025332849 0.04312815 0.073175733 -0.039057224 0.217934403 1.124086375 -2.54730747 22.09167669
355.537 0 0 0 0 0 0 0 0 0 0 0 0 0 0 0 0 0 0 0 0 0 0 0 0 0 0 0 0 0 0 0 0 0 0 0 0 0 0 0 0 0 0 0 0 0 0 0 0 0 0 0 0 0 0 0 0 0 0 0 0 0 0 0 0 0 0 0 0 0 0 0 0 0 0 0 0 0 0 0.000196 0.003411553 0.003173728 0.005480095 0.005694229 0.005431054 0.006001874 0.006411866 0.007383947 0.005368059 0.008401081 0.009532488 0.011574954 0.015245238 0.0120551 0.011079201 0.00981622 0.010298455 0.013289949 0.015049702 0.012317693 0.013106252 0.00818899 0.016724448 0.010254588 0.017162802 0.00785536 0.018403473 0.035569868 0.006034515 0.014476857 0.010673049 0.032368343 0.064282902 0.030847943 0.328921907 -1.73860751 1.822953669 4.799554953
358.798 0 0 0 0 0 0 0 0 0 0 0 0 0 0 0 0 0 0 0 0 0 0 0 0 0 0 0 0 0 0 0 0 0 0 0 0 0 0 0 0 0 0 0 0 0 0 0 0 0 0 0 0 0 0 0 0 0 0 0 0 0 0 0 0 0 0 0 0 0 0 0 0 0 0 0 0 0 0.00265757 0.002804385 0.004139799 0.005023598 0.008028403 0.007364092 0.00805479 0.006434148 0.013064455 0.010559163 0.006140562 0.010975344 0.015491587 0.013663134 0.014845095 0.015414692 0.014798663 0.012936349 0.017103879 0.017219442 0.014504273 0.018660571 0.017001543 0.017881058 0.019363299 0.023380279 0.018177632 0.023313264 0.024504791 0.012780365 0.0177976 0.01921336 0.044629959 0.051521827 0.054365826 0.222498699 -0.290829203 1.032599405 -3.024381507 10.56753253
362.061 0 0 0 0 0 0 0 0 0 0 0 0 0 0 0 0 0 0 0 0 0 0 0 0 0 0 0 0 0 0 0 0 0 0 0 0 0 0 0 0 0 0 0 0 0 0 0 0 0 0 0 0 0 0 0 0 0 0 0 0 0 0 0 0 0 0 0 0 0 0 0 0 0 0 0 0 0.002904965 0.001030352 0.002973036 0.003975942 0.004514068 0.004888441 0.007888361 0.008894193 0.007242866 0.01162661 0.006892106 0.01081171 0.010814544 0.01447408 0.013433561 0.014030727 0.012120172 0.016665815 0.013638894 0.016565354 0.019114332 0.016834464 0.016767011 0.017183038 0.013410474 0.016208996 0.023137574 0.013656706 0.016907726 0.030014917 0.031786819 0.026205259 0.033914119 -0.018473162 0.010395537 0.096222303 -0.142996231 0.2401659 0.22626035 -3.433032185 -5.218250055
365.325 0 0 0 0 0 0 0 0 0 0 0 0 0 0 0 0 0 0 0 0 0 0 0 0 0 0 0 0 0 0 0 0 0 0 0 0 0 0 0 0 0 0 0 0 0 0 0 0 0 0 0 0 0 0 0 0 0 0 0 0 0 0 0 0 0 0 0 0 0 0 0 0 0 0 0 0.0027275 0.005150861 0.00583505 0.003899252 0.007650201 0.007666167 0.009541896 0.010172429 0.01146298 0.012894121 0.011996383 0.014003715 0.014810814 0.014445147 0.015944197 0.018346782 0.019614396 0.020290964 0.017421957 0.019393734 0.016187095 0.02122777 0.018398567 0.019299279 0.019655433 0.019814294 0.028053076 0.030788247 0.021857407 0.024369989 0.031706207 0.042124302 0.025176133 0.031747814 0.051345167 0.101698445 0.1309616 0.198180136 0.227295469 1.503007964 5.380966589 18.2476118
368.591 0 0 0 0 0 0 0 0 0 0 0 0 0 0 0 0 0 0 0 0 0 0 0 0 0 0 0 0 0 0 0 0 0 0 0 0 0 0 0 0 0 0 0 0 0 0 0 0 0 0 0 0 0 0 0 0 0 0 0 0 0 0 0 0 0 0 0 0 0 0 0 0 0 0 0.002199075 0.004554988 0.004328002 0.00585053 0.00607679 0.008374646 0.007261798 0.008347055 0.009348216 0.006786741 0.008096052 0.008455342 0.01166487 0.013542734 0.012432988 0.016264066 0.015648389 0.0181955 0.016445583 0.017578062 0.017062122 0.018182603 0.017167301 0.016843084 0.018867951 0.018248804 0.020485681 0.029038027 0.012826912 0.021343472 0.026671298 0.029133738 0.035295441 0.018050623 0.043936099 0.045524317 0.109791776 0.082704064 0.16764521 0.648640352 0.17247951 0.885135144 -17.15139468
371.859 0 0 0 0 0 0 0 0 0 0 0 0 0 0 0 0 0 0 0 0 0 0 0 0 0 0 0 0 0 0 0 0 0 0 0 0 0 0 0 0 0 0 0 0 0 0 0 0 0 0 0 0 0 0 0 0 0 0 0 0 0 0 0 0 0 0 0 0 0 0 0 0 0 0.001651271 0.004901288 0.001336909 0.001470139 0.004257287 0.004127668 0.007057482 0.005141631 0.012028872 0.011504724 0.010967301 0.007610098 0.012392732 0.011951175 0.011561069 0.014078296 0.012806483 0.017874014 0.014593475 0.017004353 0.01870249 0.02018208 0.014440937 0.018013638 0.015714975 0.01224633 0.017018608 0.013575713 0.020261517 0.021162456 0.023099043 0.012600444 0.021682626 0.023370994 0.035420244 -0.0038647 -0.015105963 -0.008989066 -0.005281203 -0.0011922 -0.058316614 -0.753967372 -3.710153024 0.761201535
375.128 0 0 0 0 0 0 0 0 0 0 0 0 0 0 0 0 0 0 0 0 0 0 0 0 0 0 0 0 0 0 0 0 0 0 0 0 0 0 0 0 0 0 0 0 0 0 0 0 0 0 0 0 0 0 0 0 0 0 0 0 0 0 0 0 0 0 0 0 0 0 0 0 0.002921317 -0.000577 0.003778736 0.002116716 0.004003017 0.00609455 0.005830042 0.006800646 0.010535739 0.012127702 0.008120408 0.010022852 0.009437151 0.013687418 0.014905728 0.014151461 0.016822101 0.018581987 0.015074087 0.022064332 0.016755217 0.020937455 0.019223427 0.021725345 0.015135157 0.01738475 0.018497189 0.017266589 0.018352326 0.029676439 0.022493515 0.02825975 0.036196232 0.025973727 0.026221268 0.04640542 0.039405429 0.038792274 0.012404634 0.000696 -0.019540377 -0.275694713 -0.053130663 1.155156462 -11.33430307
378.399 0 0 0 0 0 0 0 0 0 0 0 0 0 0 0 0 0 0 0 0 0 0 0 0 0 0 0 0 0 0 0 0 0 0 0 0 0 0 0 0 0 0 0 0 0 0 0 0 0 0 0 0 0 0 0 0 0 0 0 0 0 0 0 0 0 0 0 0 0 0 0 0.002608651 0.002301132 0.002909528 0.004282573 0.004304973 0.007607068 0.007796921 0.008094871 0.010957255 0.009543215 0.007525415 0.010750994 0.010725083 0.013724165 0.014625614 0.017042469 0.018870704 0.018424112 0.018299432 0.020295073 0.02017007 0.021383083 0.021686666 0.022647962 0.01801623 0.020297644 0.021323581 0.020464556 0.018807481 0.018472519 0.030579596 0.027115196 0.025055583 0.028663325 0.035243716 0.035499026 0.046843283 0.051565391 0.041905679 -0.012491147 -0.013302946 0.024397599 0.480392784 -0.521900333 1.97994588 14.86665945
381.672 0 0 0 0 0 0 0 0 0 0 0 0 0 0 0 0 0 0 0 0 0 0 0 0 0 0 0 0 0 0 0 0 0 0 0 0 0 0 0 0 0 0 0 0 0 0 0 0 0 0 0 0 0 0 0 0 0 0 0 0 0 0 0 0 0 0 0 0 0 0 0.001913794 0.002603302 0.002082328 0.001842031 0.004065996 0.006862225 0.007250068 0.007369711 0.006277218 0.010403042 0.005176158 0.01213502 0.010839347 0.016417854 0.015754048 0.017051695 0.017099746 0.017285183 0.01910515 0.020815181 0.019793464 0.019068687 0.021453589 0.021652983 0.020138594 0.019432919 0.023555383 0.020853543 0.022997399 0.016615819 0.02633734 0.023130024 0.024597908 0.02807625 0.027983128 0.028473701 0.050039684 0.017411858 0.02755935 0.002920593 0.021821659 0.099901289 0.217125384 -0.091778969 -0.010801111 -2.299177421 -6.571981639
384.947 0 0 0 0 0 0 0 0 0 0 0 0 0 0 0 0 0 0 0 0 0 0 0 0 0 0 0 0 0 0 0 0 0 0 0 0 0 0 0 0 0 0 0 0 0 0 0 0 0 0 0 0 0 0 0 0 0 0 0 0 0 0 0 0 0 0 0 0 0 0.00207045 0.003429185 0.003594626 0.003563316 0.002889493 0.005367765 0.006412313 0.005700639 0.008698203 0.012964611 0.011754138 0.008083786 0.012090213 0.014486443 0.011869974 0.018886074 0.014931039 0.018517495 0.02003095 0.019087559 0.022149559 0.022487869 0.019837482 0.022852407 0.023126454 0.021708007 0.019927522 0.02263986 0.021601791 0.023512262 0.022256644 0.018146395 0.020546955 0.029629683 0.025971012 0.038226994 0.023875057 0.028792405 0.031871011 0.018601006 0.032956711 0.007797139 -0.01271636 -0.115230795 -0.207451148 0.113131143 2.156554246 2.101057692
388.223 0 0 0 0 0 0 0 0 0 0 0 0 0 0 0 0 0 0 0 0 0 0 0 0 0 0 0 0 0 0 0 0 0 0 0 0 0 0 0 0 0 0 0 0 0 0 0 0 0 0 0 0 0 0 0 0 0 0 0 0 0 0 0 0 0 0 0 0 0.001191093 0.003657979 0.00274739 0.00249143 0.002825914 0.005091456 0.006485447 0.009415503 0.009379989 0.006894115 0.010420478 0.007183878 0.010758272 0.013135857 0.01599628 0.015039149 0.015506827 0.017585284 0.018489815 0.017779703 0.018983224 0.022100222 0.018836959 0.020972293 0.022217341 0.023623426 0.021929435 0.024587847 0.020340017 0.017541796 0.016168727 0.021859046 0.024131832 0.027188045 0.026413597 0.027354479 0.026940745 0.027328373 0.033994304 0.034542887 0.009030838 0.016832576 0.014418296 -0.03479095 -0.081582695 -0.010346757 -1.210272823 -0.625999146 -8.197311182
391.5 0 0 0 0 0 0 0 0 0 0 0 0 0 0 0 0 0 0 0 0 0 0 0 0 0 0 0 0 0 0 0 0 0 0 0 0 0 0 0 0 0 0 0 0 0 0 0 0 0 0 0 0 0 0 0 0 0 0 0 0 0 0 0 0 0 0 0 0.002148781 0.002403591 0.00114914 0.002339411 0.004955931 0.004500018 0.006022237 0.008258516 0.007566439 0.010339042 0.010001488 0.011283825 0.008438067 0.01462391 0.016753059 0.015977338 0.015931124 0.018869875 0.017099496 0.017247284 0.01911487 0.022293787 0.023702776 0.023919463 0.025650512 0.027489616 0.021118356 0.022709431 0.024589438 0.024779747 0.025031033 0.025784253 0.024223536 0.023094823 0.023422934 0.027340446 0.031928638 0.029173987 0.035090178 0.038648913 0.040669973 0.033578139 0.047087964 -0.043441693 0.00054 0.008741716 -0.179344066 -0.108361258 -3.046232064 -4.361669404
394.78 0 0 0 0 0 0 0 0 0 0 0 0 0 0 0 0 0 0 0 0 0 0 0 0 0 0 0 0 0 0 0 0 0 0 0 0 0 0 0 0 0 0 0 0 0 0 0 0 0 0 0 0 0 0 0 0 0 0 0 0 0 0 0 0 0 0 0.000235 0.000736 0.00217457 0.002213937 0.006553435 0.004167011 0.004681743 0.006943858 0.008754697 0.009861222 0.009095453 0.011984988 0.013103278 0.012184257 0.014814253 0.017008486 0.017095993 0.017090482 0.019074253 0.019834844 0.018128723 0.019679809 0.022179366 0.022270716 0.020459188 0.022246682 0.022662464 0.023057187 0.023563899 0.019716242 0.026927463 0.021987496 0.02858292 0.01804736 0.021414027 0.02761365 0.02053106 0.04057448 0.025983307 0.025972651 0.025724762 0.035955127 0.027366077 0.008339863 0.01017674 0.030982937 -0.171911985 -0.208027539 -1.163729766 -3.063470095 5.673865446
398.061 0 0 0 0 0 0 0 0 0 0 0 0 0 0 0 0 0 0 0 0 0 0 0 0 0 0 0 0 0 0 0 0 0 0 0 0 0 0 0 0 0 0 0 0 0 0 0 0 0 0 0 0 0 0 0 0 0 0 0 0 0 0 0 0 0 0.003034001 0.003914957 0.003644611 0.003650423 0.004940292 0.006128982 0.006931106 0.00680309 0.008410996 0.009654458 0.012783228 0.014172562 0.010612859 0.012713044 0.015007033 0.015511192 0.018101705 0.017803452 0.017687051 0.018702037 0.021229198 0.022638363 0.022406604 0.023265852 0.022098207 0.0249441 0.027438336 0.027029057 0.021880569 0.026813028 0.02738399 0.026483269 0.028322345 0.024282055 0.028435683 0.024619941 0.027076919 0.031125353 0.039828937 0.040139871 0.032747813 0.050139868 0.046743908 0.04970407 0.03731732 0.100053916 0.036693576 0.14628745 0.383163905 0.129989091 6.543572693 7.569542489
401.343 0 0 0 0 0 0 0 0 0 0 0 0 0 0 0 0 0 0 0 0 0 0 0 0 0 0 0 0 0 0 0 0 0 0 0 0 0 0 0 0 0 0 0 0 0 0 0 0 0 0 0 0 0 0 0 0 0 0 0 0 0 0 0 0 0.000791 0.001616283 0.002456479 0.003097799 0.006790342 0.003907006 0.00544 0.006242063 0.007263891 0.008114467 0.01172362 0.010306869 0.012065204 0.009159122 0.015240281 0.016335362 0.017051224 0.015274542 0.016771164 0.01812509 0.019967457 0.0183793 0.021587777 0.0219049 0.021422267 0.02815636 0.022103052 0.025296958 0.025194475 0.02533087 0.023656236 0.027185628 0.02383972 0.028810484 0.024603541 0.021688096 0.026802722 0.027815012 0.034496728 0.032340914 0.033120241 0.043585546 0.040550506 0.031276123 0.034158284 0.079975131 0.045573317 0.091713899 -0.059628261 0.453051945 0.656550261 2.79414314 -5.411372752
404.627 0 0 0 0 0 0 0 0 0 0 0 0 0 0 0 0 0 0 0 0 0 0 0 0 0 0 0 0 0 0 0 0 0 0 0 0 0 0 0 0 0 0 0 0 0 0 0 0 0 0 0 0 0 0 0 0 0 0 0 0 0 0 0 0.002736571 0.00322173 0.003445662 0.005112051 0.006315834 0.006482354 0.008059852 0.008228267 0.006081996 0.008845062 0.010995972 0.011363461 0.011886942 0.012206592 0.015970901 0.01776874 0.017180375 0.018759397 0.01876037 0.020963399 0.020683799 0.022318942 0.021588441 0.023155145 0.02731389 0.027368292 0.028129247 0.028681471 0.026286913 0.027754334 0.025828687 0.026925691 0.028989443 0.029765556 0.025043938 0.032615734 0.032215255 0.031421028 0.031689191 0.036444926 0.03817767 0.04722678 0.042002247 0.052424615 0.057012224 0.066968451 0.084179503 0.080511014 0.036882808 0.156416864 0.453230805 0.028853489 3.954518118 38.39541793
407.912 0 0 0 0 0 0 0 0 0 0 0 0 0 0 0 0 0 0 0 0 0 0 0 0 0 0 0 0 0 0 0 0 0 0 0 0 0 0 0 0 0 0 0 0 0 0 0 0 0 0 0 0 0 0 0 0 0 0 0 0 0 0 -0.004648836 -0.002228468 -0.002187017 -0.002815311 -0.002355693 0.000142 0.000704 0.001660266 0.003416412 0.00383512 0.00622191 0.006590215 0.006881455 0.008403212 0.013814934 0.012373418 0.01253881 0.01411988 0.015263972 0.01607077 0.017446145 0.017118203 0.017959244 0.017460083 0.020380127 0.018898978 0.02189355 0.02089258 0.024093003 0.022994037 0.025728924 0.020842356 0.020831669 0.021334091 0.02130311 0.021958456 0.021998366 0.017135332 0.015840996 0.019432974 0.02126295 0.022503599 0.011574088 0.010876765 0.011642585 0.001847054 -0.005064232 0.007992422 -0.103703838 -0.092150523 -0.362851801 -1.285798771 -1.265934364 -11.7990115 -35.82779676
411.2 0 0 0 0 0 0 0 0 0 0 0 0 0 0 0 0 0 0 0 0 0 0 0 0 0 0 0 0 0 0 0 0 0 0 0 0 0 0 0 0 0 0 0 0 0 0 0 0 0 0 0 0 0 0 0 0 0 0 0 0 0 0.001676289 0.001537116 0.005042583 0.001774533 0.004958777 0.005892608 0.003029592 0.007677622 0.009141736 0.009022043 0.011149241 0.012283674 0.011899343 0.01025409 0.011905046 0.01660661 0.015624253 0.016940062 0.017507411 0.01912956 0.021312347 0.020178565 0.021634958 0.019961249 0.02224785 0.024669017 0.024914018 0.026304688 0.024782335 0.0266108 0.026434867 0.027154539 0.029468861 0.026744242 0.026032204 0.029584312 0.026315769 0.029800541 0.02699952 0.032699225 0.034194916 0.039182333 0.037226666 0.041132619 0.040900336 0.041758996 0.037083845 0.039972075 0.035967255 0.099640783 0.029888976 0.187970369 0.781635964 0.269532023 -0.395541045 7.87767063
414.488 0 0 0 0 0 0 0 0 0 0 0 0 0 0 0 0 0 0 0 0 0 0 0 0 0 0 0 0 0 0 0 0 0 0 0 0 0 0 0 0 0 0 0 0 0 0 0 0 0 0 0 0 0 0 0 0 0 0 0 0 0.001439523 0.002403904 0.002240867 0.003981255 0.004509176 0.006030225 0.006270439 0.007822768 0.007814488 0.00757289 0.008547993 0.013228277 0.013572229 0.013792856 0.012826697 0.014379074 0.016395592 0.019501263 0.019305078 0.018364445 0.01927936 0.020796103 0.022941176 0.021511481 0.023513498 0.023535399 0.026519356 0.025636438 0.026791506 0.027454026 0.028678953 0.028854253 0.02691222 0.027264711 0.02844924 0.028429617 0.027887531 0.02844266 0.024863706 0.025595743 0.029459912 0.030621706 0.029820428 0.037646802 0.048240384 0.043239072 0.053866627 0.046306385 0.030094588 0.032282531 0.085258915 0.090950421 0.124623586 0.355603664 0.832077791 6.586064637 20.55224657
417.778 0 0 0 0 0 0 0 0 0 0 0 0 0 0 0 0 0 0 0 0 0 0 0 0 0 0 0 0 0 0 0 0 0 0 0 0 0 0 0 0 0 0 0 0 0 0 0 0 0 0 0 0 0 0 0 0 0 0 0 0.000992 0.000419 0.001799329 0.001183911 0.002465075 0.001130872 0.002789319 0.004191395 0.00433514 0.004391895 0.006929357 0.008315031 0.009032146 0.008625278 0.009907313 0.010558019 0.012675793 0.014174113 0.015876143 0.017224077 0.018531288 0.01817578 0.018309483 0.018848513 0.017991043 0.019774732 0.02194245 0.018198549 0.021694015 0.025053397 0.023793674 0.021949069 0.025552618 0.022966981 0.020940737 0.02168217 0.022822281 0.020524291 0.020768981 0.021042571 0.025069829 0.024500902 0.029781396 0.025158141 0.034859597 0.034474816 0.03391105 0.033010288 0.025643603 0.013197746 0.038122739 0.065310018 -0.057839339 0.020518901 -0.281343498 -0.03299856 -2.282066689 -4.645929309
421.069 0 0 0 0 0 0 0 0 0 0 0 0 0 0 0 0 0 0 0 0 0 0 0 0 0 0 0 0 0 0 0 0 0 0 0 0 0 0 0 0 0 0 0 0 0 0 0 0 0 0 0 0 0 0 0 0 0 0 -0.002116208 0.002604712 0.000416 -7.94e-05 -0.001394774 -0.000225 0.000225 0.003778634 0.001690726 0.005245956 0.005486764 0.00640076 0.00774388 0.010291706 0.007238267 0.008552223 0.011881058 0.012303506 0.013420342 0.013209578 0.01484293 0.015629206 0.018494335 0.016093749 0.018661378 0.018351417 0.016149211 0.01875399 0.020709138 0.019176631 0.018450739 0.022427414 0.021980085 0.023054166 0.025711884 0.025651899 0.020867405 0.022705108 0.021953312 0.021460634 0.023831901 0.02657405 0.023007861 0.023116324 0.027109684 0.027370573 0.030182725 0.028262336 0.027761268 0.022708683 0.013073129 -0.011063755 0.026244528 -0.04798119 -0.025998831 -0.509047286 -0.173332697 -4.549337188 -47.52182919
424.362 0 0 0 0 0 0 0 0 0 0 0 0 0 0 0 0 0 0 0 0 0 0 0 0 0 0 0 0 0 0 0 0 0 0 0 0 0 0 0 0 0 0 0 0 0 0 0 0 0 0 0 0 0 0 0 0 0 0.003355382 0.004754978 0.003231307 0.003682866 0.005858902 0.004339486 0.006879896 0.006218798 0.008510951 0.008309063 0.008795332 0.009570755 0.007472726 0.012745667 0.01434983 0.011129516 0.015425492 0.01439088 0.01563774 0.017829612 0.017066833 0.019796959 0.019384326 0.019172703 0.019578515 0.020797545 0.021373799 0.022638727 0.024669467 0.021827636 0.024072001 0.026110276 0.026755905 0.026458391 0.031123062 0.026069531 0.026975148 0.026965354 0.029556545 0.029561468 0.025515857 0.030032065 0.025916006 0.031037785 0.034209235 0.032824384 0.039155596 0.041452784 0.038901815 0.04896742 0.060997547 0.040440516 0.059377109 0.043749704 0.015893353 0.25688294 0.347105155 1.885806114 3.654831997 0
427.657 0 0 0 0 0 0 0 0 0 0 0 0 0 0 0 0 0 0 0 0 0 0 0 0 0 0 0 0 0 0 0 0 0 0 0 0 0 0 0 0 0 0 0 0 0 0 0 0 0 0 0 0 0 0 0 0 0.001312849 0.002503916 0.003694629 0.004148655 0.003796397 0.004755085 0.003518068 0.006940416 0.00606902 0.007195307 0.007932015 0.007349027 0.009727307 0.010423911 0.008555663 0.013595208 0.013530254 0.016161666 0.016348755 0.016833018 0.017911342 0.01871816 0.018472227 0.018782585 0.020959214 0.020771738 0.022781074 0.023296515 0.021537628 0.020457613 0.024200644 0.02505602 0.025019102 0.025873557 0.028420688 0.026507342 0.026810085 0.025157493 0.027708708 0.027619169 0.022906862 0.031239943 0.024913066 0.029988312 0.029941402 0.03554828 0.032190644 0.039870836 0.043954194 0.04006328 0.044369036 0.02886606 0.034389279 0.020792428 0.06590042 0.021100727 0.081054382 0.289042868 0.935265223 7.063847792 0
430.952 0 0 0 0 0 0 0 0 0 0 0 0 0 0 0 0 0 0 0 0 0 0 0 0 0 0 0 0 0 0 0 0 0 0 0 0 0 0 0 0 0 0 0 0 0 0 0 0 0 0 0 0 0 0 0 0.000809 -0.000601 0.000223 0.001381512 0.0015113 0.002174839 0.000477 0.002439244 0.003721662 0.005606762 0.003478165 0.006186754 0.006581297 0.009111349 0.007222499 0.010457529 0.012591131 0.011856579 0.011792396 0.013910053 0.01519873 0.015201016 0.015409801 0.018091378 0.017375143 0.017940894 0.018572218 0.017461949 0.020492936 0.019599415 0.021288046 0.022489123 0.02015173 0.02223192 0.020721701 0.022849019 0.023863954 0.026254937 0.024958474 0.024181768 0.0210221 0.023944096 0.022590992 0.024941672 0.026265637 0.024572226 0.028789673 0.026694126 0.022638611 0.037732502 0.034099396 0.035868156 0.022752748 0.021903672 0.023919153 0.01201524 0.033115233 -0.060609743 -0.167108455 -1.793292433 0 0
434.249 0 0 0 0 0 0 0 0 0 0 0 0 0 0 0 0 0 0 0 0 0 0 0 0 0 0 0 0 0 0 0 0 0 0 0 0 0 0 0 0 0 0 0 0 0 0 0 0 0 0 0 0 0 0 0.001473905 0.00174 0.001981474 0.002997172 0.002679265 0.003886736 0.004016746 0.004964248 0.005625586 0.006609361 0.005452546 0.008218127 0.007831456 0.009887447 0.008251405 0.009587286 0.011497618 0.013632456 0.015242919 0.014962379 0.014978926 0.015894319 0.017865354 0.019203995 0.018242174 0.019635642 0.019738939 0.021455035 0.022392697 0.021052865 0.021272203 0.021114138 0.023109631 0.021242034 0.02273134 0.023361367 0.027034718 0.025088396 0.024365471 0.025934628 0.027450122 0.025161419 0.025496372 0.028557272 0.021287571 0.023417974 0.026283446 0.026216226 0.033943727 0.036539002 0.034657664 0.031401643 0.045703473 0.046582486 0.050863207 0.066497706 0.061528188 0.034407576 0.062803361 0.016475488 0.768934102 0 0
437.548 0 0 0 0 0 0 0 0 0 0 0 0 0 0 0 0 0 0 0 0 0 0 0 0 0 0 0 0 0 0 0 0 0 0 0 0 0 0 0 0 0 0 0 0 0 0 0 0 0 0 0 0 0 0.00171205 0.00102411 0.00200172 0.001504126 0.002921958 0.000996 0.002854264 0.002008398 0.00590525 0.003268058 0.00541714 0.00653866 0.008783583 0.008526611 0.008882999 0.009668431 0.010348907 0.012492614 0.014309127 0.014735014 0.014952187 0.014665724 0.015044557 0.015703717 0.017700634 0.017213939 0.01817736 0.017290898 0.02125482 0.019897337 0.018342236 0.020031997 0.021948458 0.023750016 0.021601763 0.023322301 0.024838176 0.021742464 0.024482011 0.023382103 0.026652362 0.023540917 0.024206779 0.022412362 0.026282236 0.025299213 0.024491845 0.025034895 0.028719568 0.032409897 0.031227245 0.033501601 0.033966334 0.041315096 0.033791848 0.041089985 0.041994302 0.008454461 0.011540254 0.055314519 -0.475860869 0 0 0
440.848 0 0 0 0 0 0 0 0 0 0 0 0 0 0 0 0 0 0 0 0 0 0 0 0 0 0 0 0 0 0 0 0 0 0 0 0 0 0 0 0 0 0 0 0 0 0 0 0 0 0 0 0 -0.000904 0.001957522 0.00013 0.000268 0.002449892 0.001895901 0.001069848 0.004192097 0.00376512 0.0022811 0.007276655 0.005261891 0.007180711 0.009342296 0.006812717 0.011983022 0.010934647 0.010711815 0.010884759 0.012348897 0.01217416 0.017980515 0.014878983 0.016031669 0.015076675 0.019449688 0.015210373 0.017060719 0.017134991 0.018801423 0.018590419 0.01981578 0.021489787 0.020141169 0.020284744 0.023200042 0.021448295 0.02298501 0.024938512 0.026112489 0.023774736 0.023010126 0.024464571 0.021660154 0.027017397 0.026607409 0.023306939 0.025683894 0.026369637 0.026925571 0.033207967 0.034520315 0.037572595 0.040997722 0.026188288 0.043984922 0.036861524 0.033714483 0.006896203 0.056116015 -0.01899377 -0.045982849 0 0 0
444.149 0 0 0 0 0 0 0 0 0 0 0 0 0 0 0 0 0 0 0 0 0 0 0 0 0 0 0 0 0 0 0 0 0 0 0 0 0 0 0 0 0 0 0 0 0 0 0 0 0 0 0 0.001347616 0.003729586 0.001821657 0.000701 0.003367009 0.002368116 0.002971645 0.003336798 0.002908836 0.005568665 0.004295095 0.0067062 0.006117609 0.008721741 0.008027958 0.006968588 0.009142836 0.010660937 0.012869238 0.012948331 0.013875928 0.015037943 0.014397136 0.017061275 0.016933792 0.016869744 0.01707426 0.016945918 0.017841283 0.018589005 0.019289848 0.018969537 0.018052937 0.020466719 0.021757274 0.021015582 0.022451396 0.021760872 0.024779027 0.025414732 0.022184745 0.025268548 0.025873679 0.024975838 0.024613542 0.024469419 0.025804173 0.028517253 0.026441416 0.029840556 0.031736594 0.031289258 0.031676743 0.042217718 0.042031399 0.048037779 0.046203868 0.04354605 0.05177318 0.065649604 0.026579842 0.187151768 0 0 0 0
447.451 0 0 0 0 0 0 0 0 0 0 0 0 0 0 0 0 0 0 0 0 0 0 0 0 0 0 0 0 0 0 0 0 0 0 0 0 0 0 0 0 0 0 0 0 0 0 0 0 0 0 0.000913 0.001407503 0.001280419 0.00106342 0.002394907 0.003155981 0.003896259 0.00238027 0.004148252 0.004611515 0.004590838 0.006445193 0.006523767 0.008006722 0.009254967 0.009590517 0.006239172 0.01066973 0.012722422 0.011217734 0.014004548 0.014726591 0.013371186 0.014079872 0.014044199 0.016195118 0.017369871 0.015573283 0.018860689 0.017866207 0.020172056 0.020105196 0.019057891 0.01847729 0.019485524 0.019901966 0.022198768 0.022923819 0.023905291 0.025578317 0.023201059 0.022317254 0.023231891 0.022646904 0.025228028 0.02602782 0.026135098 0.027644302 0.027822945 0.028450542 0.027614486 0.027564884 0.031332504 0.038835215 0.035235677 0.042442712 0.038830372 0.042530538 0.034341523 0.046545227 0.036239983 0.064578962 0.123778707 0 0 0 0
450.755 0 0 0 0 0 0 0 0 0 0 0 0 0 0 0 0 0 0 0 0 0 0 0 0 0 0 0 0 0 0 0 0 0 0 0 0 0 0 0 0 0 0 0 0 0 0 0 0 0 7.2e-05 -0.000202 0.000266 0.001016375 0.001240577 0.001313936 0.002481016 0.004134793 0.003217337 0.003069042 0.001863392 0.004949811 0.003857263 0.005372993 0.00536447 0.0072704 0.008263159 0.008256727 0.01026773 0.010205133 0.011323952 0.011667884 0.012478662 0.013516437 0.012656962 0.012399151 0.015078732 0.013618785 0.016277082 0.015094502 0.015967499 0.016568423 0.017410415 0.016055896 0.017440699 0.017807723 0.018582072 0.018826763 0.019902047 0.019316987 0.019697927 0.022951817 0.021247916 0.019706527 0.019231343 0.021330681 0.022977756 0.024827502 0.02107759 0.021500057 0.026715401 0.024503271 0.02526557 0.026484549 0.035264605 0.038172562 0.041177312 0.016373994 0.025118 0.046850974 0.04502853 -0.010967265 -0.008275122 0 0 0 0 0
454.06 0 0 0 0 0 0 0 0 0 0 0 0 0 0 0 0 0 0 0 0 0 0 0 0 0 0 0 0 0 0 0 0 0 0 0 0 0 0 0 0 0 0 0 0 0 0 0 0 0.000143 -0.001830165 -0.001096483 0.001394284 0.001078223 0.000806 -5.74e-05 0.000786 0.002333529 0.002785218 0.001645293 0.003020713 0.002983026 0.004474046 0.007019631 0.006026137 0.004556553 0.008375334 0.008839188 0.008367487 0.009231972 0.008226178 0.011460787 0.013126438 0.013006521 0.014609148 0.013086281 0.013235638 0.014585127 0.015255916 0.016643603 0.015232605 0.015704367 0.016409236 0.015530227 0.015801192 0.015644124 0.017168326 0.019290025 0.018184463 0.017786417 0.017587978 0.019975595 0.019235141 0.019498375 0.021085726 0.020149738 0.019168219 0.021117119 0.020180267 0.020101972 0.02347051 0.029060861 0.02351074 0.026223273 0.029334532 0.033291595 0.024700707 0.031117251 0.036028953 0.015135742 -0.001731221 -0.001406947 -0.037052774 0 0 0 0 0
457.366 0 0 0 0 0 0 0 0 0 0 0 0 0 0 0 0 0 0 0 0 0 0 0 0 0 0 0 0 0 0 0 0 0 0 0 0 0 0 0 0 0 0 0 0 0 0 0 0.000207 0.001066079 0.001128233 0.003372132 0.002522757 0.002788935 0.002596377 0.005674104 0.004428363 0.003726762 0.004569727 0.006500103 0.006038577 0.005888037 0.006638521 0.006591181 0.008044941 0.008665786 0.006365482 0.010309727 0.010508784 0.011713798 0.013123834 0.013378683 0.014896598 0.013611068 0.015148581 0.015158423 0.016163378 0.015518951 0.017354271 0.017578853 0.014527182 0.019808637 0.018163879 0.018569808 0.018951576 0.01704494 0.020204693 0.018293913 0.020011984 0.020172212 0.019123418 0.019342239 0.020550768 0.018723989 0.023788196 0.02252417 0.023238485 0.021340276 0.024210896 0.028238246 0.027577772 0.029913577 0.032227599 0.0304083 0.038478667 0.039186039 0.038868082 0.046886304 0.046496983 0.036659498 0.053835727 0.051382637 0 0 0 0 0 0
460.673 0 0 0 0 0 0 0 0 0 0 0 0 0 0 0 0 0 0 0 0 0 0 0 0 0 0 0 0 0 0 0 0 0 0 0 0 0 0 0 0 0 0 0 0 0 0 -0.001093987 -0.001043117 6.6e-07 -0.000909 0.000209 -6.56e-05 -0.001446274 0.001294396 -0.0008 0.001430528 0.002319206 0.001848226 0.003862632 0.004161297 0.00306239 0.004169651 0.005518643 0.004513111 0.007268354 0.006943281 0.010444997 0.007671259 0.010061118 0.009174277 0.012375227 0.012621321 0.013048447 0.012020136 0.012240923 0.014842181 0.012118459 0.014699249 0.012825475 0.017417112 0.01519419 0.013962464 0.015496834 0.016215622 0.015282487 0.017405555 0.017402551 0.019888343 0.017974342 0.016259731 0.017883122 0.018872267 0.017841453 0.017017925 0.017665263 0.02147768 0.019332751 0.021757101 0.016883754 0.017730058 0.019049457 0.02393396 0.028556276 0.02567059 0.025082371 0.023280751 0.02515108 0.019508403 0.034485535 -0.009444329 0 0 0 0 0 0 0
463.982 0 0 0 0 0 0 0 0 0 0 0 0 0 0 0 0 0 0 0 0 0 0 0 0 0 0 0 0 0 0 0 0 0 0 0 0 0 0 0 0 0 0 0 0 0 0.001178164 0.001096601 0.000661 0.000632 0.000628 0.000141 0.001640116 0.003068908 0.003115467 0.002713677 0.003091906 0.002898041 0.003809186 0.005243764 0.004221722 0.006233611 0.006886597 0.008913319 0.007039202 0.007154461 0.008337048 0.010781568 0.010895974 0.010820272 0.011044187 0.011692231 0.012487642 0.012793466 0.012187128 0.014685429 0.014408376 0.014815147 0.015822879 0.014772428 0.015922638 0.016281308 0.014298752 0.016387494 0.014344054 0.017037489 0.018260143 0.017864526 0.016813553 0.016689776 0.017605738 0.017779634 0.018681302 0.021383216 0.020745655 0.024133001 0.020446817 0.024266712 0.022595703 0.019732561 0.023793624 0.027027746 0.031282023 0.033157314 0.0259811 0.024412184 0.028161483 0.020363246 0.036059791 0.040258715 0.039524497 0 0 0 0 0 0 -1.20711563
467.292 0 0 0 0 0 0 0 0 0 0 0 0 0 0 0 0 0 0 0 0 0 0 0 0 0 0 0 0 0 0 0 0 0 0 0 0 0 0 0 0 0 0 0 0 0.001666813 0.001430523 -0.000679 0.000782 0.002368571 0.003870367 0.000211 0.003255556 0.003728636 0.002185767 0.003612063 0.003197337 0.005027649 0.004063969 0.004621983 0.006255123 0.006352029 0.005842971 0.006789247 0.007330203 0.008144284 0.009697826 0.009388812 0.010241722 0.011987284 0.010900081 0.011240428 0.013172706 0.013230265 0.012682978 0.012485275 0.015104717 0.015733859 0.013647756 0.014775457 0.014188554 0.015751285 0.017752746 0.016142623 0.014866887 0.017954276 0.016971839 0.018987735 0.019266918 0.019417577 0.017926105 0.019823472 0.019750493 0.01886846 0.019443399 0.019480899 0.019994617 0.022562212 0.020151199 0.020913744 0.021378253 0.024666899 0.027888203 0.029004519 0.022112497 0.023449944 0.038805731 0.03046203 0.033956268 0.042066207 0 0 0 0 0 0 0 24.93503225
470.603 0 0 0 0 0 0 0 0 0 0 0 0 0 0 0 0 0 0 0 0 0 0 0 0 0 0 0 0 0 0 0 0 0 0 0 0 0 0 0 0 0 0 0 0.001032017 9.02e-06 -0.000468 0.002334326 0.00181708 0.00138627 0.00062 0.002153147 0.002007861 0.003153634 0.002294345 0.002558436 0.00425652 0.002472465 0.005506607 0.008829541 0.005255527 0.006467092 0.003696633 0.006089706 0.009262174 0.007132115 0.008163375 0.008882067 0.009555407 0.009751305 0.01047531 0.011181744 0.011615438 0.011981129 0.011974242 0.014441097 0.014568409 0.013147291 0.014316018 0.01635204 0.013884519 0.016712942 0.013351319 0.014786213 0.016105903 0.014742664 0.014056946 0.015346231 0.017027921 0.017786769 0.015434793 0.016316775 0.015397211 0.019187473 0.020482644 0.0171545 0.016013659 0.018215446 0.019327556 0.02080079 0.023188755 0.023182359 0.025150369 0.026400265 0.027019797 0.033533647 0.021043296 0.034823902 0.03323612 0.047700279 0 0 0 0 0 0 -1.872542064 2.136066409
473.915 0 0 0 0 0 0 0 0 0 0 0 0 0 0 0 0 0 0 0 0 0 0 0 0 0 0 0 0 0 0 0 0 0 0 0 0 0 0 0 0 0 0 0.001552434 0.000581 0.002035384 0.002357191 0.001704696 0.001869358 0.0023542 0.004121942 0.00389274 0.003365745 0.004262631 0.002470587 0.004318062 0.003744944 0.005196645 0.008365188 0.007228066 0.007209474 0.006673528 0.009302749 0.008466558 0.008195968 0.008857033 0.010516002 0.011028161 0.010688473 0.010241644 0.012366462 0.011110236 0.011190787 0.012915166 0.014360257 0.013566358 0.013930694 0.01615352 0.014534677 0.013551296 0.014620312 0.014266817 0.015758631 0.015138193 0.016973398 0.01499414 0.015934023 0.016517163 0.016804459 0.017991526 0.016323345 0.019398699 0.017871669 0.017081098 0.019325821 0.019086551 0.019872626 0.023397294 0.019550896 0.027132385 0.021539535 0.022335827 0.02458071 0.027389356 0.024478825 0.027470455 0.037892359 0.043064829 0.032181644 0 0 0 0 0 0 0 -2.88093688 5.916825018
477.228 0 0 0 0 0 0 0 0 0 0 0 0 0 0 0 0 0 0 0 0 0 0 0 0 0 0 0 0 0 0 0 0 0 0 0 0 0 0 0 0 0 -0.000718 -0.000209 -0.000264 -0.000627 0.000108 0.000511 0.001163875 -0.000138 0.000892 0.001677132 0.002196942 0.002714181 0.002706435 0.002490973 0.002794825 0.006044608 0.005241421 0.004238666 0.003193895 0.0037503 0.008235941 0.005131436 0.006066799 0.006148491 0.007066393 0.007688573 0.009659856 0.007559611 0.009411888 0.01024982 0.011170923 0.011363515 0.011887831 0.011929354 0.011684818 0.013740924 0.011277924 0.012163517 0.013393972 0.014647098 0.01166886 0.014085256 0.01337973 0.015357485 0.012884963 0.014271676 0.014358298 0.015271588 0.015323456 0.01404117 0.016080993 0.018219739 0.018153459 0.016742893 0.020037966 0.01687204 0.017616751 0.019027836 0.019137922 0.020466391 0.023987538 0.019807557 0.021018789 0.02821304 0.024316151 0.013644958 0.019523423 0 0 0 0 0 0 -1.532143104 1.457083473 -10.17662842
480.542 0 0 0 0 0 0 0 0 0 0 0 0 0 0 0 0 0 0 0 0 0 0 0 0 0 0 0 0 0 0 0 0 0 0 0 0 0 0 0 0 0.001571103 0.000808 0.000922 0.001338632 0.001747805 0.001109018 0.001763647 0.001941476 0.00269559 0.003292772 0.001078677 0.003294917 0.003330846 0.00468926 0.003889531 0.004830931 0.005302971 0.00559928 0.006415392 0.00799767 0.008090102 0.007638048 0.008091341 0.007124689 0.01008376 0.009824409 0.008599895 0.009151766 0.010656154 0.010815396 0.011756483 0.011407022 0.012304343 0.012468014 0.012618883 0.01407582 0.013341008 0.0133154 0.015969586 0.015165413 0.014934484 0.014022874 0.01468785 0.014376411 0.013928489 0.013484091 0.016069113 0.014497088 0.016649945 0.017786972 0.015966773 0.017677428 0.018470606 0.019203209 0.0186817 0.020235185 0.023141005 0.021180309 0.019824664 0.017802188 0.025459012 0.025649189 0.030410991 0.028547136 0.035786307 0.031431104 0.023883394 0 0 0 0 0 0 0 -0.269138268 3.911336514 1.953193541
483.858 0 0 0 0 0 0 0 0 0 0 0 0 0 0 0 0 0 0 0 0 0 0 0 0 0 0 0 0 0 0 0 0 0 0 0 0 0 0 0 -0.001034784 0.000624 0.000609 8.48e-05 0.000495 0.000395 0.000583 0.00251732 0.000981 0.001392361 0.00269383 0.003847757 0.00286323 0.002733092 0.00339104 0.004469469 0.003859225 0.004390573 0.006753367 0.005941519 0.0064551 0.005919999 0.004752517 0.006840045 0.007249638 0.007930575 0.006981469 0.00984114 0.009791067 0.009048192 0.010708984 0.009533157 0.009335395 0.010851321 0.01173688 0.011085029 0.012054017 0.012008073 0.010843012 0.012878432 0.01250864 0.01189446 0.012225151 0.013454933 0.011144193 0.013246292 0.013447571 0.015000089 0.01245485 0.013843095 0.016258378 0.014761846 0.01466364 0.015824523 0.013867763 0.018441952 0.021175683 0.015141877 0.015823376 0.021559233 0.018368434 0.019276238 0.019516843 0.020969592 0.018643419 0.024738767 0.026344579 0.019813954 0 0 0 0 0 0 0.242033764 -0.661936702 0.034273938 -4.548801663
487.174 0 0 0 0 0 0 0 0 0 0 0 0 0 0 0 0 0 0 0 0 0 0 0 0 0 0 0 0 0 0 0 0 0 0 0 0 0 0 0.001884606 0.001175513 0.00204537 0.000649 0.001436213 0.002334937 0.001516507 0.002218331 0.00400487 -0.000129 0.003764911 0.003735877 0.005608818 0.002933399 0.00479035 0.004551242 0.004360549 0.00522565 0.003489072 0.004090316 0.006019086 0.005626119 0.006388104 0.008834787 0.009544431 0.00938867 0.00947712 0.011405048 0.010449972 0.010509897 0.010750982 0.010974889 0.010703082 0.010910282 0.010750431 0.012110972 0.013488187 0.012765324 0.012660054 0.012065227 0.013821161 0.01408892 0.011565087 0.013077463 0.011831901 0.014192849 0.014121606 0.011983482 0.01481785 0.016781306 0.014305123 0.017795186 0.015334001 0.017917988 0.015852243 0.019109524 0.015024558 0.018912045 0.019855691 0.020524709 0.02146041 0.02243894 0.029693061 0.029583637 0.025937112 0.023733764 0.027147696 0.029483805 0 0 0 0 0 0 0 0.270880431 0.362109485 1.003791301 12.24528703
490.492 0 0 0 0 0 0 0 0 0 0 0 0 0 0 0 0 0 0 0 0 0 0 0 0 0 0 0 0 0 0 0 0 0 0 0 0 0 -0.001579278 -0.002174358 -0.001134796 -0.000127 -0.000404 -0.00161058 -0.00076 -0.001121721 0.000377 -0.001143407 -0.001688453 -0.001959056 -0.001248519 -0.000131 0.002159696 0.001626382 0.002148214 0.001688108 0.002824723 0.002235639 0.002896165 -0.000659 0.00298011 0.003327092 0.001596062 0.001395971 0.003505272 0.004198253 0.004704417 0.005808178 0.007863845 0.007405671 0.006746399 0.006414329 0.007522931 0.008709142 0.008733672 0.00828815 0.008370005 0.008280437 0.008607312 0.009092839 0.008753985 0.008736445 0.008775956 0.008207073 0.009369069 0.009446886 0.009171238 0.009681034 0.011876118 0.009652401 0.010069726 0.011796897 0.01126247 0.00990853 0.013590878 0.013584935 0.011257859 0.012273791 0.013140033 0.01218708 0.008724147 0.013665895 0.012346977 0.012627499 0.017127379 0.013252374 0.005986417 0 0 0 0 0 0 -0.276205002 -0.889417123 -1.295469697 -13.12937238 -37.32791847
493.81 0 0 0 0 0 0 0 0 0 0 0 0 0 0 0 0 0 0 0 0 0 0 0 0 0 0 0 0 0 0 0 0 0 0 0 0 -6.14e-05 6.45e-07 -0.000225 0.000659 0.001758421 0.000612 0.000678 0.00086 0.00025 0.00064 6.14e-05 0.001247888 0.002938898 0.000904 0.000614 0.0030082 0.005620699 0.003987741 0.000652 0.003645308 0.005344138 0.004014337 0.004049692 0.006026334 0.005406951 0.004775197 0.00709258 0.005715615 0.006781807 0.006334772 0.008637508 0.00926438 0.007902126 0.008164167 0.008483457 0.009020787 0.008880472 0.009140735 0.010264659 0.009748483 0.012526755 0.011298251 0.009546724 0.009674744 0.011718317 0.009782472 0.011258205 0.01360326 0.010031143 0.012496426 0.01051612 0.011365331 0.014645139 0.012179525 0.01335102 0.011173582 0.012775891 0.014556783 0.0158201 0.017569152 0.015764989 0.014700019 0.02033269 0.015613828 0.01769176 0.019241289 0.018185434 0.019197687 0.02197146 0 0 0 0 0 0 0 -0.154367726 -0.299859704 -1.372571935 -3.307713607 4.430470768
497.13 0 0 0 0 0 0 0 0 0 0 0 0 0 0 0 0 0 0 0 0 0 0 0 0 0 0 0 0 0 0 0 0 0 0 0 0.001842037 0.002192526 0.004139173 0.0025089 0.002695086 0.002014111 0.002812348 0.00152907 0.002393395 0.004566661 0.003978361 0.005063725 0.003205383 0.005467723 0.004521161 0.004417562 0.004456831 0.004010839 0.005409868 0.005573698 0.006261221 0.005982006 0.007397896 0.008039309 0.009244683 0.01036853 0.008655069 0.009156424 0.009656726 0.008477142 0.008804602 0.008853766 0.010693795 0.009928892 0.011033319 0.011738914 0.010185383 0.013732541 0.011466219 0.012566345 0.012370917 0.013360682 0.011611459 0.011760784 0.013699865 0.01227247 0.012729766 0.011710413 0.01319072 0.012618979 0.011707064 0.012929057 0.014996126 0.016371049 0.016980888 0.016197822 0.014605537 0.015512493 0.015209289 0.017353391 0.018309347 0.016344566 0.018946837 0.016752025 0.022559655 0.020754151 0.020773562 0.027727965 0.033345987 0.031260155 0 0 0 0 0 0 0.110818192 0.157409014 0.040882728 0.467917158 5.759067587 11.91899977
500.451 0 0 0 0 0 0 0 0 0 0 0 0 0 0 0 0 0 0 0 0 0 0 0 0 0 0 0 0 0 0 0 0 0 0 -0.001240956 -0.000695 0.001202815 0.001107338 0.00185799 0.000238 0.000975 0.000744 0.00073 0.001419021 0.001491583 0.000754 0.003373578 0.002516182 0.002125467 0.004990095 0.002205167 0.0025175 0.003363519 0.003012692 0.005188015 0.00365288 0.004320229 0.004629425 0.005589811 0.007336869 0.005943894 0.005449847 0.00385293 0.006725351 0.007999368 0.007104993 0.007811896 0.008022925 0.008318849 0.00833019 0.009329817 0.010839272 0.011524619 0.008241274 0.009450334 0.009638117 0.011463563 0.0112105 0.010951026 0.008916886 0.010739383 0.012198771 0.010283949 0.010892444 0.012617522 0.011485624 0.01214071 0.012893672 0.011551241 0.013558613 0.010910662 0.015250376 0.012765089 0.015818382 0.011945424 0.01352257 0.014854491 0.012322345 0.017475385 0.018692955 0.018764608 0.018152592 0.016329705 0.024812934 0 0 0 0 0 0 0 0.037481847 -0.018051706 0.083101369 -1.352441814 -5.467614718 15.1451887
503.772 0 0 0 0 0 0 0 0 0 0 0 0 0 0 0 0 0 0 0 0 0 0 0 0 0 0 0 0 0 0 0 0 0 0.002171477 0.002068962 -7.49e-05 0.002120068 0.001435507 0.000972 0.00063 0.001764349 0.002008171 0.001263352 0.00222385 0.002669318 0.002668945 0.002599216 0.002954326 0.005536042 0.002569844 0.005723339 0.002220333 0.007648685 0.006419068 0.003926406 0.004555943 0.005927399 0.006574639 0.006051273 0.006350101 0.008016905 0.008254057 0.006237871 0.007702645 0.007473588 0.00805037 0.006846246 0.006436082 0.007476836 0.009218241 0.010222174 0.011125615 0.010410833 0.010729541 0.01025115 0.010257231 0.010100285 0.010907252 0.008631708 0.01262152 0.011563109 0.010727644 0.011067575 0.013073567 0.011594712 0.0106811 0.011602783 0.012717964 0.013161344 0.010186607 0.013081748 0.013065789 0.014955105 0.018881198 0.01789329 0.018055772 0.018899156 0.020422523 0.021847802 0.019743007 0.022324167 0.017081354 0.026106973 0.019486533 0 0 0 0 0 0 0.034205246 0.049780364 0.136382317 0.202608193 1.178174998 1.55700506 -11.08394533
507.095 0 0 0 0 0 0 0 0 0 0 0 0 0 0 0 0 0 0 0 0 0 0 0 0 0 0 0 0 0 0 0 0 0.000814 0.002880596 0.002320034 0.001770618 0.001301491 -0.000315 0.000809 0.000245 0.001350948 0.001186944 0.002294091 0.002582254 0.001687058 0.002485607 0.002213951 0.002112384 0.002330966 0.002532064 0.004050095 0.003951496 0.004108582 0.001990486 0.005695432 0.006211045 0.004985522 0.003662018 0.007201443 0.005002723 0.005388282 0.00639039 0.008751677 0.007878769 0.009825515 0.00758726 0.009678511 0.007915685 0.006790363 0.010689207 0.008258384 0.007889356 0.009678391 0.009394176 0.009715963 0.009969297 0.008196393 0.009973208 0.010240747 0.00928749 0.011346246 0.011734619 0.008663238 0.009287875 0.010923182 0.010960979 0.011387269 0.012732573 0.014936843 0.013072766 0.013087647 0.014077068 0.011802893 0.01385964 0.014521536 0.014633867 0.013219521 0.018434863 0.016569201 0.020780347 0.01735988 0.020216567 0.023650454 0 0 0 0 0 0 0 0.024889495 0.08428121 0.277937791 -0.06192282 0.451523146 -3.455791648 7.940080144
510.418 0 0 0 0 0 0 0 0 0 0 0 0 0 0 0 0 0 0 0 0 0 0 0 0 0 0 0 0 0 0 0 -0.001154457 -1.99e-07 0.000305 0.000451 -0.000928 -0.000131 -0.000699 0.000523 0.00074 0.001226526 0.000725 0.002438458 0.001933834 0.002153588 0.001554769 0.001086228 0.002870004 0.001465419 0.001603197 0.001040591 0.002465921 0.002881427 0.003509521 0.003089002 0.002620815 0.004799923 0.00551429 0.006390649 0.003592519 0.004928698 0.004994784 0.00535628 0.005378686 0.007460647 0.00840892 0.006760954 0.008155967 0.006232964 0.006988883 0.008045564 0.008556565 0.0091023 0.007034075 0.007322936 0.006397697 0.008838082 0.007621266 0.009087292 0.008364024 0.009256592 0.010918305 0.008450269 0.011784372 0.009468929 0.009450594 0.010049498 0.009633773 0.012164651 0.011871287 0.009966045 0.013638635 0.011859876 0.011792989 0.012633684 0.012395161 0.013283289 0.011468554 0.016370958 0.011311267 0.016564437 0.021483285 0.011898338 0 0 0 0 0 0 0.016437034 0.005402542 0.018052848 -0.149465078 -0.079549586 0.143189808 -1.608900508 -3.180355998
513.742 0 0 0 0 0 0 0 0 0 0 0 0 0 0 0 0 0 0 0 0 0 0 0 0 0 0 0 0 0 0 0.001491758 -0.001514084 0.001231104 0.002825285 -2.53e-06 0.000997 0.001639026 0.001784064 0.000581 0.002423195 0.001756096 0.001623855 0.002444186 0.001799522 0.002212813 0.002171525 0.004638441 0.001861187 0.005284505 0.00619651 0.002470491 0.004390715 0.003604568 0.003833989 0.004449593 0.003838327 0.004604703 0.006635371 0.005403931 0.005279324 0.004860142 0.005723244 0.006825064 0.00666234 0.007111591 0.007571003 0.005601125 0.00743669 0.00743162 0.006032087 0.007103385 0.008640158 0.007938276 0.008843529 0.010397334 0.008710997 0.008858138 0.008720568 0.008926885 0.008747675 0.011182326 0.009882798 0.010137371 0.010616309 0.00997145 0.01025458 0.011248916 0.011390512 0.010805203 0.012375084 0.010315948 0.010189119 0.010469512 0.012192662 0.013940217 0.012635705 0.011250265 0.015790916 0.01095029 0.022664691 0.023134542 0.015874948 0 0 0 0 0 0 0.031771364 0.006409245 0.02385344 0.018962101 -0.072977056 -0.283456021 0.222775822 -1.313159425 4.088962945
517.068 0 0 0 0 0 0 0 0 0 0 0 0 0 0 0 0 0 0 0 0 0 0 0 0 0 0 0 0 0 -0.003995143 -0.001493553 0.000625 0.000578 -0.000613 0.000149 0.000282 -0.000922 -6.31e-05 -0.000119 0.001292714 0.002030923 0.001374188 0.001519999 -0.000235 -0.000612 0.001289223 6.48e-06 0.002425904 0.001480271 0.000452 0.002042908 0.003311178 0.001912005 0.003915786 0.001169832 0.002913536 0.004009028 0.004374401 0.003648992 0.003701291 0.003991573 0.005595056 0.003316913 0.004896739 0.004571077 0.004526234 0.0052165 0.006198452 0.005158646 0.005413715 0.006628179 0.004820543 0.007668404 0.007898171 0.007442451 0.007117411 0.008362547 0.008043467 0.007763633 0.006109817 0.00803272 0.007737761 0.008516608 0.009407571 0.00829766 0.008449767 0.008649945 0.010468589 0.007299132 0.010290938 0.010539018 0.01033135 0.009190189 0.01001643 0.009379246 0.008368409 0.012468404 0.00800967 0.017768204 0.012824437 0.01013667 0.008475279 0 0 0 0 0 0 0.014337776 -0.009051172 0.00414296 -0.001659123 -0.137983679 -0.368966441 -2.019518483 -4.834536058 22.71810262
520.394 0 0 0 0 0 0 0 0 0 0 0 0 0 0 0 0 0 0 0 0 0 0 0 0 0 0 0 0 0.000206 0.001179106 0.001132718 0.000721 0.001747343 0.000465 0.001527771 0.000144 -0.000929 0.001162146 0.001003545 0.001853965 0.001200841 0.001342064 0.001891485 0.002300193 0.001722872 0.004615575 0.002205771 0.001350464 0.003351863 0.001707267 0.004058281 0.003822167 0.003516489 0.0025878 0.004179439 0.005113988 0.005014144 0.005153589 0.002816621 0.005267816 0.004104691 0.008695726 0.006604349 0.006146029 0.008616804 0.004198242 0.009107579 0.005702895 0.007396514 0.007558161 0.007067509 0.009393434 0.007092385 0.008648184 0.009543803 0.008274892 0.008670819 0.008655511 0.008374761 0.010094073 0.009899403 0.009252403 0.008776474 0.008404312 0.008919376 0.009958879 0.009611061 0.011390148 0.011495361 0.008841868 0.010785681 0.011872878 0.011864943 0.013768618 0.013228791 0.010456909 0.013376112 0.009857106 0.011513312 0.012600538 0.016993044 0 0 0 0 0 0 0.015686395 0.014321311 0.019872093 0.010546214 0.007633072 -0.070496157 -0.147009778 -0.167261045 0.847517514 -2.092393015
523.721 0 0 0 0 0 0 0 0 0 0 0 0 0 0 0 0 0 0 0 0 0 0 0 0 0 0 0 0.002907525 -0.002175264 -0.001881197 -0.001045156 0.002455136 0.001426618 0.000547 0.002620624 -0.000224 0.00267995 0.001367742 0.002324112 0.002073445 0.001121568 0.001441186 0.001680807 0.002462719 0.001108252 0.002220487 0.001616705 0.001592634 0.002032099 0.002610985 0.004154523 0.002453508 0.00341374 0.004111591 0.005860262 0.00378311 0.002324954 0.004522427 0.005679892 0.00482389 0.005382129 0.00560486 0.006191363 0.004900235 0.007043991 0.005402298 0.005514044 0.005889656 0.006520646 0.006629738 0.007652432 0.007284138 0.008175225 0.006005302 0.007251958 0.007667221 0.008253968 0.007746179 0.008817131 0.0054656 0.008792186 0.009077405 0.007412231 0.009359383 0.008786237 0.008590111 0.010220678 0.008944504 0.00828327 0.011108585 0.010879927 0.010153958 0.00915966 0.008659482 0.008630484 0.009901769 0.012671074 0.011103631 0.012899959 0.011427153 0.016949058 0 0 0 0 0 0 0.016410669 0.027285144 0.001424651 -0.002512544 -0.020292451 -0.161594444 0.085301585 -0.929739995 -3.027511464 -7.605274381
527.048 0 0 0 0 0 0 0 0 0 0 0 0 0 0 0 0 0 0 0 0 0 0 0 0 0 0 0.002136942 0.000862 0.001762978 0.000299 0.000954 0.00163767 0.002351496 -0.000624 0.001310849 0.001608261 0.001810628 0.002411322 0.001848773 0.002175955 0.002111234 0.001963818 0.002500192 0.002369698 0.00300082 0.003821832 0.005196666 0.002646878 0.00420777 0.004694532 0.003786497 0.0039288 0.003147768 0.005611291 0.004809315 0.005366081 0.00667496 0.006484645 0.006710968 0.00809637 0.005383604 0.003983353 0.003765338 0.007961727 0.005775104 0.007818729 0.006012562 0.00527803 0.007736335 0.008028578 0.009097 0.009289775 0.007350871 0.007086063 0.007320323 0.008415773 0.007582732 0.006030031 0.008268988 0.010624929 0.008925561 0.009276157 0.008991583 0.011404622 0.007385947 0.008963133 0.010079548 0.011036249 0.011761401 0.010955085 0.013067657 0.011204837 0.011706135 0.0116138 0.009439991 0.014108569 0.013498363 0.015633035 0.016209278 0.014808634 0 0 0 0 0 0 0.015176686 0.033768375 0.033716463 0.008456058 0.030970794 0.159779497 0.0014442 0.08309036 1.718377159 8.810262423 12.633104
530.377 0 0 0 0 0 0 0 0 0 0 0 0 0 0 0 0 0 0 0 0 0 0 0 0 0 0.002348812 0.003599754 -0.001293542 0.000311 0.002978054 0.000668 0.000637 0.001176347 0.003047231 0.000923 0.002850784 0.002012445 0.001825039 0.001192078 0.002885204 0.003100151 0.002313683 0.003364956 0.003338029 0.002800661 0.003154088 0.002377457 0.000761 0.004881645 0.005214764 0.003716409 0.003929666 0.003818948 0.004767066 0.003562374 0.00310146 0.004923423 0.005431966 0.004817794 0.003274225 0.005635091 0.004473492 0.002982337 0.006280845 0.00622648 0.00358269 0.00778351 0.005827293 0.00908336 0.007300524 0.00530594 0.004518259 0.007607215 0.008037045 0.006071117 0.007118384 0.007831182 0.006584146 0.007345192 0.008142408 0.007859241 0.007744672 0.006763373 0.009777416 0.006895142 0.009038077 0.009178652 0.006946825 0.011368778 0.010065685 0.009048635 0.011034045 0.010531509 0.012094534 0.010446331 0.01088249 0.011746834 0.014605416 0.012625299 0.012887537 0 0 0 0 0 0 0.015634882 0.024344366 0.004633587 0.001426207 0.034762105 -0.024002092 -0.031881418 -0.212659666 -1.07761264 2.310482217 1.819616966
533.706 0 0 0 0 0 0 0 0 0 0 0 0 0 0 0 0 0 0 0 0 0 0 0 0 0.002208831 0.00235233 -0.000336 0.003994778 0.003220378 0.00109536 0.001621823 -6.91e-07 0.001514203 0.000157 0.002472869 -0.000224 0.002754283 0.003003069 0.003467748 0.002129684 0.002205129 0.001925099 0.001321327 0.002474584 0.002134119 0.001975875 0.002872284 0.002487934 0.002181934 0.005221247 0.002627316 0.002600501 0.004494075 0.005688932 0.005546576 0.004894587 0.005702416 0.002947604 0.003718829 0.003360833 0.003984977 0.00366684 0.005267001 0.004833 0.006160464 0.00431923 0.006448609 0.007003953 0.007883494 0.005583774 0.006754454 0.004977632 0.005445693 0.006591597 0.008210587 0.006137725 0.005990558 0.006596188 0.005749043 0.007284086 0.008690096 0.006601604 0.007956354 0.007547918 0.009727929 0.008831321 0.006932326 0.00850427 0.007355289 0.008699329 0.008474811 0.010006821 0.01127003 0.010301862 0.009255903 0.011975732 0.011411416 0.008032438 0.012362547 0 0 0 0 0 0 0.006388259 0.020930267 0.022766694 0.035226582 0.008622319 0.002030025 -0.048355755 0.059973335 -0.2833885 0.048107295 2.717923779 16.3758634
537.037 0 0 0 0 0 0 0 0 0 0 0 0 0 0 0 0 0 0 0 0 0 0 0 -0.000259 -0.000742 0.001660195 -0.001363362 -0.001741842 0.000314 0.000701 0.00115501 0.001103225 -0.001188462 -0.001971681 -0.00187229 0.000814 0.001896315 0.001842813 0.002531925 0.001942422 0.002314301 0.001192116 0.003352146 0.001037041 0.000197 0.001651429 0.002200995 0.004891289 0.001667867 0.002331963 0.001471985 0.004606042 0.002300068 0.001122113 0.003195565 0.003474012 0.003126356 0.003731903 0.002631686 0.003469633 0.005437527 0.004351827 0.003328346 0.002323245 0.005075573 0.004428375 0.002073148 0.004154211 0.005300668 0.005495718 0.006478513 0.005408931 0.006971541 0.004601338 0.005308885 0.006375905 0.004670331 0.005717997 0.005797004 0.006277614 0.005968021 0.006719389 0.006429912 0.007267886 0.007392153 0.006771925 0.009801702 0.004520826 0.008213461 0.008196886 0.009138303 0.005176956 0.009167027 0.006156908 0.008723933 0.008811494 0.011976366 0.010700715 0.012312597 0 0 0 0 0 0 0.010813931 0.013666072 0.008615262 0.022451929 0.015164701 0.042995254 0.051921038 -0.221451349 -0.035878993 0.040157511 -4.221946104 -14.97943348
540.367 0 0 0 0 0 0 0 0 0 0 0 0 0 0 0 0 0 0 0 0 0 0 0.004068938 -0.002867998 0.003132361 -0.000481 0.004948035 0.002868504 0.001910789 0.003452625 0.000876 0.0013047 0.000602 0.002318413 0.002132483 0.00336902 0.003019958 0.003135105 0.002382303 0.001761809 0.004139007 0.002591823 0.002514324 0.002691425 0.004025594 0.001721486 0.002094094 0.002802809 0.003534305 0.003811394 0.004913211 0.00387792 0.00322197 0.004073004 0.004386154 0.003873811 0.005900142 0.004013874 0.007435486 0.003519002 0.002799679 0.006572624 0.006263012 0.005957754 0.006218082 0.008002032 0.005792891 0.00582405 0.00433882 0.007267689 0.007169111 0.008320808 0.006281731 0.007383383 0.007877635 0.007791247 0.006373719 0.007118423 0.006949903 0.006870098 0.006949149 0.007923113 0.009270789 0.007157245 0.00734605 0.005891565 0.008392954 0.009164265 0.007273893 0.009718614 0.008231726 0.010402718 0.01170106 0.012766322 0.013876905 0.009370008 0.012981825 0.013884989 0 0 0 0 0 0 0.01972156 0.023876902 0.023901428 0.018929311 0.003184326 0.033533766 0.062219629 0.106316237 0.171682245 0.637079116 0.841544201 2.739504732 -2.977707807
543.699 0 0 0 0 0 0 0 0 0 0 0 0 0 0 0 0 0 0 0 0 0 -0.005850462 0.001509758 -0.002373524 0.000762 0.006201251 -0.001627996 0.000112 0.000752 -0.000101 0.001579351 0.000471 0.002087729 -0.001210841 0.001917178 0.000982 0.001528411 0.001350588 0.000863 0.001204486 0.001581371 0.00055 0.001650411 0.001731423 0.00298264 0.001380057 0.001092454 0.002544554 0.00039 0.002083138 0.001885623 0.003632889 0.00222135 0.00405428 0.0051181 0.000362 0.003643102 0.004453018 0.003189916 0.002630004 0.004377929 0.003622115 0.003659034 0.002621479 0.003651472 0.00499635 0.002199686 0.005892094 0.00445986 0.005154063 0.005562165 0.003809228 0.006356963 0.003407222 0.005897491 0.005127662 0.004980098 0.004396676 0.005495456 0.006372013 0.003190693 0.007090683 0.004759764 0.004850017 0.004879544 0.007167914 0.007322708 0.007352867 0.007770585 0.008909906 0.007807609 0.006657182 0.007050663 0.011044421 0.007177912 0.007474584 0.011918967 0.008435753 0 0 0 0 0 0 0.014698516 0.007304382 0.006021864 0.019826329 -0.015938376 0.004559312 -0.018949533 -0.071773676 -0.133402424 -0.495959149 -0.476153943 -4.991732377 -6.051290984
547.031 0 0 0 0 0 0 0 0 0 0 0 0 0 0 0 0 0 0 0 0 -0.000447 0.006181711 0.003042917 0.003326972 0.005240064 0.003431515 0.003874894 0.004050196 0.005304337 0.000934 0.00168836 -9.59e-05 0.001841448 0.004321031 0.003220522 0.004198578 0.004549424 0.001972526 0.003675421 0.0030113 0.002343776 0.002651351 0.002281561 0.004774042 0.004912493 0.004399072 0.002833226 0.004019159 0.003368464 0.00435264 0.004710572 0.005272479 0.006919056 0.00340724 0.004401036 0.005318012 0.005278331 0.00511803 0.006427765 0.007426664 0.004583809 0.006871503 0.007772687 0.007352819 0.007749925 0.008693545 0.006792243 0.007585077 0.008004097 0.007757543 0.005535454 0.006734138 0.008138428 0.006472445 0.006988344 0.005620262 0.006564101 0.005587487 0.009470936 0.007135229 0.007414299 0.008347057 0.007535696 0.006519353 0.008005949 0.008214119 0.007930732 0.009587296 0.007006466 0.006777645 0.01163011 0.008794814 0.0094719 0.011825392 0.011216311 0.01056995 0.016665129 0 0 0 0 0 0 0.015008082 0.012739925 0.023011972 0.022267067 0.01830079 0.006892578 0.046227284 0.044320469 0.098319796 -0.01207555 0.171486493 1.342411229 4.094839386 27.41639763
550.364 0 0 0 0 0 0 0 0 0 0 0 0 0 0 0 0 0 0 0 0 0.00225804 -0.000436 -0.002507064 -0.000939 -0.004116708 0.001110972 -0.003544132 0.003625937 -0.001525959 -0.002188655 -0.001297399 -0.003062824 0.001412559 -0.001559143 -0.000569 0.00015 -0.000845 -0.000411 0.000751 -0.000587 0.000329 0.000476 0.001294932 0.001398199 0.000574 0.001202147 0.002398626 0.002876496 0.002209983 0.001723923 -0.000224 0.002802996 0.002746336 0.002129252 0.001803449 0.004270884 0.004654773 0.002536862 0.002906096 0.003268991 0.002874394 0.000857 0.001899628 0.002819641 0.002366143 0.002612795 0.000226 0.00331468 0.005022103 0.002790669 0.001792991 0.002443224 0.003698539 -0.000133 0.003158318 0.001042083 0.004666664 0.003620945 0.002853401 0.003528797 0.004361961 0.002827673 0.003522039 0.005923157 0.003919513 0.006435392 0.005772744 0.004624679 0.005894878 0.004693147 0.004843335 0.003836215 0.005535997 0.006507081 0.006969718 0.008495655 0.001855754 0 0 0 0 0 0 0.008613335 0.005102708 0.006704363 0.008307956 -0.003052708 -0.015630284 -0.007586541 -0.006621026 -0.044981338 -0.251426185 -0.512130633 0.194917403 -7.084846938 -38.77874397
553.698 0 0 0 0 0 0 0 0 0 0 0 0 0 0 0 0 0 0 -0.000641 0.000623 0.001057077 -0.003637798 0.00014 0.001750562 -0.001423441 -0.001488362 -0.00213815 0.001024814 0.001204911 0.000421 -0.000304 -0.000193 0.000355 -0.002721732 -0.000652 0.000618 0.001770704 -0.000206 0.001009225 0.000853 0.000519 0.000114 0.000772 0.001594736 0.002226158 0.001323761 0.00221535 0.000225 -0.000238 0.000945 0.003459316 0.001111723 0.00205165 0.001658458 0.000352 0.003922342 0.002672796 0.002070942 0.003836771 0.001902389 0.002712726 0.001203702 0.005051883 0.001781247 0.00427895 0.00285655 0.003737149 0.00449019 0.003766945 0.005888703 0.005324668 0.004907401 0.002500553 0.003542838 0.004560906 0.002942576 0.003842893 0.005266533 0.006716998 0.003217328 0.003785537 0.004663964 0.006378554 0.00717284 0.006096648 0.005389203 0.005642187 0.006604681 0.004920281 0.005487565 0.006460651 0.00679078 0.008050459 0.005734317 0.008276118 0.008190246 0 0 0 0 0 0 0.005638996 0.005774069 0.010190687 0.004640615 0.008743603 -0.002067798 0.004589295 -0.02010815 -0.007224062 0.074041936 -0.07547479 -0.2825333 0.798914709 1.206397987 -20.02574008
557.032 0 0 0 0 0 0 0 0 0 0 0 0 0 0 0 0 0 -0.000825 -0.001766039 -0.004376375 0.000153 -0.004956097 -0.001262064 -0.002292965 -0.005311724 -0.002360706 0.001188558 -0.001825031 -0.00493839 -0.002518693 -0.004125617 -0.000289 -0.000889 0.001157851 0.000572 -0.001781882 -0.002199127 0.000345 -0.000322 -5.5e-06 0.000186 -0.0003 0.003033568 -0.000555 0.000396 0.001264582 0.000654 0.001336177 -0.000555 0.001262509 0.001849924 0.002375937 0.00241031 0.001036819 0.002581047 0.002840519 0.003863173 0.001037904 0.002757649 0.003116777 0.002629452 0.001119186 0.004317792 0.002271281 0.002619453 0.003247704 0.000227 0.003554529 0.003631673 0.00294951 0.00298015 0.004369731 0.003587223 0.003749792 0.006224401 0.000983 0.001957589 0.002799207 0.003461216 0.001908093 0.003127032 0.005551328 0.002780099 0.003663006 0.004764905 0.004857771 0.003104209 0.002204739 0.0060167 0.004294441 0.00248178 0.003494033 0.006148532 0.005543254 0.00414757 0.007067669 0 0 0 0 0 0 0.005173887 0.006556092 0.009626902 0.003939987 0.007938657 0.006197769 -0.027206195 -0.029789701 -0.033609084 -0.120038002 -0.225144845 -0.424928882 -0.813406684 -14.27080433 -12.68721144
560.367 0 0 0 0 0 0 0 0 0 0 0 0 0 0 0 0 -0.000678 0.002663093 0.00452973 0.002678832 -0.001064111 -0.000882 0.001270259 -0.003663587 0.001174259 0.004377534 0.00179801 -0.00126291 0.00342466 0.001902067 0.002027476 0.004071742 0.00178916 0.003162002 0.002054126 0.003038058 0.002571029 0.001875671 0.003490573 9.9e-05 0.002484287 0.001875624 0.002035213 0.001292747 0.00241315 0.002059987 0.001710206 0.001718433 0.002079702 0.000714 0.001710642 0.000299 0.005776991 0.003894317 0.004141303 0.003447204 0.001200388 0.004577281 0.002103668 0.004705934 0.006529967 0.004675719 0.003845729 0.003017706 0.001998105 0.004126324 0.003241305 0.002993607 0.005088215 0.004948201 0.004184888 0.003711819 0.004087539 0.003774402 0.002866602 0.006262967 0.007092719 0.005572123 0.005521731 0.004634313 0.004486558 0.005589543 0.006711976 0.005134513 0.005246959 0.003568618 0.005849317 0.00731719 0.005806233 0.006570235 0.006157077 0.00509 0.008698805 0.004870974 0.011445169 0 0 0 0 0 0 0.014508803 0.010158746 0.010835312 0.012999279 0.012155359 0.01189534 0.002314212 0.002299365 0.004504156 0.027207064 -0.009534574 -0.005672167 -0.10297604 -0.384529042 -0.572116702 13.4849531
563.703 0 0 0 0 0 0 0 0 0 0 0 0 0 0 0 -0.001953965 0.002082554 0.00268894 0.002285744 0.002226162 0.007685724 -0.00089 0.000998 0.001510891 0.002369928 0.003155854 0.0049572 0.002433518 0.002787355 0.000214 0.002662675 -0.000196 0.001896387 0.001932415 0.000661 -0.001501353 0.002740422 0.001823139 0.002170781 0.001622302 0.000238 0.000759 1.16e-06 0.001407004 0.001702873 0.002507598 0.001924997 0.00234033 0.002421193 0.001922649 0.002897876 0.002112076 0.004103921 0.000846 0.002056941 0.00325986 0.000234 0.005676655 0.003735952 0.006157627 0.002941321 0.005418924 0.00362711 0.005022847 0.004677549 0.000395 0.001827103 0.001399558 0.004700894 0.003495929 0.003518903 0.002498016 0.004124501 0.001292308 0.001480995 0.00598822 0.003977095 0.003571407 0.004644134 0.004544678 0.002636495 0.005571419 0.006280341 0.00379419 0.003554325 0.00603271 0.004124355 0.005891281 0.005603375 0.006631709 0.005223333 0.003082553 0.004782768 0.006347655 0.006694677 0 0 0 0 0 0 0.010990219 0.008824168 0.009335257 0.008288732 0.004761689 0.004100077 0.018839662 0.011704488 0.008158313 -0.002964881 0.033190784 0.036246442 -0.432770937 0.726034936 6.648242245 0.991500335
567.039 0 0 0 0 0 0 0 0 0 0 0 0 0 0 0.005520245 0.004466957 0.000694 0.005058099 0.001803445 -0.002072084 0.003550296 0.004611038 0.000716 0.001790014 0 0.002282077 0.002306439 0.00232786 0.003471654 0.003643666 0.002363847 0.002358709 0.003901157 0.003457815 0.002833136 0.001337853 9.39e-07 0.001480715 0.000438 0.00163147 0.001598874 0.001136241 0.002209402 0.000943 0.00063 0.000986 0.001729978 0.003101817 0.003322534 0.002331819 0.004319389 0.001818445 0.003905286 0.005140579 0.002563289 0.003491716 0.004401318 0.00399063 0.004603391 0.002210205 0.001699847 0.002457165 0.003893936 0.002482506 0.006883978 0.003234997 0.006033597 0.005848227 0.00508466 0.004013032 0.004806226 0.00362265 0.00372954 0.004646268 0.006148389 0.004210586 0.003994746 0.004984751 0.005332397 0.005904923 0.005633884 0.006906791 0.004890868 0.005718815 0.0061557 0.005666688 0.005361176 0.004917323 0.00571237 0.007536155 0.006332326 0.005253183 0.006270703 0.005965827 0 0 0 0 0 0 0.00119251 0.013196243 0.010532329 0.013391759 0.014097725 0.012291582 0.011507625 -0.002807659 -0.007615145 0.006830268 0.007325785 -0.002422422 0.255007222 -0.143573451 1.049351223 2.103972148 -11.30741837
570.375 0 0 0 0 0 0 0 0 0 0 0 0 0 -0.004409446 -0.001488017 0.00235089 0.004917628 -0.002378835 -0.005632035 0.001937164 -0.000153 -0.000903 0.001735926 -0.001250497 -0.001870188 0.001537806 0.001228334 -0.004470015 -0.001357898 -0.000216 -0.00269756 9.91e-05 -0.000367 0.001279067 8.11e-05 0.001988498 -0.000657 0.000288 0.00291774 0.000269 0.000734 0.001144415 0.001091963 -0.00026 -0.00091 4.84e-06 0.000271 0.000235 0.000657 0.003332853 0.001512002 0.000842 0.003362346 0.002354745 0.001009427 0.004355279 0.002457303 0.00271682 8.81e-05 0.001251209 -8.83e-05 9.13e-05 0.002995204 0.000758 0.002374284 0.002473792 0.001699227 0.00104682 0.002865483 0.004924693 0.003716023 0.00239469 0.003002416 0.003590801 0.002936925 0.002094601 0.004239104 0.004029275 0.002625112 0.002984583 0.001304534 0.003631398 0.002152244 0.005630985 0.003838722 0.002941959 0.002544438 0.002610174 0.005688796 0.006376433 0.004936918 0.004266813 0.006735502 0.00208255 0 0 0 0 0 0 0.001792247 0.007220069 0.006052883 0.002188107 0.00067 0.004084018 0.000527 -0.003900673 0.001763596 -0.017130975 -0.012389855 -0.043159174 -0.322926762 -0.857332153 -1.846980457 -3.260194818 -7.081822431
573.713 0 0 0 0 0 0 0 0 0 0 0 0 0.002180081 -0.000194 -0.001118406 0.002536581 0.00316456 0.003241582 -0.000665 0.001455458 -0.000157 -0.00331499 0.003188509 0.003763089 0.002678299 -0.00102726 0.003074505 0.002947583 0.000341 0.000108 0.004475381 -0.000897 -0.000184 0 0.000588 -0.000969 0.001028511 0.000859 0.003581362 0.000883 -9.9e-05 0.000957 0.00298374 0.001375808 0.002243521 0.00136601 0.002223809 0.000997 0.004924957 0.002769671 0.002305815 0.002532378 0.003589428 0.005352813 0.00374734 0.00233244 0.001081628 0.003877131 0.003713024 0.002237592 0.002176299 0.005245441 0.00377258 0.003013516 0.007875199 0.003836148 0.005106541 0.005999141 0.005519435 0.002323061 0.004223741 0.006562733 0.006013964 0.0042221 0.00492838 0.005077273 0.004720867 0.004846636 0.004725798 0.005641733 0.002750695 0.004897398 0.005528268 0.008466311 0.005619356 0.007493941 0.006171386 0.006416714 0.004230809 0.007899834 0.008889025 0.007411307 0.006947265 0 0 0 0 0 0 0.008986298 0.013826803 0.013361523 0.014055166 0.014931635 0.023911393 0.019013319 0.023774348 0.015636599 0.032095999 0.035671369 0.064600248 0.140232707 0.162694336 0.235084841 4.396124928 3.904105116 23.51368968
577.05 0 0 0 0 0 0 0 0 0 0 0 -0.004910179 -0.000789 -0.001921676 -0.002426948 -0.007605021 -0.001752808 -0.005983755 -0.001329117 -0.003233097 -0.001405727 -0.002414856 -0.003047846 -0.002511908 -0.000133 -0.001671712 -0.004556074 -0.000236 -0.001363078 0.002610783 -0.003125403 0.000497 -0.001012772 -0.001280293 0.000589 -0.002666864 0.001252211 0.000503 -0.001120618 0.00143947 0.000245 -0.000141 0.000449 -0.000894 -0.00114715 7.95e-06 7.15e-05 0.000775 8.32e-05 0.001632696 0.000324 -0.001844262 0.000882 -0.001567378 0.002888836 0.001436527 0.001006877 0.002150277 -0.000431 -0.000355 0.00190707 0.000448 0.001806039 0.000843 -0.000327 0.001121446 -0.000774 -0.000451 0.000738 0.002471821 0.003802858 0.00240412 0.000913 0.002287427 0.002674254 0.002034658 0.000541 0.001751403 0.001891585 0.002791981 0.002410939 0.002805176 0.002373127 0.002899825 0.002464782 0.00271302 0.00428531 0.001267495 0.001736047 0.004357304 0.003212106 0.003045982 0.000898 0 0 0 0 0 0 0.001072968 0.006541954 0.002649074 -0.000462 0.003010245 -0.002728461 -0.002868093 -0.011094065 0.009883313 -0.006043697 -0.022767193 -0.04373549 -0.139473189 -0.230340756 -0.210145729 -0.882591394 -8.541669485 -25.34975705
580.388 0 0 0 0 0 0 0 0 0 0 -0.000629 0.003468714 0.002969932 0.003071639 0.000559 0.002712343 0.007029819 0.000678 0.004145901 0.000643 -0.000629 0.000603 0.000434 0.003481522 0.002274693 0.005261063 -0.000371 0.000707 0.002607131 0.001735138 0.004156463 0.001194715 0.003397906 0.002986611 0.00025 0.002064965 0.002348094 0.000856 0.00208747 0.000885 0.002504759 0.001191448 0.001391446 0.002007091 0.001435923 0.001919604 -0.000402 -0.000768 0.001311991 0.00065 0.002065831 0.001150244 0.004536586 0.002638939 0.001009273 0.002478147 0.004220507 0.001317939 0.003450584 0.003128011 0.001538942 0.001331733 0.005993534 0.004853519 0.001639505 0.005269352 0.003400697 0.004870625 0.002868045 0.004496746 0.004291145 0.004441984 0.006074956 0.003181411 0.003282419 0.003584927 0.003301875 0.005113797 0.002091008 0.003803091 0.0039846 0.003424644 0.005521002 0.0047504 0.004461799 0.003744498 0.002877695 0.00447183 0.005175717 0.002838195 0.004120832 0.007500053 0 0 0 0 0 0 0.004859485 0.010026367 0.008283101 0.009181838 0.006058398 0.009224876 0.004353735 0.009122905 0.015184992 0.017196357 0.020310793 -0.006964285 0.03672123 -0.054281901 0.320972435 -0.204812071 0.927028913 5.142465422 20.92930795
583.727 0 0 0 0 0 0 0 0 0 0.003228813 -0.003134218 0.00041 0.002767592 0.012068645 0.000743 0.0034291 0.002807988 0.005448033 0.004302556 0.005636261 0.004675642 0.004649039 0.005631032 0.002641381 0.004802599 0.00307041 0.001719626 8.85e-08 0.001130033 0.002595706 0.003424418 0.002081741 0.0022874 0.003576732 0.001 0.002370171 0.000952 -0.000424 0.002207686 0.000826 0.002691921 0.000764 0.003813889 0.002057659 0.002123522 0.00272624 0.00369347 0.001753507 0.001472076 0.002029003 0.000875 0.002369696 0.002336459 0.002492015 0.001797935 0.005319291 0.004671042 0.002138457 0.002753429 0.004814125 0.003430761 0.003544034 0.003079606 0.003589246 0.001226631 0.002786933 0.003468515 0.002538989 0.00322604 0.003108947 0.004564485 0.004709669 0.004249108 0.003377672 0.004499074 0.004180602 0.004500264 0.00368692 0.002957969 0.004536822 0.004451787 0.005576287 0.004077478 0.004436812 0.004061837 0.004365534 0.007211765 0.005801796 0.004989572 0.004598743 0.006844862 0.006814131 0 0 0 0 0 0 0.01031783 0.00702562 0.011819271 0.012445016 0.018366774 0.011635285 0.008671437 0.01602725 0.0129856 0.008717278 0.014993873 0.017277915 0.044668403 0.103466724 0.155090814 0.582710878 0.598276594 4.287348704 12.43996128
587.066 0 0 0 0 0 0 0 0 -0.001325556 -0.006235006 0.001044464 0.005089397 -0.004930258 -0.003637985 -0.001485273 0.002526242 0.002801715 0.000339 -0.002648738 -0.000324 0.00078 -0.002701985 -0.000721 0.001387572 0.0004 0.000256 -0.00049 0.000822 0.002147396 0.000865 -0.003522821 -0.001488449 0.00173825 0.001705774 0.001421051 0.000942 0.002046773 0.00269857 0.001950128 0.002483201 0.001468219 0.002424501 0.000595 0.000896 0.001088199 0.000437 0.001542449 0.001833218 0.00049 0.000974 3.68e-06 -0.001146451 0.000803 0.002276329 0.000145 0.00075 -0.000373 0.003697024 0.001806468 0.002406161 0.001804357 0.002214758 0.002392165 0.003753924 0.002451776 0.000399 -0.000384 0.001792581 0.001319691 0.003108963 0.001855183 0.000844 0.002574777 0.003723021 0.00354501 0.00384339 0.000874 0.003420632 0.002958739 0.00264099 0.002260471 0.002997092 0.002502605 0.000887 0.003374163 0.004527051 0.005328291 0.002102497 0.003957693 0.003891047 0.00182532 0 0 0 0 0 0 0.002257793 0.004690778 0.007019817 0.000412 0.007210743 0.008948179 0.001907227 0.013273172 0.003292574 0.003562739 0.003523396 0.003111655 -0.021622159 0.00912974 -0.009571489 0.049055827 0.052667504 0.213826116 2.143125721 -8.915767604
590.406 0 0 0 0 0 0 0.008044544 0.003906163 0.002013192 -0.003040418 0.003588646 0.002260249 0.000201 0.002516603 0.001500588 -0.005099148 0.003540429 0.001718798 -0.001502312 0.002277599 0.002987912 0.000607 0.004230143 0.004768688 0.005794928 -0.000905 0.002228291 0.002135656 0.001483732 0.002839614 0.001362008 -0.000202 0.001756241 -0.001799947 0.002541213 0.002163674 0.002067112 0.00079 0.001707592 -0.000168 0.00118671 0.002449255 0.001000908 0.001861977 0.000809 0.001251703 0.001695156 0.003008628 0.001652568 0.001720972 0.002481491 0.001158429 -0.00022 0.002443361 0.001521898 0.004085066 0.000929 0.003486127 0.004344705 0.004862183 0.003282185 0.003039809 8.81e-05 0.001014516 0.005035619 0.004423197 0.001012573 0.003320454 0.003776966 0.001169 0.003313421 0.00362156 0.001056879 0.002159193 0.002204169 0.003337886 0.00298613 0.00277746 0.003804875 0.00369373 0.002767718 0.00197326 0.00137271 0.003363146 0.002634249 0.00288795 0.004886043 0.002293917 0.002694296 0.001608882 0.00313541 0 0 0 0 0 0 0.006256924 0.003474315 0.006028778 0.014504503 0.014556461 0.005621495 0.014743685 0.016842092 0.009910902 0.002721769 0.001193228 -0.003888781 0.039301715 0.046294994 0.093652261 0.068444416 0.302207691 0.001516735 1.123228922 20.56150075
593.746 0 0 0 0 0 0.007097915 0.005489554 0.004175552 0.001358224 0.002194211 0.007028447 -0.00062 0.001411901 0.00254363 0.007948482 0.000922 -0.000888 0.002950432 0.005396977 0.000494 0.005396177 0.003058597 0.000883 0.002975823 0.001360914 -0.00026 0.000878 0.005746308 0.003225636 0.002094591 0.002538763 -0.000204 0.000838 0.004342216 0.00187769 0.001374341 0.001117735 0.003112437 0.000594 0.001573337 0.002245201 0.002086184 0.003534588 0.000755 0.003563362 0.002274175 0.001576607 0.000242 0.001500975 0.001736356 0.003474518 0.003039165 0.002678358 0.004640604 0.00300273 0.001686288 0.00180088 0.003268167 0.000791 0.004997725 0.00083 0.004243632 0.001569501 0.002638402 0.005914697 0.002354738 0.003222035 0.003654524 0.00291496 0.002137714 0.002182258 0.000646 0.00234572 0.004286902 0.003753084 0.002200177 0.004108582 0.003007546 0.003084445 0.004762892 0.002374318 0.003625364 0.003719283 0.004071577 0.002889688 0.003884438 0.002255296 0.005228814 0.001757342 0.002705277 0 0 0 0 0 0 0.006524418 0.00258939 0.001765751 0.006443112 0.009246638 0.008691938 0.011581471 0.012674002 0.000639 0.004143887 0.004551099 0.006519915 0.006530038 0.005996241 0.032659893 0.010496418 0.245707257 -0.228124385 -0.385632623 6.285401088 15.09415761
597.086 0 0 0 0 0.005342797 0.008634441 0.006014695 0.00678173 0.01160097 0.009061879 0.003435979 0.009832347 0.006900925 0.004922388 0.003625716 0.003336711 0.008106375 0.00769286 0.005951065 0.000333 -0.000478 0.003393497 0.006232156 0.003854008 0.004249707 0.003155749 0.003274612 0.003983224 0.003600322 0.004554896 0.002133662 0.003464142 0.006772364 -0.000433 0.000602 0.003930195 0.001576887 0.000876 0.001069148 0.001700298 0.002616472 0.002686943 0.003105517 0.002652309 0.00247465 0.001401161 0.00220884 0.000393 0.006050309 0.002752689 0.000981 -7.84e-05 0.002099888 0.004817918 0.004501189 0.003621451 0.004246339 0.003462293 0.0032706 0.005769735 0.003708441 0.003913629 0.003950612 0.003599867 0.004451243 0.004009086 0.00522672 0.004836665 0.00323943 0.004607204 0.003297371 0.005129157 0.005867455 0.005739577 0.00308322 0.004088157 0.004970743 0.00344629 0.003179414 0.004801631 0.001759842 0.003939231 0.00492332 0.003649602 0.004178944 0.005796989 0.002358648 0.001901159 0.003890531 0.005997674 0 0 0 0 0 0 0.004340321 0.008533325 0.008345835 0.008656952 0.010722967 0.008087987 0.011419267 0.013597526 0.011439555 0.016068529 0.007800817 0.019531672 0.000803 0.033923285 0.03962025 0.07203032 0.238393184 0.566718823 1.855273997 2.476637869 21.97840752
600.427 0 0 0 0.004776732 0.00052 -0.00025 0.004638403 0.002850237 -0.002071648 0.005160888 0.010241084 0.004247914 0.002475681 0.002006011 0.006001862 0.001133175 0.000742 -0.002832849 1.93e-06 0.004197169 -0.001456757 0.001407749 0.002108443 0.002610144 0.004870366 0.005469686 0.003578106 0.00244951 0.002828903 -0.001687522 0.001413355 0.002169062 0.003625038 0.002222667 0.001398699 0.002240722 0.004114566 0.002073505 0.002440098 0.003163431 0.002552267 0.00312328 0.000724 0.001649505 0.002275009 0.002648682 0.002311785 0.002389059 0.003070073 0.00245474 0.001244355 0.001993154 -0.000607 0.002599316 0.002322574 0.003053321 0.001763145 0.00146117 0.002422901 0.001860849 0.003297359 0.002586574 0.002140693 0.003743498 0.004516572 0.005480088 0.004020136 0.004673912 0.004969208 0.003242435 0.002752435 0.002273377 0.004141396 0.001869167 0.003199792 0.003375299 0.001821645 0.001537018 0.001400861 0.004095494 0.003571998 0.003417484 0.003804745 0.004320045 0.004956184 0.003806922 0.005128585 -0.00044 0.007266047 0 0 0 0 0 0 0.003795055 0.008009006 0.007195859 0.005222855 0.007509736 0.004952319 0.00707893 0.003792168 0.005087367 0.003891738 0.00913865 0.007962842 0.009076304 0.009117998 0.037185944 -0.032185974 0.012126323 0.120231301 0.233963646 -0.442828539 -8.539161091 -15.5940639
603.768 0 0 -0.000834 -0.006723929 -0.00468501 -0.009609153 -0.001227329 -0.005515604 -0.012128611 -0.000458 -0.005724869 -0.002145992 0.001869694 -0.004441582 0.001369851 -0.001520605 0.001657912 -0.003589237 0.002090921 -0.002714829 0.000326 -0.006166121 0.001521375 0.00175348 -0.002109881 -0.002831088 -0.001419197 -0.002722761 -0.00261956 -0.002843615 -0.002180367 0.001461429 0.001349699 0.000361 -0.000531 -0.000588 -0.000692 -0.000673 -0.002742362 -0.000407 0.001031703 -0.001300884 0.001252634 -0.000554 -0.000361 -0.000131 0.00106057 0.0016045 0.000603 0.001026908 0.000414 0.001449857 -0.00023 -0.0003 -0.000831 -0.001025885 -0.001371147 -0.001211031 -0.000815 0.001313008 0.001236303 -0.002332364 0.000629 -0.000526 0.002841562 -0.001594066 0.000731 -1.77e-07 -0.000308 0.003504761 -0.000523 0.004444432 0.000954 0.002542902 0.002011641 0.001350003 0.000708 0.0038167 0.001417083 0.003638673 0.002092877 0.003158891 -0.000151 0.000546 0.0046078 0.003181127 0.000518 0.002304635 0.000275 0 0 0 0 0 0 0.002847076 0.001755655 -0.00192456 5.3e-06 -0.002758822 -0.003502165 0.0062128 0.00381957 0.007682868 -0.00194348 -0.00114321 0.000474 -0.013934971 0.003201921 -0.012211358 -0.056172986 -0.05323722 -0.066787852 -0.565936324 -0.734525256 -0.323436338 1.395755087
607.109 0 0.003191478 -0.007558699 -0.006214977 -0.009940216 0.00432184 -0.002229607 0.001203593 0.000235 0.000682 0.001992219 -0.008409983 -0.001673037 0.001825555 -0.006687552 -0.002672813 0.004826155 0.001440252 0.004556392 -0.002387021 -0.001320217 0.006836147 -0.003517001 -8.69e-07 -0.00282608 0.000542 -0.000649 0.000746 -0.003590501 0.002293168 0.001874946 0.000733 -0.000292 0.000181 0.000979 8.46e-05 -0.000387 0.000376 0.001583606 0.000994 -5.2e-05 0.000402 0.000945 -0.000223 0.000186 -6.38e-05 0.001704934 0.001371295 -8.67e-05 -0.000859 0.002433382 0.000648 0.000387 -0.000675 0.001064621 -0.000315 -0.000402 -0.001130198 -0.000455 0.000567 0.001815397 7.14e-07 0.000181 0.003005169 0.002856844 0.000422 -0.001143122 -0.001662077 0.001087608 -0.000766 0.003322968 0.002084944 0.001034556 0.001899023 0.000578 0.002071981 0.000569 0.000425 0.001923238 0.002223328 0.003990771 0.00140252 0.001515945 0.001253792 0.002923861 0.003955823 0.000694 0.003919935 0 0 0 0 0 0 0.003477581 0.004725264 0.005284076 0.000448 -0.002636438 0.004277837 -0.001435684 0.003705392 -0.002041724 0.004289478 -0.00523289 0.008477696 -0.012223225 -0.001256492 -0.002483856 0.009681008 -0.037250131 -0.063208141 -0.074952792 -0.187440788 -0.375556609 -0.465434698 31.61519925
610.451 0.004237076 0.001757382 0.001982407 0.009559074 0.008718413 0.009754504 0.007510701 0.001212108 0.007812442 0.008049325 0.001341472 0.009798627 0.013088422 0.011266916 0.00973398 0.002697874 0.00711984 0.007093918 0.00283014 0.003270766 0.005827858 0.00257014 0.006332309 0.008024405 0.001854544 0.003284577 0.000392 2.14e-08 0.003506184 0.004397922 0.002555436 0.000318 0.001371261 0.002093327 0.002970384 0.00094 0.002891725 0.00038 0.002994689 0.001416772 0.001624078 0.002338111 0.000477 0.001631675 0.002510388 0.003172024 0.000501 -0.000579 0.004548655 0.005728679 0.002623341 0.003680031 0.000234 0.005393217 0.002302343 0.001520451 0.002045702 0.000613 0.00460071 0.005050106 0.004440829 0.00312544 0.002557157 0.003656337 0.002272931 0.004342386 0.001236817 0.004236518 0.001411303 0.003248911 0.003354263 0.0020299 0.001636907 0.0033932 0.003500917 0.002885615 0.003521537 0.00459338 0.003886742 0.004707111 0.004396131 0.004323561 0.004741608 0.003799545 0.006976189 0.005015403 0.003332946 0.001260118 0 0 0 0 0 0 0.004562433 0.008284906 0.006156545 0.006021991 0.006515135 0.00957192 0.007371835 0.01049557 0.008769948 0.00316948 0.008918146 0.0069936 0.009530967 0.001772712 0.013308669 0.047360123 0.064719233 -0.053467673 -0.090410407 1.004216343 2.32969668 10.00069992 33.6403674
613.792 0.000599 -0.000869 0.008394029 -0.006753546 0.005755053 0.001271125 -0.007184885 0.005304513 0.005156909 0.004783934 0.006197523 -0.003017502 -0.001664165 -0.002025851 0.000197 0.011264852 0.003343708 0.002343486 0.000528 0.002046025 0.000993 -0.000637 0.001683605 0.00573899 -0.001411756 0.001761977 0.0032481 0.004229888 0.000361 -0.002626808 0.000115 0.003676361 -7.64e-07 0.002253134 0.000889 0.000675 0.001934755 0.002782796 0.002754846 0.000232 0.001192429 0.000858 0.002623577 0.000727 0.00079 -5.89e-05 0.001636217 0.001781102 0.000693 0.000516 0.001009723 0.003077084 0.00062 0.000377 0.000231 0.003020105 0.003812184 0.001914462 0.002734539 0.002453784 0.000671 0.003189063 0.003349592 0.001414727 0.000174 0.003204428 0.003183802 -0.001187309 -0.000387 0.000613 0.00317318 0.002829538 0.003246814 0.00131446 0.001950134 0.003571386 0.000783 0.002628295 0.001352831 0.002152966 0.002467096 0.003101629 0.002953843 0.00242924 0.001704372 0.004206244 0.003125454 0 0 0 0 0 0 0.004506769 0.004753095 0.003977865 0.006368535 0.004473485 0.002653861 0.006509783 0.004602954 0.003934401 0.009969794 0.00745238 1.38e-05 0.005427961 0.011839769 0.001850246 -0.008147121 -0.010628848 -0.068256292 0.130278029 0.226509116 0.291247024 0.179017962 -5.19049846 7.412242534
617.135 -0.007345818 0.002074897 0.004287016 1.58e-06 -0.000266 -0.005711648 -0.010636808 0.004930266 0.000244 0.002326379 -0.003165748 0.005288864 -0.003201176 1.05e-06 0.001205234 0.002153869 -0.003597908 0.003868042 0.001432705 0.001045384 -0.001516229 0.001781967 -0.004218159 -0.001201164 0.004331987 -0.003598896 0.002124903 -0.001652127 0.000857 0.000824 -0.002462805 -0.001610685 0.001485832 -0.000183 0.000636 -0.000521 0.001265258 -0.000691 0.000352 -0.00113633 0.000635 0.000723 0.00059 0.000971 0.002417521 -0.00033 0.001020727 0.000995 -0.000707 0.00193235 0.003171373 -8.25e-05 1.21e-06 0.001694841 0.005126425 0.00073 0.001663613 -0.000532 0.001676946 0.001639462 0.000488 -0.001243397 0.001203558 -0.002251683 0.002918252 0.002412422 0.000586 8.05e-05 0.00277696 0.002034643 0.001622845 0.001598151 0.001584616 0.004178233 -0.000515 0.000584 0.002108365 0.001087573 0.002910292 0.00146608 0.003632103 0.000756 0.002089931 0.002481716 0.005311795 0.000342 0.00106399 0 0 0 0 0 0 0.004378196 0.003079705 0.004950798 0.002220446 0.003205355 0.002717136 0.002100961 0.002567962 0.01063785 0.004712743 0.00439574 0.012030212 0.008274136 -0.000437 -0.00058 0.008592682 -0.002362833 0.028332367 -0.02097805 0.022242966 -0.324621891 0.307526202 -1.166887024 1.117147005
