NaN 600 596.73 593.46 590.19 586.92 583.65 580.38 577.11 573.84 570.57 567.3 564.03 560.76 557.49 554.22 550.95 547.68 544.41 541.14 537.87 534.6 531.33 528.06 524.79 521.52 518.25 514.98 511.71 508.44 505.17 501.9 498.63 495.36 492.09 488.82 485.55 482.28 479.01 475.74 472.47 469.2 465.93 462.66 459.39 456.12 452.85 449.58 446.31 443.04 439.77 436.5 433.23 429.96 426.69 423.42 420.15 416.88 413.61 410.34 407.07 403.8 400.53 397.26 393.99 390.72 387.45 384.18 380.91 377.64 374.37 371.1 367.83 364.56 361.29 358.02 354.75 351.48 348.21 344.94 341.67 338.4 335.13 331.86 328.59 325.32 322.05 318.78 315.51 312.24 308.97 305.7 302.43 299.16 295.89 292.62 289.35 286.08 282.81 279.54 276.27 273 269.73 266.46 263.19 259.92 256.65 253.38 250.11 246.84 243.57 240.3 237.03 233.76 230.49 227.22 223.95 220.68
NaN NaN NaN NaN NaN NaN NaN NaN NaN NaN NaN NaN NaN NaN NaN NaN NaN NaN NaN NaN NaN NaN NaN NaN NaN NaN NaN NaN NaN NaN NaN NaN NaN NaN NaN NaN NaN NaN NaN NaN NaN NaN NaN NaN NaN NaN NaN NaN NaN NaN NaN NaN NaN NaN NaN NaN NaN NaN NaN NaN NaN NaN NaN NaN NaN NaN NaN NaN NaN NaN NaN NaN NaN NaN NaN NaN NaN NaN NaN NaN NaN NaN NaN NaN NaN NaN NaN NaN NaN NaN NaN NaN NaN NaN NaN NaN NaN NaN NaN NaN NaN NaN NaN NaN NaN NaN NaN NaN NaN NaN NaN NaN NaN NaN NaN NaN NaN NaN
NaN NaN NaN NaN NaN NaN NaN NaN NaN NaN NaN NaN NaN NaN NaN NaN NaN NaN NaN NaN NaN NaN NaN NaN NaN NaN NaN NaN NaN NaN NaN NaN NaN NaN NaN NaN NaN NaN NaN NaN NaN NaN NaN NaN NaN NaN NaN NaN NaN NaN NaN NaN NaN NaN NaN NaN NaN NaN NaN NaN NaN NaN NaN NaN NaN NaN NaN NaN NaN NaN NaN NaN NaN NaN NaN NaN NaN NaN NaN NaN NaN NaN NaN NaN NaN NaN NaN NaN NaN NaN NaN NaN NaN NaN NaN NaN NaN NaN NaN NaN NaN NaN NaN NaN NaN NaN NaN NaN NaN NaN NaN NaN NaN NaN NaN NaN NaN NaN
210.901 0 0 0 0 0 0 0 0 0 0 0 0 0 0 0 0 0 0 0 0 0 0 0 0 0 0 0 0 0 0 0 0 0 0 0 0 0 0 0 0 0 0 0 0 0 0 0 0 0 0 0 0 0 0 0 0 0 0 0 0 0 0 0 0 0 0 0 0 0 0 0 0 0 0 0 0 0 0 0 0 0 0 0 0 0 0 0 0 0 0 0 0 0 0 0 0 0 0 0 0 0 0 0 0 0 0 0 0 0 0 0 0 0 0 0 0 0
214.065 0 0 0 0 0 0 0 0 0 0 0 0 0 0 0 0 0 0 0 0 0 0 0 0 0 0 0 0 0 0 0 0 0 0 0 0 0 0 0 0 0 0 0 0 0 0 0 0 0 0 0 0 0 0 0 0 0 0 0 0 0 0 0 0 0 0 0 0 0 0 0 0 0 0 0 0 0 0 0 0 0 0 0 0 0 0 0 0 0 0 0 0 0 0 0 0 0 0 0 0 0 0 0 0 0 0 0 0 0 0 0 0 0 0 0 0 0
217.232 0 0 0 0 0 0 0 0 0 0 0 0 0 0 0 0 0 0 0 0 0 0 0 0 0 0 0 0 0 0 0 0 0 0 0 0 0 0 0 0 0 0 0 0 0 0 0 0 0 0 0 0 0 0 0 0 0 0 0 0 0 0 0 0 0 0 0 0 0 0 0 0 0 0 0 0 0 0 0 0 0 0 0 0 0 0 0 0 0 0 0 0 0 0 0 0 0 0 0 0 0 0 0 0 0 0 0 0 0 0 0 0 0 0 0 0 0
220.402 0 0 0 0 0 0 0 0 0 0 0 0 0 0 0 0 0 0 0 0 0 0 0 0 0 0 0 0 0 0 0 0 0 0 0 0 0 0 0 0 0 0 0 0 0 0 0 0 0 0 0 0 0 0 0 0 0 0 0 0 0 0 0 0 0 0 0 0 0 0 0 0 0 0 0 0 0 0 0 0 0 0 0 0 0 0 0 0 0 0 0 0 0 0 0 0 0 0 0 0 0 0 0 0 0 0 0 0 0 0 0 0 0 0 0 0 0
223.574 0 0 0 0 0 0 0 0 0 0 0 0 0 0 0 0 0 0 0 0 0 0 0 0 0 0 0 0 0 0 0 0 0 0 0 0 0 0 0 0 0 0 0 0 0 0 0 0 0 0 0 0 0 0 0 0 0 0 0 0 0 0 0 0 0 0 0 0 0 0 0 0 0 0 0 0 0 0 0 0 0 0 0 0 0 0 0 0 0 0 0 0 0 0 0 0 0 0 0 0 0 0 0 0 0 0 0 0 0 0 0 0 0 0 0 0 0
226.748 0 0 0 0 0 0 0 0 0 0 0 0 0 0 0 0 0 0 0 0 0 0 0 0 0 0 0 0 0 0 0 0 0 0 0 0 0 0 0 0 0 0 0 0 0 0 0 0 0 0 0 0 0 0 0 0 0 0 0 0 0 0 0 0 0 0 0 0 0 0 0 0 0 0 0 0 0 0 0 0 0 0 0 0 0 0 0 0 0 0 0 0 0 0 0 0 0 0 0 0 0 0 0 0 0 0 0 0 0 0 0 0 0 0 0 0 0
229.925 0 0 0 0 0 0 0 0 0 0 0 0 0 0 0 0 0 0 0 0 0 0 0 0 0 0 0 0 0 0 0 0 0 0 0 0 0 0 0 0 0 0 0 0 0 0 0 0 0 0 0 0 0 0 0 0 0 0 0 0 0 0 0 0 0 0 0 0 0 0 0 0 0 0 0 0 0 0 0 0 0 0 0 0 0 0 0 0 0 0 0 0 0 0 0 0 0 0 0 0 0 0 0 0 0 0 0 0 0 0 0 0 0 0 0 0 0
233.104 0 0 0 0 0 0 0 0 0 0 0 0 0 0 0 0 0 0 0 0 0 0 0 0 0 0 0 0 0 0 0 0 0 0 0 0 0 0 0 0 0 0 0 0 0 0 0 0 0 0 0 0 0 0 0 0 0 0 0 0 0 0 0 0 0 0 0 0 0 0 0 0 0 0 0 0 0 0 0 0 0 0 0 0 0 0 0 0 0 0 0 0 0 0 0 0 0 0 0 0 0 0 0 0 0 0 0 0 0 0 0 0 0 0 0 0 48.97125826
236.285 0 0 0 0 0 0 0 0 0 0 0 0 0 0 0 0 0 0 0 0 0 0 0 0 0 0 0 0 0 0 0 0 0 0 0 0 0 0 0 0 0 0 0 0 0 0 0 0 0 0 0 0 0 0 0 0 0 0 0 0 0 0 0 0 0 0 0 0 0 0 0 0 0 0 0 0 0 0 0 0 0 0 0 0 0 0 0 0 0 0 0 0 0 0 0 0 0 0 0 0 0 0 0 0 0 0 0 0 0 0 0 0 0 0 0 -4.058981437 -34.5163623
239.469 0 0 0 0 0 0 0 0 0 0 0 0 0 0 0 0 0 0 0 0 0 0 0 0 0 0 0 0 0 0 0 0 0 0 0 0 0 0 0 0 0 0 0 0 0 0 0 0 0 0 0 0 0 0 0 0 0 0 0 0 0 0 0 0 0 0 0 0 0 0 0 0 0 0 0 0 0 0 0 0 0 0 0 0 0 0 0 0 0 0 0 0 0 0 0 0 0 0 0 0 0 0 0 0 0 0 0 0 0 0 0 0 0 0 -2.011568011 -6.524568659 0.026749695
242.655 0 0 0 0 0 0 0 0 0 0 0 0 0 0 0 0 0 0 0 0 0 0 0 0 0 0 0 0 0 0 0 0 0 0 0 0 0 0 0 0 0 0 0 0 0 0 0 0 0 0 0 0 0 0 0 0 0 0 0 0 0 0 0 0 0 0 0 0 0 0 0 0 0 0 0 0 0 0 0 0 0 0 0 0 0 0 0 0 0 0 0 0 0 0 0 0 0 0 0 0 0 0 0 0 0 0 0 0 0 0 0 0 0 -0.319421929 0.394279951 4.734626356 6.715560312
245.844 0 0 0 0 0 0 0 0 0 0 0 0 0 0 0 0 0 0 0 0 0 0 0 0 0 0 0 0 0 0 0 0 0 0 0 0 0 0 0 0 0 0 0 0 0 0 0 0 0 0 0 0 0 0 0 0 0 0 0 0 0 0 0 0 0 0 0 0 0 0 0 0 0 0 0 0 0 0 0 0 0 0 0 0 0 0 0 0 0 0 0 0 0 0 0 0 0 0 0 0 0 0 0 0 0 0 0 0 0 0 0 0 0.139302595 0.658965031 2.643148624 9.915930089 15.90750936
249.035 0 0 0 0 0 0 0 0 0 0 0 0 0 0 0 0 0 0 0 0 0 0 0 0 0 0 0 0 0 0 0 0 0 0 0 0 0 0 0 0 0 0 0 0 0 0 0 0 0 0 0 0 0 0 0 0 0 0 0 0 0 0 0 0 0 0 0 0 0 0 0 0 0 0 0 0 0 0 0 0 0 0 0 0 0 0 0 0 0 0 0 0 0 0 0 0 0 0 0 0 0 0 0 0 0 0 0 0 0 0 0 0.206511817 0.043500241 0.060322143 2.755551211 5.394920543 26.80327682
252.228 0 0 0 0 0 0 0 0 0 0 0 0 0 0 0 0 0 0 0 0 0 0 0 0 0 0 0 0 0 0 0 0 0 0 0 0 0 0 0 0 0 0 0 0 0 0 0 0 0 0 0 0 0 0 0 0 0 0 0 0 0 0 0 0 0 0 0 0 0 0 0 0 0 0 0 0 0 0 0 0 0 0 0 0 0 0 0 0 0 0 0 0 0 0 0 0 0 0 0 0 0 0 0 0 0 0 0 0 0 0 0.01036943 0.011003948 -0.073371567 0.023392482 0.541752335 -1.957392826 2.647162589
255.423 0 0 0 0 0 0 0 0 0 0 0 0 0 0 0 0 0 0 0 0 0 0 0 0 0 0 0 0 0 0 0 0 0 0 0 0 0 0 0 0 0 0 0 0 0 0 0 0 0 0 0 0 0 0 0 0 0 0 0 0 0 0 0 0 0 0 0 0 0 0 0 0 0 0 0 0 0 0 0 0 0 0 0 0 0 0 0 0 0 0 0 0 0 0 0 0 0 0 0 0 0 0 0 0 0 0 0 0 0 0.011268583 -0.009884113 -0.034497361 -0.004717429 -0.021718583 0.693380515 -0.89312235 2.728817696
258.621 0 0 0 0 0 0 0 0 0 0 0 0 0 0 0 0 0 0 0 0 0 0 0 0 0 0 0 0 0 0 0 0 0 0 0 0 0 0 0 0 0 0 0 0 0 0 0 0 0 0 0 0 0 0 0 0 0 0 0 0 0 0 0 0 0 0 0 0 0 0 0 0 0 0 0 0 0 0 0 0 0 0 0 0 0 0 0 0 0 0 0 0 0 0 0 0 0 0 0 0 0 0 0 0 0 0 0 0 0.001439434 -0.001478452 -0.045537688 -0.228083435 -0.29421757 -0.103477647 -1.037152148 -4.74924826 -19.20074148
261.821 0 0 0 0 0 0 0 0 0 0 0 0 0 0 0 0 0 0 0 0 0 0 0 0 0 0 0 0 0 0 0 0 0 0 0 0 0 0 0 0 0 0 0 0 0 0 0 0 0 0 0 0 0 0 0 0 0 0 0 0 0 0 0 0 0 0 0 0 0 0 0 0 0 0 0 0 0 0 0 0 0 0 0 0 0 0 0 0 0 0 0 0 0 0 0 0 0 0 0 0 0 0 0 0 0 0 0 0.001157771 0.008251399 0.013144364 -0.071068616 -0.10527407 -0.150226111 0.189524534 -1.469625213 0.030430637 1.392812867
265.023 0 0 0 0 0 0 0 0 0 0 0 0 0 0 0 0 0 0 0 0 0 0 0 0 0 0 0 0 0 0 0 0 0 0 0 0 0 0 0 0 0 0 0 0 0 0 0 0 0 0 0 0 0 0 0 0 0 0 0 0 0 0 0 0 0 0 0 0 0 0 0 0 0 0 0 0 0 0 0 0 0 0 0 0 0 0 0 0 0 0 0 0 0 0 0 0 0 0 0 0 0 0 0 0 0 0 0.016926647 0.012521259 0.007723311 -0.023968695 -0.083382521 -0.122106757 -0.019093074 -0.148145775 0.464215613 -1.463521486 -3.035126231
268.228 0 0 0 0 0 0 0 0 0 0 0 0 0 0 0 0 0 0 0 0 0 0 0 0 0 0 0 0 0 0 0 0 0 0 0 0 0 0 0 0 0 0 0 0 0 0 0 0 0 0 0 0 0 0 0 0 0 0 0 0 0 0 0 0 0 0 0 0 0 0 0 0 0 0 0 0 0 0 0 0 0 0 0 0 0 0 0 0 0 0 0 0 0 0 0 0 0 0 0 0 0 0 0 0 0 0.012121529 0.007506511 -0.002027706 -0.073480913 -0.083452943 -0.054791146 -0.104503021 -0.052293858 -0.53518402 -0.102142389 -4.661385114 -30.76674224
271.434 0 0 0 0 0 0 0 0 0 0 0 0 0 0 0 0 0 0 0 0 0 0 0 0 0 0 0 0 0 0 0 0 0 0 0 0 0 0 0 0 0 0 0 0 0 0 0 0 0 0 0 0 0 0 0 0 0 0 0 0 0 0 0 0 0 0 0 0 0 0 0 0 0 0 0 0 0 0 0 0 0 0 0 0 0 0 0 0 0 0 0 0 0 0 0 0 0 0 0 0 0 0 0 0 0.018437018 0.026191509 0.014587643 -0.013505607 -0.000248 -0.067028866 -0.046433129 0.009560062 9.97e-05 -0.202647096 -0.748142696 -1.508941149 15.19638162
274.643 0 0 0 0 0 0 0 0 0 0 0 0 0 0 0 0 0 0 0 0 0 0 0 0 0 0 0 0 0 0 0 0 0 0 0 0 0 0 0 0 0 0 0 0 0 0 0 0 0 0 0 0 0 0 0 0 0 0 0 0 0 0 0 0 0 0 0 0 0 0 0 0 0 0 0 0 0 0 0 0 0 0 0 0 0 0 0 0 0 0 0 0 0 0 0 0 0 0 0 0 0 0 0 0.030263603 0.040191711 0.02742385 0.015978368 0.007880965 0.030544089 0.038211758 0.008779035 0.006289754 0.121086265 0.033411705 1.189409284 2.597608128 9.801211248
277.854 0 0 0 0 0 0 0 0 0 0 0 0 0 0 0 0 0 0 0 0 0 0 0 0 0 0 0 0 0 0 0 0 0 0 0 0 0 0 0 0 0 0 0 0 0 0 0 0 0 0 0 0 0 0 0 0 0 0 0 0 0 0 0 0 0 0 0 0 0 0 0 0 0 0 0 0 0 0 0 0 0 0 0 0 0 0 0 0 0 0 0 0 0 0 0 0 0 0 0 0 0 0 0.029862778 0.026852524 0.02965409 0.029240457 -0.01888366 -0.00969877 0.007737988 -0.018385758 -0.047454895 -0.053955377 -0.101065715 -0.241686235 -2.013678109 -8.092379998 -23.68062889
281.068 0 0 0 0 0 0 0 0 0 0 0 0 0 0 0 0 0 0 0 0 0 0 0 0 0 0 0 0 0 0 0 0 0 0 0 0 0 0 0 0 0 0 0 0 0 0 0 0 0 0 0 0 0 0 0 0 0 0 0 0 0 0 0 0 0 0 0 0 0 0 0 0 0 0 0 0 0 0 0 0 0 0 0 0 0 0 0 0 0 0 0 0 0 0 0 0 0 0 0 0 0 0.047772784 0.046220361 0.040682879 0.043382331 0.022818008 0.006382018 0.027491236 0.023670787 0.004467555 0.019434103 0.044464147 0.175160028 -0.258129518 -0.59046113 -3.45920823 19.44565595
284.283 0 0 0 0 0 0 0 0 0 0 0 0 0 0 0 0 0 0 0 0 0 0 0 0 0 0 0 0 0 0 0 0 0 0 0 0 0 0 0 0 0 0 0 0 0 0 0 0 0 0 0 0 0 0 0 0 0 0 0 0 0 0 0 0 0 0 0 0 0 0 0 0 0 0 0 0 0 0 0 0 0 0 0 0 0 0 0 0 0 0 0 0 0 0 0 0 0 0 0 0 0.083947201 0.081520191 0.082275636 0.074646265 0.054287566 0.038805408 0.061855947 0.054667039 0.069117663 0.073822317 0.107134987 0.112615123 0.139358218 1.002999656 1.06446462 8.595270572 8.799390032
287.501 0 0 0 0 0 0 0 0 0 0 0 0 0 0 0 0 0 0 0 0 0 0 0 0 0 0 0 0 0 0 0 0 0 0 0 0 0 0 0 0 0 0 0 0 0 0 0 0 0 0 0 0 0 0 0 0 0 0 0 0 0 0 0 0 0 0 0 0 0 0 0 0 0 0 0 0 0 0 0 0 0 0 0 0 0 0 0 0 0 0 0 0 0 0 0 0 0 0 0 0.154911092 0.159724824 0.136114816 0.121965092 0.10761526 0.072423477 0.0748429 0.062969499 0.056753671 0.064866215 0.028814327 0.046388654 0.1055403 0.059642786 0.086083432 0.644605913 0.461014693 4.714731755
290.72 0 0 0 0 0 0 0 0 0 0 0 0 0 0 0 0 0 0 0 0 0 0 0 0 0 0 0 0 0 0 0 0 0 0 0 0 0 0 0 0 0 0 0 0 0 0 0 0 0 0 0 0 0 0 0 0 0 0 0 0 0 0 0 0 0 0 0 0 0 0 0 0 0 0 0 0 0 0 0 0 0 0 0 0 0 0 0 0 0 0 0 0 0 0 0 0 0 0 0.236954628 0.248495459 0.235443199 0.223291982 0.17068833 0.138305099 0.114010272 0.104306891 0.096466663 0.084304477 0.062242229 0.046906447 0.085696805 0.149141968 0.136147573 0.594941431 1.504647407 6.684105199 24.05897268
293.942 0 0 0 0 0 0 0 0 0 0 0 0 0 0 0 0 0 0 0 0 0 0 0 0 0 0 0 0 0 0 0 0 0 0 0 0 0 0 0 0 0 0 0 0 0 0 0 0 0 0 0 0 0 0 0 0 0 0 0 0 0 0 0 0 0 0 0 0 0 0 0 0 0 0 0 0 0 0 0 0 0 0 0 0 0 0 0 0 0 0 0 0 0 0 0 0 0 0.256084457 0.313266148 0.336846838 0.329738637 0.284677393 0.2421253 0.185737005 0.15680561 0.130509296 0.096580688 0.08404258 0.077972815 0.066645135 0.094375738 0.078194738 0.266406761 0.538238311 1.174836291 0.609229389 -16.87310961
297.166 0 0 0 0 0 0 0 0 0 0 0 0 0 0 0 0 0 0 0 0 0 0 0 0 0 0 0 0 0 0 0 0 0 0 0 0 0 0 0 0 0 0 0 0 0 0 0 0 0 0 0 0 0 0 0 0 0 0 0 0 0 0 0 0 0 0 0 0 0 0 0 0 0 0 0 0 0 0 0 0 0 0 0 0 0 0 0 0 0 0 0 0 0 0 0 0 0.214685967 0.317205319 0.367133163 0.40197802 0.384987501 0.311781 0.272792706 0.222933925 0.176492568 0.136867259 0.111076356 0.083054446 0.090116722 0.047694382 0.059019237 0.12735299 0.345277071 0.387042283 1.626507489 10.36502156 -6.821892367
300.392 0 0 0 0 0 0 0 0 0 0 0 0 0 0 0 0 0 0 0 0 0 0 0 0 0 0 0 0 0 0 0 0 0 0 0 0 0 0 0 0 0 0 0 0 0 0 0 0 0 0 0 0 0 0 0 0 0 0 0 0 0 0 0 0 0 0 0 0 0 0 0 0 0 0 0 0 0 0 0 0 0 0 0 0 0 0 0 0 0 0 0 0 0 0 0 0.126061095 0.241012904 0.357466604 0.411575546 0.43849984 0.415606622 0.37179566 0.302701748 0.257987769 0.208123411 0.161965847 0.130165009 0.119629513 0.092916238 0.088512684 0.089329134 0.091322083 0.106443838 0.655448267 0.807144467 -2.586054913 16.51532898
303.62 0 0 0 0 0 0 0 0 0 0 0 0 0 0 0 0 0 0 0 0 0 0 0 0 0 0 0 0 0 0 0 0 0 0 0 0 0 0 0 0 0 0 0 0 0 0 0 0 0 0 0 0 0 0 0 0 0 0 0 0 0 0 0 0 0 0 0 0 0 0 0 0 0 0 0 0 0 0 0 0 0 0 0 0 0 0 0 0 0 0 0 0 0 0 0.056087651 0.131583602 0.251380446 0.361385858 0.433883393 0.450849398 0.428226912 0.379232327 0.331618725 0.257167228 0.195571539 0.14948308 0.119065989 0.103037122 0.073426292 0.054101713 0.050120353 0.093521804 -0.012478565 0.094938936 -0.746383094 -4.858202972 -20.87867916
306.85 0 0 0 0 0 0 0 0 0 0 0 0 0 0 0 0 0 0 0 0 0 0 0 0 0 0 0 0 0 0 0 0 0 0 0 0 0 0 0 0 0 0 0 0 0 0 0 0 0 0 0 0 0 0 0 0 0 0 0 0 0 0 0 0 0 0 0 0 0 0 0 0 0 0 0 0 0 0 0 0 0 0 0 0 0 0 0 0 0 0 0 0 0 0.030018495 0.060276066 0.137872037 0.262667202 0.369022941 0.422659117 0.447026407 0.430009613 0.380471694 0.323702037 0.259582377 0.208714481 0.161790984 0.134342944 0.093936859 0.094872479 0.080384327 0.079519619 0.10581692 0.211726886 -0.030799851 1.854445165 -0.174115914 -1.474798675
310.082 0 0 0 0 0 0 0 0 0 0 0 0 0 0 0 0 0 0 0 0 0 0 0 0 0 0 0 0 0 0 0 0 0 0 0 0 0 0 0 0 0 0 0 0 0 0 0 0 0 0 0 0 0 0 0 0 0 0 0 0 0 0 0 0 0 0 0 0 0 0 0 0 0 0 0 0 0 0 0 0 0 0 0 0 0 0 0 0 0 0 0 0 0.02082665 0.035966434 0.068885298 0.137710647 0.247628648 0.344999836 0.405388764 0.430575573 0.415533137 0.367709628 0.315997867 0.252242053 0.21033805 0.165705112 0.134944916 0.1308954 0.099558881 0.106344627 0.142575466 0.178942858 0.156041483 0.112656239 0.755102279 2.232459025 6.754221898
313.316 0 0 0 0 0 0 0 0 0 0 0 0 0 0 0 0 0 0 0 0 0 0 0 0 0 0 0 0 0 0 0 0 0 0 0 0 0 0 0 0 0 0 0 0 0 0 0 0 0 0 0 0 0 0 0 0 0 0 0 0 0 0 0 0 0 0 0 0 0 0 0 0 0 0 0 0 0 0 0 0 0 0 0 0 0 0 0 0 0 0 0 0.013039834 0.019043179 0.037030012 0.067974806 0.13722015 0.231417864 0.327540523 0.373272652 0.395640123 0.385681156 0.338793634 0.281308308 0.223524633 0.18218202 0.153147644 0.114901523 0.101835579 0.086366337 0.067666097 0.086469282 0.091790682 0.069548018 -0.365043101 -0.344046063 -10.6606802 -12.10030738
316.553 0 0 0 0 0 0 0 0 0 0 0 0 0 0 0 0 0 0 0 0 0 0 0 0 0 0 0 0 0 0 0 0 0 0 0 0 0 0 0 0 0 0 0 0 0 0 0 0 0 0 0 0 0 0 0 0 0 0 0 0 0 0 0 0 0 0 0 0 0 0 0 0 0 0 0 0 0 0 0 0 0 0 0 0 0 0 0 0 0 0 0.018316462 0.021034917 0.029610974 0.040602667 0.075326554 0.135988163 0.221002438 0.30302123 0.350330955 0.370491979 0.351632066 0.313978271 0.269244287 0.2316244 0.178957964 0.157650448 0.125198641 0.115120713 0.10799135 0.087702637 0.131655121 0.077512641 0.278630698 0.615671294 2.033233491 4.705832209 0.723685962
319.791 0 0 0 0 0 0 0 0 0 0 0 0 0 0 0 0 0 0 0 0 0 0 0 0 0 0 0 0 0 0 0 0 0 0 0 0 0 0 0 0 0 0 0 0 0 0 0 0 0 0 0 0 0 0 0 0 0 0 0 0 0 0 0 0 0 0 0 0 0 0 0 0 0 0 0 0 0 0 0 0 0 0 0 0 0 0 0 0 0 0.013244429 0.018636009 0.024951459 0.034248641 0.050148623 0.075991107 0.125607497 0.206541194 0.279766846 0.322293582 0.335414191 0.320859632 0.299700596 0.249074721 0.205620333 0.161113205 0.13800526 0.118602712 0.106939517 0.098051153 0.077864605 0.072768184 0.102135639 0.17777746 0.097902914 -0.245647825 -4.485631332 -20.67742865
323.031 0 0 0 0 0 0 0 0 0 0 0 0 0 0 0 0 0 0 0 0 0 0 0 0 0 0 0 0 0 0 0 0 0 0 0 0 0 0 0 0 0 0 0 0 0 0 0 0 0 0 0 0 0 0 0 0 0 0 0 0 0 0 0 0 0 0 0 0 0 0 0 0 0 0 0 0 0 0 0 0 0 0 0 0 0 0 0 0 0.016439936 0.01944023 0.025478999 0.031509069 0.04350955 0.058400657 0.085563745 0.134984553 0.2120284 0.2809153 0.298892964 0.317661812 0.3049484 0.266780397 0.24108278 0.205429139 0.173954412 0.144298654 0.138897317 0.118398943 0.118889727 0.171817861 0.130329938 0.138160303 0.461784694 0.581223393 1.78220312 7.989070293 25.10308218
326.273 0 0 0 0 0 0 0 0 0 0 0 0 0 0 0 0 0 0 0 0 0 0 0 0 0 0 0 0 0 0 0 0 0 0 0 0 0 0 0 0 0 0 0 0 0 0 0 0 0 0 0 0 0 0 0 0 0 0 0 0 0 0 0 0 0 0 0 0 0 0 0 0 0 0 0 0 0 0 0 0 0 0 0 0 0 0 0 0.012815409 0.018293617 0.024915333 0.028163201 0.038619903 0.046907845 0.068273786 0.087900185 0.140504577 0.204789569 0.256174201 0.286427142 0.298788533 0.279327427 0.254058665 0.232573538 0.191198089 0.16209542 0.147700311 0.114619717 0.11501892 0.126354921 0.124741974 0.126785579 0.289224337 0.253996158 0.325733254 0.805675626 0.667157474 22.51434529
329.517 0 0 0 0 0 0 0 0 0 0 0 0 0 0 0 0 0 0 0 0 0 0 0 0 0 0 0 0 0 0 0 0 0 0 0 0 0 0 0 0 0 0 0 0 0 0 0 0 0 0 0 0 0 0 0 0 0 0 0 0 0 0 0 0 0 0 0 0 0 0 0 0 0 0 0 0 0 0 0 0 0 0 0 0 0 0 0.016050601 0.019767714 0.025840091 0.028894589 0.036265427 0.050101666 0.056907351 0.07349962 0.10503479 0.149051501 0.199026352 0.248193273 0.26653433 0.280127485 0.268275135 0.245405243 0.210169754 0.18599158 0.161175672 0.146459679 0.130893467 0.11017812 0.122170726 0.110828853 0.138122578 0.240398217 0.421939244 0.957917423 2.079101025 3.057255946 15.56051389
332.763 0 0 0 0 0 0 0 0 0 0 0 0 0 0 0 0 0 0 0 0 0 0 0 0 0 0 0 0 0 0 0 0 0 0 0 0 0 0 0 0 0 0 0 0 0 0 0 0 0 0 0 0 0 0 0 0 0 0 0 0 0 0 0 0 0 0 0 0 0 0 0 0 0 0 0 0 0 0 0 0 0 0 0 0 0 0.016887606 0.019296981 0.024734518 0.029042481 0.039371534 0.042459212 0.054454671 0.05330334 0.081442997 0.112107647 0.157956478 0.19539702 0.235962465 0.252243669 0.253387653 0.25181517 0.226826655 0.19230932 0.179609663 0.157336457 0.138928387 0.139068036 0.122747353 0.128307014 0.125509269 0.125698457 0.172478059 0.255197317 0.460358838 2.440958609 3.319115563 -3.311417024
336.011 0 0 0 0 0 0 0 0 0 0 0 0 0 0 0 0 0 0 0 0 0 0 0 0 0 0 0 0 0 0 0 0 0 0 0 0 0 0 0 0 0 0 0 0 0 0 0 0 0 0 0 0 0 0 0 0 0 0 0 0 0 0 0 0 0 0 0 0 0 0 0 0 0 0 0 0 0 0 0 0 0 0 0 0 0.014393577 0.019802996 0.023096586 0.028565087 0.03281505 0.040487319 0.044597117 0.06128133 0.069615257 0.091649588 0.119839638 0.152336287 0.190784253 0.224196142 0.237499122 0.24297692 0.235696337 0.209803454 0.198886116 0.174905292 0.151212059 0.136492684 0.125223089 0.115826704 0.110528725 0.11808053 0.151078701 0.169302739 0.289779254 0.123803162 -1.223887698 3.128412546 11.68693763
339.261 0 0 0 0 0 0 0 0 0 0 0 0 0 0 0 0 0 0 0 0 0 0 0 0 0 0 0 0 0 0 0 0 0 0 0 0 0 0 0 0 0 0 0 0 0 0 0 0 0 0 0 0 0 0 0 0 0 0 0 0 0 0 0 0 0 0 0 0 0 0 0 0 0 0 0 0 0 0 0 0 0 0 0 0.014632726 0.016446966 0.025861744 0.028495801 0.033705346 0.042599791 0.047656216 0.059367453 0.064184786 0.082058336 0.103626125 0.126082376 0.157021855 0.192108152 0.222419953 0.235982141 0.232140807 0.222766282 0.211589697 0.184577413 0.173430976 0.149512575 0.146775825 0.12791123 0.142065067 0.165049203 0.161623549 0.206958945 0.361848859 0.187267832 0.673190979 0.012313215 7.374109519 19.98068858
342.512 0 0 0 0 0 0 0 0 0 0 0 0 0 0 0 0 0 0 0 0 0 0 0 0 0 0 0 0 0 0 0 0 0 0 0 0 0 0 0 0 0 0 0 0 0 0 0 0 0 0 0 0 0 0 0 0 0 0 0 0 0 0 0 0 0 0 0 0 0 0 0 0 0 0 0 0 0 0 0 0 0 0 0.013848069 0.018439239 0.026627957 0.029369534 0.034709502 0.039931504 0.043419904 0.056769485 0.064395013 0.071950963 0.091184172 0.102508303 0.132528119 0.163445821 0.195874522 0.214129543 0.221164488 0.21808663 0.219012688 0.20327004 0.192700186 0.174831175 0.16350954 0.15187947 0.155600068 0.147063679 0.168646796 0.182235813 0.175303112 0.238869551 0.277501216 0.603763907 -0.112841507 3.8023659 10.08263397
345.766 0 0 0 0 0 0 0 0 0 0 0 0 0 0 0 0 0 0 0 0 0 0 0 0 0 0 0 0 0 0 0 0 0 0 0 0 0 0 0 0 0 0 0 0 0 0 0 0 0 0 0 0 0 0 0 0 0 0 0 0 0 0 0 0 0 0 0 0 0 0 0 0 0 0 0 0 0 0 0 0 0 0.017262584 0.019826947 0.024381898 0.02967749 0.035602517 0.040472596 0.050162942 0.059942601 0.058200202 0.069812134 0.080866401 0.098694629 0.115975923 0.139438043 0.162283896 0.199975344 0.208921027 0.2158409 0.21831632 0.21291967 0.204650239 0.193706726 0.178490038 0.173728678 0.152516944 0.166167626 0.161332772 0.1854948 0.185108602 0.244162132 0.274005056 0.510824416 0.467958328 0.956885382 0.204322232 20.27427303
349.021 0 0 0 0 0 0 0 0 0 0 0 0 0 0 0 0 0 0 0 0 0 0 0 0 0 0 0 0 0 0 0 0 0 0 0 0 0 0 0 0 0 0 0 0 0 0 0 0 0 0 0 0 0 0 0 0 0 0 0 0 0 0 0 0 0 0 0 0 0 0 0 0 0 0 0 0 0 0 0 0 0.015322599 0.018720943 0.023305929 0.028829768 0.035630359 0.03911203 0.047267511 0.050145026 0.056806601 0.069853108 0.080940381 0.086126431 0.101001015 0.124671555 0.143370183 0.165174429 0.189591288 0.205095746 0.207837666 0.208131514 0.1985291 0.197711894 0.18225926 0.171831598 0.156180269 0.152799784 0.141883086 0.147529902 0.176410003 0.175034987 0.210642709 0.097179274 0.035696386 -0.073757782 0.111597662 -6.180041252 -38.41920751
352.278 0 0 0 0 0 0 0 0 0 0 0 0 0 0 0 0 0 0 0 0 0 0 0 0 0 0 0 0 0 0 0 0 0 0 0 0 0 0 0 0 0 0 0 0 0 0 0 0 0 0 0 0 0 0 0 0 0 0 0 0 0 0 0 0 0 0 0 0 0 0 0 0 0 0 0 0 0 0 0 0.019460461 0.026525242 0.030243806 0.035344911 0.036597328 0.046324894 0.052436134 0.057795066 0.071676787 0.06826767 0.080142219 0.093272469 0.105089671 0.116959774 0.135042236 0.153452033 0.177846959 0.198596058 0.20731852 0.214634569 0.212281161 0.214790726 0.204791843 0.204213567 0.200168598 0.189113819 0.189554302 0.192897485 0.204474569 0.225642568 0.264524974 0.28611194 0.395439539 0.6357991 0.853050107 1.163912827 4.678484139 33.99500689
355.537 0 0 0 0 0 0 0 0 0 0 0 0 0 0 0 0 0 0 0 0 0 0 0 0 0 0 0 0 0 0 0 0 0 0 0 0 0 0 0 0 0 0 0 0 0 0 0 0 0 0 0 0 0 0 0 0 0 0 0 0 0 0 0 0 0 0 0 0 0 0 0 0 0 0 0 0 0 0 0.020863117 0.022418575 0.028580752 0.034144143 0.038541526 0.044846443 0.052057512 0.062223885 0.06245515 0.07385946 0.082419506 0.090403636 0.100495586 0.108956255 0.126019698 0.138314967 0.162074372 0.180733022 0.199335627 0.214132143 0.203334182 0.218665939 0.215175486 0.210511545 0.201085167 0.202310455 0.208071172 0.198332826 0.210424365 0.202800705 0.257075296 0.301514125 0.326577138 0.307807467 0.329896496 0.749755445 -0.423363596 -2.148892518 3.558035473
358.798 0 0 0 0 0 0 0 0 0 0 0 0 0 0 0 0 0 0 0 0 0 0 0 0 0 0 0 0 0 0 0 0 0 0 0 0 0 0 0 0 0 0 0 0 0 0 0 0 0 0 0 0 0 0 0 0 0 0 0 0 0 0 0 0 0 0 0 0 0 0 0 0 0 0 0 0 0 0.017309056 0.022821529 0.027724474 0.033318616 0.038737914 0.046211737 0.050646885 0.057289415 0.065403391 0.072140288 0.078616554 0.089084357 0.0951594 0.10707476 0.114193596 0.128985995 0.144478932 0.167311175 0.185217108 0.202548802 0.209626302 0.209539607 0.217731807 0.220287131 0.210222053 0.211380481 0.207435544 0.218159438 0.207433476 0.2119184 0.233246142 0.231670192 0.270397728 0.268648978 0.217341125 0.385948445 0.229484914 0.057712431 0.46842466 -14.24599481
362.061 0 0 0 0 0 0 0 0 0 0 0 0 0 0 0 0 0 0 0 0 0 0 0 0 0 0 0 0 0 0 0 0 0 0 0 0 0 0 0 0 0 0 0 0 0 0 0 0 0 0 0 0 0 0 0 0 0 0 0 0 0 0 0 0 0 0 0 0 0 0 0 0 0 0 0 0 0.015013386 0.019081936 0.026326162 0.031228324 0.041095916 0.050152676 0.051196367 0.060170246 0.070428519 0.071353419 0.078162907 0.088941505 0.096340778 0.10504334 0.121445577 0.127080609 0.137617384 0.154712714 0.167705606 0.187774297 0.19709274 0.202448556 0.217596644 0.210139584 0.226914662 0.210835785 0.215372404 0.208211652 0.214307494 0.219545867 0.224469643 0.23873857 0.248939334 0.264849748 0.287222687 0.240937005 0.405498106 0.366702523 -0.178520069 -3.878360548 -22.64313255
365.325 0 0 0 0 0 0 0 0 0 0 0 0 0 0 0 0 0 0 0 0 0 0 0 0 0 0 0 0 0 0 0 0 0 0 0 0 0 0 0 0 0 0 0 0 0 0 0 0 0 0 0 0 0 0 0 0 0 0 0 0 0 0 0 0 0 0 0 0 0 0 0 0 0 0 0 0.01491447 0.018948497 0.023874029 0.030622609 0.03881613 0.04855398 0.055476964 0.059617757 0.069193899 0.072009993 0.080626891 0.091471624 0.093989883 0.104584824 0.111167287 0.122425956 0.133047527 0.146455973 0.160486301 0.175663539 0.184826921 0.197032348 0.211439242 0.218199995 0.217592223 0.221775478 0.2168024 0.224131831 0.226615858 0.226776675 0.235943859 0.221258613 0.274282599 0.267031637 0.255615667 0.273248684 0.217361506 0.22694864 0.097083933 -2.250293329 -7.566186891 -24.54835643
368.591 0 0 0 0 0 0 0 0 0 0 0 0 0 0 0 0 0 0 0 0 0 0 0 0 0 0 0 0 0 0 0 0 0 0 0 0 0 0 0 0 0 0 0 0 0 0 0 0 0 0 0 0 0 0 0 0 0 0 0 0 0 0 0 0 0 0 0 0 0 0 0 0 0 0 0.01571587 0.01846832 0.027737292 0.032878251 0.041994281 0.049995381 0.056396972 0.064201524 0.07107706 0.07673221 0.083167044 0.093981426 0.10326796 0.111698067 0.11664263 0.127186164 0.137178897 0.14480627 0.154718118 0.171677404 0.190371689 0.20415031 0.214227085 0.215717147 0.228660086 0.230189871 0.22258832 0.242951672 0.240271147 0.243487302 0.250915905 0.259310365 0.26769243 0.2836331 0.305870303 0.308739018 0.331126356 0.357156725 0.507463362 0.756390631 2.135143341 10.77047122 16.44428359
371.859 0 0 0 0 0 0 0 0 0 0 0 0 0 0 0 0 0 0 0 0 0 0 0 0 0 0 0 0 0 0 0 0 0 0 0 0 0 0 0 0 0 0 0 0 0 0 0 0 0 0 0 0 0 0 0 0 0 0 0 0 0 0 0 0 0 0 0 0 0 0 0 0 0 0.016824513 0.019097054 0.024849185 0.03256766 0.038906049 0.051793242 0.057680599 0.064475382 0.07587199 0.083836809 0.090610792 0.095791659 0.108547168 0.114657166 0.122162091 0.12989324 0.13833237 0.149565495 0.154393358 0.16732239 0.178840301 0.185653398 0.211791739 0.21865071 0.222611416 0.224263618 0.238885868 0.237255884 0.248840235 0.243142277 0.263777443 0.260680134 0.271893003 0.293877011 0.313617474 0.334851491 0.374185892 0.414761564 0.432867687 0.796454984 0.446216903 2.561827149 7.33636016 14.62954164
375.128 0 0 0 0 0 0 0 0 0 0 0 0 0 0 0 0 0 0 0 0 0 0 0 0 0 0 0 0 0 0 0 0 0 0 0 0 0 0 0 0 0 0 0 0 0 0 0 0 0 0 0 0 0 0 0 0 0 0 0 0 0 0 0 0 0 0 0 0 0 0 0 0 0.012803455 0.016737058 0.024290521 0.029100375 0.037808643 0.044164046 0.051898106 0.061702818 0.073814342 0.083534065 0.085686505 0.095557173 0.105208119 0.116075573 0.124332536 0.12892595 0.135849099 0.144660134 0.150647593 0.158511857 0.170178273 0.182941506 0.197824355 0.205335775 0.222371356 0.227832823 0.233615588 0.239509669 0.244505135 0.246915561 0.259586009 0.257802955 0.261906279 0.274013567 0.299661252 0.298755847 0.329338152 0.317969233 0.345079265 0.369910374 0.274396222 0.389395007 0.611903698 -0.96102191 -0.890073927
378.399 0 0 0 0 0 0 0 0 0 0 0 0 0 0 0 0 0 0 0 0 0 0 0 0 0 0 0 0 0 0 0 0 0 0 0 0 0 0 0 0 0 0 0 0 0 0 0 0 0 0 0 0 0 0 0 0 0 0 0 0 0 0 0 0 0 0 0 0 0 0 0 0.016087683 0.018627637 0.024859922 0.029392299 0.038672024 0.045533983 0.054690057 0.064157743 0.074716441 0.08124055 0.091112438 0.098779213 0.107131367 0.11913047 0.129300201 0.133520959 0.143451674 0.15192483 0.154894348 0.165645262 0.173748031 0.183245873 0.198211225 0.201501497 0.21303329 0.225617489 0.228300806 0.239154845 0.2457154 0.250610797 0.262516889 0.264934348 0.280112595 0.30252336 0.298026946 0.335785707 0.321947599 0.364504049 0.348052787 0.421559672 0.420633538 0.599634795 0.479955082 1.265145098 1.68312099 26.21860881
381.672 0 0 0 0 0 0 0 0 0 0 0 0 0 0 0 0 0 0 0 0 0 0 0 0 0 0 0 0 0 0 0 0 0 0 0 0 0 0 0 0 0 0 0 0 0 0 0 0 0 0 0 0 0 0 0 0 0 0 0 0 0 0 0 0 0 0 0 0 0 0 0.014952161 0.016711818 0.021816776 0.030279284 0.037259128 0.040898847 0.052161337 0.064678001 0.072854424 0.082788124 0.092966654 0.104372319 0.110940388 0.121238499 0.130170864 0.131299033 0.145473051 0.154832041 0.160116159 0.164144358 0.176414369 0.178073639 0.18335191 0.20131831 0.207750838 0.222532601 0.232158788 0.237726792 0.24574457 0.253164351 0.254705055 0.26686176 0.268276443 0.277684445 0.295582864 0.310872706 0.326345759 0.34314977 0.366375457 0.361946444 0.368411421 0.458885299 0.77821983 0.803873376 2.048979272 7.001410981 12.58741846
384.947 0 0 0 0 0 0 0 0 0 0 0 0 0 0 0 0 0 0 0 0 0 0 0 0 0 0 0 0 0 0 0 0 0 0 0 0 0 0 0 0 0 0 0 0 0 0 0 0 0 0 0 0 0 0 0 0 0 0 0 0 0 0 0 0 0 0 0 0 0 0.013527381 0.017205671 0.022953767 0.026822845 0.034419656 0.043748132 0.051522746 0.060950906 0.069605528 0.085352204 0.092438216 0.104472381 0.112929047 0.122291684 0.131206805 0.138365339 0.144678301 0.149735862 0.16046699 0.166502591 0.177899484 0.182039879 0.185400622 0.18724959 0.200984744 0.210133303 0.22290872 0.231571499 0.237468493 0.247333959 0.253250976 0.261277547 0.264073887 0.278598361 0.288520872 0.29785473 0.316034192 0.322323145 0.348530684 0.385582019 0.387632343 0.428409292 0.473840266 0.43235005 0.573702882 -0.180289206 0.980478657 38.5403975
388.223 0 0 0 0 0 0 0 0 0 0 0 0 0 0 0 0 0 0 0 0 0 0 0 0 0 0 0 0 0 0 0 0 0 0 0 0 0 0 0 0 0 0 0 0 0 0 0 0 0 0 0 0 0 0 0 0 0 0 0 0 0 0 0 0 0 0 0 0 0.01498715 0.01836225 0.020562185 0.029264642 0.033303162 0.039364989 0.050392949 0.060759222 0.071195289 0.083462182 0.092098161 0.10286735 0.108175965 0.12191571 0.133266853 0.139372512 0.144633902 0.155094112 0.162818889 0.169632181 0.174912428 0.183602387 0.193427494 0.193211039 0.202913108 0.205337209 0.212745989 0.228725423 0.231381028 0.232977701 0.245715655 0.252587736 0.257548802 0.262667478 0.28188915 0.290236727 0.304922408 0.30860603 0.329543044 0.359693441 0.350967613 0.417993504 0.412473524 0.475996242 0.516051426 0.923945258 2.380114328 4.777885103 34.60900181
391.5 0 0 0 0 0 0 0 0 0 0 0 0 0 0 0 0 0 0 0 0 0 0 0 0 0 0 0 0 0 0 0 0 0 0 0 0 0 0 0 0 0 0 0 0 0 0 0 0 0 0 0 0 0 0 0 0 0 0 0 0 0 0 0 0 0 0 0 0.012690465 0.013830222 0.021675942 0.024491254 0.03408979 0.037576908 0.047657447 0.057757609 0.063296491 0.074299414 0.087026172 0.098855036 0.104520737 0.121123475 0.129795888 0.133945312 0.145499077 0.15007343 0.161723545 0.167247743 0.175965937 0.183529053 0.181096997 0.189951453 0.200625391 0.204603594 0.207569733 0.214854201 0.222166378 0.231877576 0.240011764 0.237462572 0.249751792 0.261183012 0.267808961 0.278496471 0.300257555 0.311940098 0.335140365 0.350814191 0.370341758 0.385406356 0.410054855 0.42335088 0.419302669 0.584874174 0.685349549 0.983279585 6.540864152 19.97074152
394.78 0 0 0 0 0 0 0 0 0 0 0 0 0 0 0 0 0 0 0 0 0 0 0 0 0 0 0 0 0 0 0 0 0 0 0 0 0 0 0 0 0 0 0 0 0 0 0 0 0 0 0 0 0 0 0 0 0 0 0 0 0 0 0 0 0 0 0.016670908 0.018310198 0.02230217 0.02420258 0.032671529 0.038426473 0.046793929 0.054898509 0.065929142 0.076099268 0.083364011 0.093096529 0.107060608 0.115054019 0.127060746 0.134420886 0.145756966 0.153668126 0.157718141 0.171012453 0.172048183 0.183198567 0.182475057 0.191818781 0.195565777 0.203426389 0.207648776 0.215241251 0.219169527 0.228936401 0.226955226 0.242258189 0.249315331 0.255973398 0.26275225 0.262238311 0.278237568 0.300029664 0.313394866 0.340692989 0.351656187 0.372477325 0.39442172 0.407878279 0.482820148 0.433912577 0.467011927 1.158894137 0.922187744 0.70478469 13.02775895
398.061 0 0 0 0 0 0 0 0 0 0 0 0 0 0 0 0 0 0 0 0 0 0 0 0 0 0 0 0 0 0 0 0 0 0 0 0 0 0 0 0 0 0 0 0 0 0 0 0 0 0 0 0 0 0 0 0 0 0 0 0 0 0 0 0 0 0.009537539 0.015047029 0.018606463 0.022900087 0.028930382 0.034585246 0.039969977 0.053514848 0.058904033 0.069465001 0.077440917 0.08950936 0.098392453 0.112594839 0.124580449 0.128861375 0.137828256 0.152094152 0.157662827 0.165493138 0.174845835 0.18095368 0.183116021 0.190046317 0.197561649 0.200897557 0.204215114 0.210370345 0.213133888 0.217906594 0.221415782 0.227969171 0.234847938 0.240540815 0.242584785 0.259679542 0.264804841 0.276422487 0.293053948 0.310052584 0.349007258 0.346716067 0.352686508 0.360308632 0.378086475 0.434794008 0.365594856 0.384407776 0.167766064 0.117672002 -3.89760412 6.822528296
401.343 0 0 0 0 0 0 0 0 0 0 0 0 0 0 0 0 0 0 0 0 0 0 0 0 0 0 0 0 0 0 0 0 0 0 0 0 0 0 0 0 0 0 0 0 0 0 0 0 0 0 0 0 0 0 0 0 0 0 0 0 0 0 0 0 0.016693895 0.01510844 0.018665019 0.023872524 0.029142472 0.036128027 0.042026987 0.049620705 0.058599457 0.066806368 0.078358817 0.084871397 0.101381718 0.104044194 0.120529698 0.128504315 0.141276608 0.147616077 0.1547523 0.167143266 0.173969854 0.178041187 0.188929815 0.189942427 0.200099327 0.199388556 0.203622241 0.209297606 0.211386504 0.217518258 0.216336663 0.225125682 0.230553056 0.233361095 0.241108706 0.242171694 0.259167676 0.266643674 0.282192174 0.304991271 0.317063013 0.347473279 0.350119955 0.379706226 0.392238784 0.387237193 0.448083265 0.48688685 0.527303871 0.666264863 3.058176311 -0.898733651 18.621929
404.627 0 0 0 0 0 0 0 0 0 0 0 0 0 0 0 0 0 0 0 0 0 0 0 0 0 0 0 0 0 0 0 0 0 0 0 0 0 0 0 0 0 0 0 0 0 0 0 0 0 0 0 0 0 0 0 0 0 0 0 0 0 0 0 0.008333325 0.011053783 0.01420519 0.018885294 0.026576429 0.034096197 0.039940074 0.046033854 0.053205096 0.061901689 0.070787831 0.081003263 0.096207608 0.100549738 0.111653489 0.122112471 0.132997326 0.14261446 0.151041163 0.157905053 0.163610325 0.173557556 0.177165176 0.183736329 0.194273111 0.203021119 0.203444687 0.208348932 0.207255455 0.20966518 0.212716584 0.215880655 0.219435724 0.227508552 0.229266664 0.232383265 0.238112466 0.245865788 0.261305489 0.271874574 0.29637808 0.321808567 0.327194261 0.353524914 0.392780607 0.358487656 0.374400185 0.36256492 0.353316878 0.448055802 0.179708069 0.681718666 -1.587727015 -14.32346475
407.912 0 0 0 0 0 0 0 0 0 0 0 0 0 0 0 0 0 0 0 0 0 0 0 0 0 0 0 0 0 0 0 0 0 0 0 0 0 0 0 0 0 0 0 0 0 0 0 0 0 0 0 0 0 0 0 0 0 0 0 0 0 0 0.01347767 0.013473899 0.020293928 0.023575909 0.02815437 0.033597875 0.040592388 0.0462462 0.052561914 0.062973167 0.072640849 0.080158302 0.091607884 0.101566346 0.110056779 0.12365176 0.130293156 0.13916866 0.149083644 0.157326281 0.164337467 0.173246338 0.179566122 0.187273094 0.195116041 0.199384325 0.203779634 0.209521299 0.208835873 0.216099335 0.215694388 0.219681731 0.215580977 0.226975196 0.23605202 0.235374267 0.236401416 0.242233992 0.258018843 0.26491757 0.282733107 0.300454736 0.324464837 0.339430526 0.374828479 0.394844264 0.400950928 0.394909506 0.445809778 0.430272455 0.682462545 0.535642309 0.730497768 3.61162693 4.999402541
411.2 0 0 0 0 0 0 0 0 0 0 0 0 0 0 0 0 0 0 0 0 0 0 0 0 0 0 0 0 0 0 0 0 0 0 0 0 0 0 0 0 0 0 0 0 0 0 0 0 0 0 0 0 0 0 0 0 0 0 0 0 0 0.015530701 0.016116586 0.020603866 0.026567226 0.030383041 0.033662142 0.0422407 0.046474474 0.054485319 0.060256781 0.070816917 0.078596208 0.085655305 0.100486117 0.10376844 0.115995253 0.124892045 0.13844992 0.146561183 0.153410615 0.165403773 0.168731627 0.177970868 0.186788941 0.191794351 0.197049067 0.201377925 0.20998607 0.213727304 0.217009186 0.222790468 0.21652646 0.22084459 0.226711082 0.225352517 0.23565623 0.229904559 0.237230083 0.239286378 0.258659563 0.279496996 0.288598397 0.318874113 0.332214292 0.358228895 0.397185791 0.403857 0.44356684 0.448173175 0.45586531 0.660153712 0.720921874 1.864770499 3.315264621 10.21028983 14.09769319
414.488 0 0 0 0 0 0 0 0 0 0 0 0 0 0 0 0 0 0 0 0 0 0 0 0 0 0 0 0 0 0 0 0 0 0 0 0 0 0 0 0 0 0 0 0 0 0 0 0 0 0 0 0 0 0 0 0 0 0 0 0 0.009034723 0.012743911 0.012937864 0.019796461 0.022205106 0.02988984 0.034010409 0.040394956 0.048732899 0.056296091 0.064648597 0.071113765 0.084187833 0.088688281 0.097336444 0.11074077 0.116030191 0.126224726 0.13752993 0.150136106 0.155379757 0.161971024 0.169234696 0.172775867 0.184260188 0.189638504 0.196905361 0.199423418 0.205366585 0.20957625 0.206404069 0.213942719 0.213944552 0.211747525 0.215508944 0.214937992 0.218814725 0.221735636 0.223883871 0.233668523 0.259707778 0.253822105 0.28419301 0.290911638 0.314577913 0.3446491 0.361353878 0.383811192 0.415795045 0.382843709 0.4482827 0.378723413 0.306225469 0.035567311 -0.655199982 -5.749638292 -0.818424701
417.778 0 0 0 0 0 0 0 0 0 0 0 0 0 0 0 0 0 0 0 0 0 0 0 0 0 0 0 0 0 0 0 0 0 0 0 0 0 0 0 0 0 0 0 0 0 0 0 0 0 0 0 0 0 0 0 0 0 0 0 0.011317161 0.011229505 0.017855446 0.018412002 0.02388221 0.029397138 0.033768153 0.039897704 0.045513591 0.053415583 0.058459256 0.066509139 0.077395366 0.086405968 0.091682981 0.106153701 0.112777174 0.122425067 0.129988407 0.139163611 0.149917232 0.154287596 0.163761113 0.170626633 0.178968973 0.183808763 0.186253653 0.19369513 0.200828847 0.203927083 0.20541816 0.209868602 0.211929498 0.208495133 0.21170011 0.211311991 0.214815994 0.223441233 0.224097451 0.227997198 0.236595963 0.254580176 0.261702091 0.271434202 0.293459204 0.311092018 0.343338566 0.353542595 0.379263345 0.408226872 0.393451941 0.384190957 0.483582508 0.443183487 0.157262742 0.808701298 2.185950622 -11.31774136
421.069 0 0 0 0 0 0 0 0 0 0 0 0 0 0 0 0 0 0 0 0 0 0 0 0 0 0 0 0 0 0 0 0 0 0 0 0 0 0 0 0 0 0 0 0 0 0 0 0 0 0 0 0 0 0 0 0 0 0 0.011310752 0.013071842 0.011446067 0.019936941 0.021109511 0.029571486 0.032898613 0.036910812 0.041536283 0.049897509 0.059298456 0.066571921 0.074025729 0.084128014 0.091394476 0.100307754 0.109137366 0.11497374 0.122241566 0.131932937 0.145700333 0.151446823 0.157249596 0.164730643 0.171660678 0.177177244 0.187370919 0.190775335 0.197003702 0.202124122 0.202751837 0.205550041 0.208852858 0.213019394 0.20813099 0.208056415 0.212212547 0.213742423 0.217314953 0.217053005 0.226008251 0.227266359 0.242412254 0.260087487 0.287460643 0.294757576 0.313992378 0.329081397 0.354130187 0.383464732 0.386690126 0.380965328 0.349222674 0.297838564 0.31962976 0.409995266 1.070097608 -1.505085416 2.375707786
424.362 0 0 0 0 0 0 0 0 0 0 0 0 0 0 0 0 0 0 0 0 0 0 0 0 0 0 0 0 0 0 0 0 0 0 0 0 0 0 0 0 0 0 0 0 0 0 0 0 0 0 0 0 0 0 0 0 0 0.010272378 0.007489117 0.014594658 0.019296381 0.023726066 0.025295915 0.02951823 0.034516626 0.043787467 0.048855741 0.055237468 0.063931127 0.073171863 0.081898256 0.08971777 0.090208528 0.106038947 0.113931645 0.119006963 0.131069223 0.136732337 0.145666578 0.155740698 0.159329074 0.167636245 0.173193935 0.178970753 0.184538153 0.18736108 0.192137801 0.197971763 0.205570566 0.204525277 0.209899887 0.20731361 0.210288833 0.212855437 0.20714412 0.212260198 0.22013646 0.22211792 0.220145047 0.23678447 0.249747093 0.264099207 0.279261101 0.3108296 0.325744732 0.3358586 0.368556839 0.378684584 0.389760906 0.395292986 0.405019791 0.488114455 0.534407564 0.406964125 1.81233722 1.108188716 0
427.657 0 0 0 0 0 0 0 0 0 0 0 0 0 0 0 0 0 0 0 0 0 0 0 0 0 0 0 0 0 0 0 0 0 0 0 0 0 0 0 0 0 0 0 0 0 0 0 0 0 0 0 0 0 0 0 0 0.005213994 0.008381641 0.012248471 0.01274169 0.020109838 0.024068103 0.028958295 0.030647042 0.040155533 0.046306338 0.052184885 0.056629262 0.067995626 0.072718779 0.080003558 0.090936346 0.095580463 0.105538061 0.111254973 0.119417946 0.129278489 0.13709452 0.144540597 0.151521012 0.160319348 0.163328658 0.172475323 0.175377333 0.179380838 0.184633029 0.18867483 0.194031982 0.196398649 0.200741318 0.200340371 0.199483916 0.199611445 0.200617967 0.200060843 0.207643887 0.20737758 0.210863632 0.216454952 0.230220501 0.236876056 0.25669695 0.269922864 0.29010004 0.309671706 0.337363184 0.335150355 0.369303533 0.345101658 0.338037292 0.356136242 0.282941536 0.345848891 0.251931725 -0.2005701 -0.617168404 0
430.952 0 0 0 0 0 0 0 0 0 0 0 0 0 0 0 0 0 0 0 0 0 0 0 0 0 0 0 0 0 0 0 0 0 0 0 0 0 0 0 0 0 0 0 0 0 0 0 0 0 0 0 0 0 0 0 0.007942886 0.011127973 0.011859011 0.015262904 0.019031725 0.024122634 0.028772515 0.034234932 0.038085248 0.043251968 0.051277742 0.056900015 0.064166092 0.069916384 0.080773916 0.085825805 0.095171928 0.103346843 0.1122008 0.11811186 0.12605614 0.134702281 0.140027747 0.146793747 0.154184547 0.162067125 0.165912456 0.167898291 0.179703537 0.182232208 0.184466734 0.1862438 0.195817869 0.195851706 0.203034966 0.202578661 0.197935517 0.198654225 0.202909276 0.204002442 0.204423068 0.207043682 0.222235895 0.21790881 0.229701647 0.247209159 0.256365904 0.281167905 0.295421045 0.31558316 0.344114326 0.362018611 0.376559238 0.386808808 0.366780536 0.452127943 0.43403907 0.485864767 0.763798143 1.980445809 0 0
434.249 0 0 0 0 0 0 0 0 0 0 0 0 0 0 0 0 0 0 0 0 0 0 0 0 0 0 0 0 0 0 0 0 0 0 0 0 0 0 0 0 0 0 0 0 0 0 0 0 0 0 0 0 0 0 0.007409861 0.006796641 0.010634457 0.013520977 0.01516249 0.021455585 0.026492893 0.029670183 0.031596284 0.04017428 0.047390597 0.048780162 0.057495252 0.062591788 0.073062627 0.077822838 0.0924774 0.096081835 0.103364761 0.11091834 0.120645483 0.126213113 0.133527969 0.136039524 0.146078327 0.152971372 0.159670752 0.163970648 0.169729778 0.178027825 0.175576588 0.180632964 0.187917667 0.191004086 0.194231403 0.194332566 0.193271672 0.193212341 0.193559992 0.196733192 0.196515453 0.193895018 0.203845592 0.202778156 0.213904372 0.222377629 0.236707436 0.250053535 0.275061917 0.297628698 0.320392819 0.332056832 0.354160249 0.358763598 0.364990825 0.347458234 0.370808755 0.473185273 0.421444915 0.498756758 -1.346091756 0 0
437.548 0 0 0 0 0 0 0 0 0 0 0 0 0 0 0 0 0 0 0 0 0 0 0 0 0 0 0 0 0 0 0 0 0 0 0 0 0 0 0 0 0 0 0 0 0 0 0 0 0 0 0 0 0 0.007384008 0.00791569 0.008791147 0.010421644 0.0135842 0.018594094 0.023893165 0.025912034 0.031929631 0.03681098 0.043699823 0.050400125 0.054453102 0.062796468 0.066197015 0.076269315 0.08503219 0.09311058 0.097887177 0.105639965 0.113350214 0.120740636 0.124441653 0.136479163 0.139701957 0.144475212 0.152437963 0.159798957 0.159942834 0.170307421 0.169201625 0.17811558 0.181916038 0.181135252 0.187194454 0.192631403 0.193639259 0.194602144 0.196625964 0.193950619 0.192416344 0.193529289 0.196171836 0.196123994 0.205032818 0.209258359 0.216383646 0.232472647 0.252034196 0.274860604 0.286206874 0.312902547 0.324908956 0.338159153 0.334028971 0.334293258 0.368041206 0.335167775 0.369176149 0.336524287 0.150040927 0 0 0
440.848 0 0 0 0 0 0 0 0 0 0 0 0 0 0 0 0 0 0 0 0 0 0 0 0 0 0 0 0 0 0 0 0 0 0 0 0 0 0 0 0 0 0 0 0 0 0 0 0 0 0 0 0 0.006089273 0.009259848 0.011787199 0.013294258 0.014749646 0.021064726 0.022375128 0.029058494 0.032344026 0.03469155 0.042722609 0.049674022 0.053261821 0.055224415 0.067592984 0.073560479 0.079566692 0.088711376 0.098046574 0.101871647 0.11018079 0.115752672 0.121528377 0.127428099 0.134179832 0.140198269 0.148312403 0.154903337 0.159663573 0.164825843 0.16838189 0.17064195 0.176942224 0.179788199 0.182451635 0.184730397 0.187114701 0.190337565 0.194379229 0.195135475 0.19215418 0.193238122 0.193240873 0.191377467 0.196871224 0.207021769 0.210665023 0.222882789 0.235014314 0.255064319 0.264984219 0.300951047 0.308378255 0.344283557 0.356012823 0.365571661 0.373134955 0.358858937 0.391489728 0.4078812 0.484058699 0.59439703 0 0 0
444.149 0 0 0 0 0 0 0 0 0 0 0 0 0 0 0 0 0 0 0 0 0 0 0 0 0 0 0 0 0 0 0 0 0 0 0 0 0 0 0 0 0 0 0 0 0 0 0 0 0 0 0 0.005514716 0.007205732 0.009134087 0.010820968 0.012344661 0.014988798 0.019256612 0.023967485 0.026662705 0.033079297 0.038431656 0.042431707 0.04831221 0.054176839 0.06154119 0.070731109 0.072542299 0.081739552 0.087854746 0.095119589 0.102605071 0.10789994 0.114603121 0.121062704 0.128406391 0.133269389 0.136169557 0.144990111 0.149309913 0.15350127 0.163337608 0.165346788 0.167066999 0.170658067 0.172679434 0.176362012 0.181916212 0.182952656 0.184270279 0.18756049 0.184158557 0.184279987 0.186960547 0.19183186 0.18778616 0.19440064 0.195467146 0.207005277 0.217615245 0.225345552 0.248069396 0.259951473 0.286839423 0.300199196 0.326614409 0.317601791 0.349690056 0.356610534 0.330709567 0.322143422 0.341819648 0.276438648 0 0 0 0
447.451 0 0 0 0 0 0 0 0 0 0 0 0 0 0 0 0 0 0 0 0 0 0 0 0 0 0 0 0 0 0 0 0 0 0 0 0 0 0 0 0 0 0 0 0 0 0 0 0 0 0 0.008739447 0.006825029 0.009918216 0.013007372 0.013029514 0.015629646 0.019741953 0.024770727 0.028515848 0.03213833 0.037963794 0.041328747 0.046994929 0.04922714 0.057587954 0.061704762 0.06704454 0.075632026 0.082589433 0.089540643 0.096175301 0.104153677 0.111165855 0.115381966 0.124418499 0.125238 0.13291259 0.139916158 0.143745318 0.145070459 0.152623398 0.155126849 0.159698765 0.165332795 0.165771519 0.169317942 0.173622636 0.174301246 0.178192661 0.185157549 0.180128712 0.182342869 0.185651059 0.183677851 0.19109968 0.188340724 0.192679257 0.194550519 0.202171781 0.219256495 0.235840162 0.245384055 0.271214427 0.283388962 0.302450883 0.321635941 0.345729813 0.342134874 0.35395307 0.352520834 0.391691232 0.480982182 0.446192755 0 0 0 0
450.755 0 0 0 0 0 0 0 0 0 0 0 0 0 0 0 0 0 0 0 0 0 0 0 0 0 0 0 0 0 0 0 0 0 0 0 0 0 0 0 0 0 0 0 0 0 0 0 0 0 0.004666107 0.005784037 0.008635554 0.011813117 0.012045264 0.013744608 0.018641515 0.020595568 0.021942634 0.023738714 0.032131853 0.036271179 0.043947027 0.04515721 0.05314548 0.057222857 0.064459248 0.072041741 0.081963277 0.084527672 0.08868875 0.097632144 0.103138145 0.108829433 0.113868367 0.11893234 0.124545285 0.129648822 0.13613655 0.140335866 0.145469537 0.152388541 0.151307493 0.157208337 0.156561213 0.161800352 0.164464913 0.165474224 0.170442978 0.170712304 0.173970576 0.172805761 0.173535532 0.177012669 0.178140947 0.175772417 0.181084279 0.184513016 0.188903663 0.199984294 0.208525777 0.227164796 0.238760167 0.259844958 0.27938947 0.299116494 0.308314855 0.323036412 0.329472212 0.334765956 0.310194851 0.357632788 0.346560886 0 0 0 0 0
454.06 0 0 0 0 0 0 0 0 0 0 0 0 0 0 0 0 0 0 0 0 0 0 0 0 0 0 0 0 0 0 0 0 0 0 0 0 0 0 0 0 0 0 0 0 0 0 0 0 0.006957633 0.006208057 0.00762781 0.010939589 0.01388131 0.012700155 0.015713539 0.019777117 0.021952916 0.025966024 0.030119087 0.034001514 0.039569881 0.041862516 0.050180349 0.054130457 0.061095999 0.065197289 0.072970782 0.078819614 0.082517835 0.090649005 0.097999252 0.103547185 0.108798654 0.115681007 0.115449876 0.127057425 0.130214758 0.133715265 0.134972321 0.142185265 0.145359715 0.147860687 0.1534837 0.155744424 0.15881346 0.162141001 0.164653074 0.166380179 0.169029439 0.171626525 0.169284779 0.170054481 0.172092655 0.171087235 0.178111135 0.179910492 0.180006091 0.184584548 0.195480429 0.205345391 0.217042746 0.240982889 0.258912342 0.277174672 0.290356944 0.294228149 0.318447749 0.324726133 0.335464634 0.36856049 0.294486499 0.363482178 0 0 0 0 0
457.366 0 0 0 0 0 0 0 0 0 0 0 0 0 0 0 0 0 0 0 0 0 0 0 0 0 0 0 0 0 0 0 0 0 0 0 0 0 0 0 0 0 0 0 0 0 0 0 0.002588379 0.003832533 0.006559591 0.006940718 0.008285343 0.011917632 0.014672484 0.017584458 0.019581849 0.022019971 0.025324149 0.029147793 0.035856101 0.037927158 0.042935863 0.048840977 0.055214147 0.058276726 0.066525496 0.070496635 0.077328245 0.08118227 0.090147087 0.095338442 0.100739939 0.108195643 0.112629584 0.118228317 0.120552533 0.125490859 0.130625441 0.132574462 0.137006027 0.13928418 0.146832233 0.149818634 0.148663381 0.151067835 0.15765175 0.155593445 0.161990411 0.163856547 0.163682046 0.162751983 0.168236369 0.166656786 0.170091199 0.173037467 0.175498524 0.174627112 0.179029764 0.187668453 0.194099421 0.211165857 0.2319548 0.252540725 0.270521869 0.272102403 0.297102652 0.297567684 0.318105061 0.309905525 0.311595324 0.319184397 0 0 0 0 0 0
460.673 0 0 0 0 0 0 0 0 0 0 0 0 0 0 0 0 0 0 0 0 0 0 0 0 0 0 0 0 0 0 0 0 0 0 0 0 0 0 0 0 0 0 0 0 0 0 0.006361811 0.00672054 0.008186057 0.00742914 0.009970241 0.011662218 0.014677671 0.018872656 0.018157697 0.023082352 0.023800127 0.028996067 0.03268152 0.033482995 0.040889906 0.045874926 0.052371369 0.056592194 0.061313005 0.067289793 0.071523229 0.079171832 0.083969101 0.0905265 0.094996407 0.101694736 0.105067998 0.108543217 0.112858235 0.118177682 0.122456697 0.125245401 0.130476395 0.134114337 0.1412655 0.139238232 0.142841861 0.1481981 0.148076611 0.149605959 0.152292791 0.156701522 0.155241814 0.161214963 0.159533728 0.161441054 0.163655005 0.164179527 0.167970875 0.169926259 0.176439006 0.179764145 0.190191975 0.19366795 0.216055044 0.234333796 0.240639059 0.258203207 0.277997086 0.28056887 0.297258893 0.308041588 0.323758373 0.307566172 0 0 0 0 0 0 0
463.982 0 0 0 0 0 0 0 0 0 0 0 0 0 0 0 0 0 0 0 0 0 0 0 0 0 0 0 0 0 0 0 0 0 0 0 0 0 0 0 0 0 0 0 0 0 0.004193835 0.004827969 0.006092675 0.007084939 0.01024227 0.010930885 0.014673799 0.014655328 0.018214274 0.020022857 0.022689465 0.026881998 0.029954467 0.032565729 0.037634849 0.041586846 0.039837721 0.055146313 0.059473884 0.060678069 0.069148846 0.073022147 0.079350811 0.083792742 0.088075913 0.096581145 0.100075886 0.105526888 0.108796468 0.111965879 0.118066445 0.118916906 0.123306406 0.125090248 0.129318057 0.132847942 0.136570727 0.137710412 0.137982079 0.142989535 0.144501252 0.14527152 0.151809952 0.153520648 0.154633549 0.157733978 0.154533244 0.155621457 0.159100756 0.159421831 0.162141116 0.168873613 0.173469284 0.184341883 0.189340757 0.205562644 0.225948358 0.235664591 0.253877841 0.272067329 0.282402 0.295156425 0.300216305 0.288449842 0.311816888 0 0 0 0 0 0 0.711682768
467.292 0 0 0 0 0 0 0 0 0 0 0 0 0 0 0 0 0 0 0 0 0 0 0 0 0 0 0 0 0 0 0 0 0 0 0 0 0 0 0 0 0 0 0 0 0.00292525 0.003583333 0.005878613 0.005590997 0.009121488 0.010441467 0.011252353 0.01436838 0.01516637 0.018741721 0.022013253 0.022264749 0.027070593 0.029799571 0.036792911 0.037647812 0.040279394 0.045039477 0.051466215 0.054058645 0.062032112 0.062946341 0.071555693 0.077674421 0.081105256 0.085262293 0.093369004 0.094056139 0.100709864 0.105045706 0.10758931 0.109823865 0.115223839 0.119067578 0.1232335 0.125693896 0.129338555 0.130018311 0.130583296 0.138589582 0.137265942 0.138943902 0.140053566 0.141702663 0.145822976 0.145909041 0.148897274 0.148261651 0.152508175 0.154531006 0.155970199 0.156696487 0.166832093 0.170714058 0.175296903 0.191096383 0.194368213 0.210114755 0.225356529 0.237969022 0.262267993 0.273027254 0.270484832 0.273501542 0.285539424 0 0 0 0 0 0 0 5.253294506
470.603 0 0 0 0 0 0 0 0 0 0 0 0 0 0 0 0 0 0 0 0 0 0 0 0 0 0 0 0 0 0 0 0 0 0 0 0 0 0 0 0 0 0 0 0.004366434 0.006351453 0.006132819 0.007833241 0.010668574 0.010526818 0.012723767 0.013805619 0.015649945 0.019968691 0.021167447 0.022624989 0.02646064 0.030364871 0.033953577 0.037985941 0.039172613 0.042888156 0.048172608 0.054880928 0.058143415 0.06543042 0.066042535 0.072868217 0.077763823 0.082284054 0.087681217 0.089790807 0.09414713 0.099168203 0.104890875 0.104591556 0.111122295 0.114322183 0.115133735 0.11926335 0.121404002 0.12300925 0.127961563 0.127276876 0.129058443 0.13131944 0.133819763 0.136867869 0.140799975 0.141531053 0.146407168 0.142269463 0.146257529 0.14849148 0.149194918 0.150558503 0.157459217 0.160363177 0.16389842 0.170208006 0.188868172 0.202261991 0.208240173 0.224977045 0.239945775 0.253951718 0.263742483 0.274799903 0.279473414 0.281997613 0 0 0 0 0 0 5.385286266 13.35209119
473.915 0 0 0 0 0 0 0 0 0 0 0 0 0 0 0 0 0 0 0 0 0 0 0 0 0 0 0 0 0 0 0 0 0 0 0 0 0 0 0 0 0 0 0.003315868 0.00471983 0.003925263 0.006809656 0.007032679 0.009627579 0.009826615 0.012716166 0.01587221 0.016349648 0.020202463 0.021393264 0.022305526 0.027265823 0.028141597 0.032052979 0.037893077 0.037261072 0.041784776 0.050687185 0.05202591 0.055001333 0.059723514 0.06532082 0.071319258 0.076319581 0.078073053 0.084196754 0.089247692 0.091584121 0.095746413 0.100094714 0.104808478 0.105390241 0.107422088 0.111250102 0.112167717 0.118567754 0.11822221 0.122205346 0.121920368 0.124075538 0.12856107 0.128679316 0.132393648 0.134643128 0.133102107 0.138563116 0.138368375 0.140515353 0.138379818 0.143529046 0.140936582 0.149148169 0.158391851 0.163546109 0.164749048 0.181231449 0.187799962 0.203789298 0.216339476 0.235837612 0.248727435 0.250086206 0.266170622 0.260458139 0 0 0 0 0 0 0 -0.797106842 -16.36978979
477.228 0 0 0 0 0 0 0 0 0 0 0 0 0 0 0 0 0 0 0 0 0 0 0 0 0 0 0 0 0 0 0 0 0 0 0 0 0 0 0 0 0 0.001403939 0.003979886 0.004489075 0.00483729 0.006326596 0.007925964 0.007420088 0.011812288 0.013106529 0.014909562 0.017610327 0.017825197 0.023275251 0.025239434 0.026139374 0.02757907 0.032551743 0.034775659 0.037427385 0.042468552 0.049402826 0.052078101 0.056101896 0.057962069 0.066212566 0.069372259 0.07113503 0.076883678 0.081240962 0.08457544 0.089344987 0.091758717 0.09398184 0.098235534 0.104236004 0.103374128 0.108046652 0.107815314 0.110971315 0.1134938 0.118336334 0.118743267 0.11646745 0.122747756 0.118843081 0.125983757 0.12507896 0.127323907 0.130889011 0.134326867 0.133834608 0.133853465 0.132430052 0.140876555 0.148088005 0.150261651 0.154249672 0.157118534 0.169821326 0.180739931 0.202689473 0.212241716 0.225482064 0.228936972 0.239962409 0.241926399 0.26199733 0 0 0 0 0 0 -0.533369925 0.038280778 -7.480013508
480.542 0 0 0 0 0 0 0 0 0 0 0 0 0 0 0 0 0 0 0 0 0 0 0 0 0 0 0 0 0 0 0 0 0 0 0 0 0 0 0 0 0.002809404 0.003288263 0.003978644 0.005466057 0.00522278 0.007162091 0.010416936 0.010382794 0.012570744 0.014337332 0.01530702 0.01670391 0.020163615 0.023091102 0.025052356 0.027399625 0.027515338 0.033100327 0.038471629 0.038557966 0.042762007 0.046180104 0.052934135 0.055104848 0.059056881 0.064187919 0.064869015 0.072825951 0.077982795 0.079638413 0.083716566 0.087010155 0.088570458 0.09396156 0.0964369 0.099712298 0.100860557 0.103776376 0.109217323 0.109176466 0.110689526 0.111827822 0.113884683 0.113692329 0.116486361 0.118952373 0.120892964 0.125839079 0.126495838 0.12823774 0.12794522 0.127288569 0.13206482 0.134081152 0.134978756 0.139873266 0.146954734 0.147492974 0.160161978 0.167690418 0.181552254 0.193296924 0.200212493 0.21455281 0.230735875 0.245850846 0.235337951 0 0 0 0 0 0 0 -0.149183424 -6.727743188 -2.97667964
483.858 0 0 0 0 0 0 0 0 0 0 0 0 0 0 0 0 0 0 0 0 0 0 0 0 0 0 0 0 0 0 0 0 0 0 0 0 0 0 0 0.00365347 0.003994924 0.004322077 0.006409795 0.007475788 0.007890909 0.009848254 0.010264068 0.011433106 0.013358648 0.016376654 0.018649972 0.021441058 0.022608796 0.025071732 0.027312243 0.029571875 0.032935949 0.03285281 0.039186566 0.040585976 0.044148412 0.047495921 0.052231181 0.056428721 0.061431067 0.066284597 0.068488674 0.072467979 0.074998941 0.080097714 0.084693278 0.087226579 0.091229729 0.093709455 0.09546387 0.097512206 0.099253849 0.105163913 0.102848888 0.106974593 0.108287255 0.107834343 0.109906038 0.11288236 0.11190534 0.118127753 0.121915872 0.121381561 0.118822365 0.122598876 0.123573177 0.130242977 0.129224549 0.129465479 0.133993334 0.141598416 0.144841734 0.150384902 0.157838862 0.168612922 0.179154811 0.184165973 0.20229806 0.216812279 0.228680943 0.230620556 0.240505643 0 0 0 0 0 0 0.285719731 0.803538279 -1.210524456 5.946380477
487.174 0 0 0 0 0 0 0 0 0 0 0 0 0 0 0 0 0 0 0 0 0 0 0 0 0 0 0 0 0 0 0 0 0 0 0 0 0 0 0.003321089 0.00431687 0.004710617 0.005503489 0.005704272 0.006816819 0.008832616 0.007544495 0.010511558 0.01412197 0.014846711 0.015852351 0.01834739 0.021023258 0.024205812 0.022755946 0.026932279 0.029238363 0.031625301 0.03410384 0.038887698 0.04331874 0.043844483 0.050448883 0.052618462 0.054046059 0.059667076 0.061386654 0.066381876 0.069480514 0.075198694 0.078212025 0.0791376 0.081573433 0.087722185 0.089886746 0.089774398 0.093490701 0.094798145 0.096491424 0.101142169 0.101971773 0.102579129 0.108627129 0.106082299 0.108163021 0.111717186 0.110409826 0.111144296 0.112696658 0.118819185 0.119642152 0.122548699 0.122929903 0.120987703 0.125612395 0.124839704 0.12835714 0.135972679 0.141691401 0.148171079 0.16166309 0.16964434 0.189783401 0.190786328 0.205301566 0.211175837 0.229160712 0 0 0 0 0 0 0 0.23863916 -0.647837081 -2.185773442 -15.69401643
490.492 0 0 0 0 0 0 0 0 0 0 0 0 0 0 0 0 0 0 0 0 0 0 0 0 0 0 0 0 0 0 0 0 0 0 0 0 0 0.004664338 0.003611462 0.005652084 0.004937946 0.006986814 0.007506348 0.008013114 0.009845833 0.009902779 0.013017434 0.015743139 0.016162436 0.019456623 0.022750231 0.022736649 0.023611931 0.027822755 0.030288624 0.030372258 0.03088972 0.034444713 0.03940243 0.043940336 0.044552017 0.047386 0.053987675 0.054466583 0.059264523 0.061076837 0.066634442 0.069552424 0.072538316 0.073192971 0.079012038 0.083327716 0.084723467 0.088636888 0.088369056 0.090554056 0.092343864 0.09697333 0.096857108 0.100504326 0.099975421 0.10181492 0.104220388 0.104959916 0.106153524 0.108378647 0.109387199 0.110962353 0.109665015 0.115689964 0.117127794 0.12038201 0.1184714 0.123321037 0.128899408 0.129250526 0.131847017 0.148192407 0.147244844 0.156054666 0.169782798 0.181606201 0.189418421 0.205613986 0.211701075 0.224325445 0 0 0 0 0 0 0.249220137 0.542573383 0.700182664 1.240621407 8.965453926
493.81 0 0 0 0 0 0 0 0 0 0 0 0 0 0 0 0 0 0 0 0 0 0 0 0 0 0 0 0 0 0 0 0 0 0 0 0 0.004174155 0.004543095 0.004220473 0.005178176 0.006899947 0.00653624 0.009874789 0.008458484 0.010917346 0.011644421 0.013011294 0.012078736 0.017622204 0.017361575 0.019083432 0.020371733 0.023536322 0.025374338 0.02836541 0.028564139 0.034007633 0.03379287 0.036803321 0.041098887 0.045529158 0.047888205 0.050743969 0.054577109 0.059442081 0.063016573 0.064685911 0.067532734 0.070115742 0.073027966 0.076591446 0.078349025 0.083962646 0.085343754 0.086339832 0.086751062 0.089765035 0.091122595 0.090521177 0.092041329 0.100211617 0.095549576 0.09932599 0.101413845 0.100041623 0.100629326 0.103774701 0.107872858 0.107017211 0.111445346 0.115884179 0.117054031 0.117129816 0.11655727 0.120903532 0.127761826 0.131328253 0.138379713 0.144599187 0.151719221 0.167641021 0.17412059 0.189100583 0.198464708 0.209703887 0 0 0 0 0 0 0 0.354404009 0.382509786 1.207172826 1.22131363 14.21255129
497.13 0 0 0 0 0 0 0 0 0 0 0 0 0 0 0 0 0 0 0 0 0 0 0 0 0 0 0 0 0 0 0 0 0 0 0 0.004563779 0.003996072 0.004734045 0.005231913 0.004718122 0.006748172 0.006144194 0.008284392 0.01041673 0.010402138 0.012785006 0.014246486 0.015836286 0.015980391 0.01802855 0.022450517 0.022969309 0.023968704 0.028593753 0.029907354 0.027283832 0.032374408 0.036193256 0.037845331 0.042489254 0.044472339 0.046632261 0.050713025 0.053059001 0.054751356 0.058318492 0.061993905 0.063971753 0.067260438 0.071397839 0.076398612 0.076056436 0.080874299 0.083116571 0.08204148 0.081972403 0.085476982 0.087303506 0.089224996 0.090101002 0.090736266 0.093494098 0.095871269 0.094020102 0.098422664 0.098742871 0.10288356 0.103206139 0.098895155 0.108272758 0.106789068 0.110625496 0.115095096 0.11494306 0.115602774 0.122176191 0.125096031 0.135524941 0.135721461 0.147347444 0.163585902 0.16389613 0.172130214 0.191168221 0.198070992 0 0 0 0 0 0 0.191288328 0.249487427 0.176454743 1.552268673 -3.029921169 12.01309405
500.451 0 0 0 0 0 0 0 0 0 0 0 0 0 0 0 0 0 0 0 0 0 0 0 0 0 0 0 0 0 0 0 0 0 0 0.00559649 0.005788191 0.004416616 0.006689603 0.006861468 0.006340345 0.007326892 0.00834615 0.010301468 0.010343226 0.013832237 0.015116747 0.014627375 0.018182038 0.020113209 0.021520026 0.022273563 0.025389865 0.027129247 0.02938254 0.028542476 0.032246861 0.035230007 0.036072743 0.041295059 0.043241392 0.04673276 0.050643205 0.048579554 0.054189035 0.057230098 0.059550383 0.064508172 0.065026853 0.070944555 0.07095409 0.072752428 0.077639994 0.078827134 0.079027633 0.081072235 0.082477263 0.082647162 0.084438483 0.086887836 0.087284678 0.089899969 0.09023739 0.090301396 0.092371256 0.095385991 0.097154581 0.097054498 0.099175256 0.100075849 0.103323649 0.10567857 0.110129325 0.110614274 0.11279856 0.114704921 0.119969787 0.125726661 0.133736494 0.138785788 0.147041708 0.156329508 0.167130726 0.185360666 0.186754312 0 0 0 0 0 0 0 0.199087581 0.453351875 0.9186011 1.271895143 7.342624765 21.26104229
503.772 0 0 0 0 0 0 0 0 0 0 0 0 0 0 0 0 0 0 0 0 0 0 0 0 0 0 0 0 0 0 0 0 0 -0.000895 0.000292 0.002723294 0.004418467 0.001923262 0.003880805 0.006677119 0.007307576 0.008554462 0.008365065 0.010035264 0.010416667 0.012186282 0.013902442 0.015032844 0.015812497 0.016704884 0.021495025 0.022810013 0.02201926 0.026952998 0.027772348 0.028843956 0.032863027 0.035673387 0.034348956 0.03872412 0.041325573 0.043701545 0.046528988 0.04679822 0.052204108 0.055195772 0.058160636 0.063766641 0.063374903 0.064647763 0.068641437 0.071694604 0.072426838 0.075909138 0.076476594 0.075819298 0.080989341 0.079682334 0.082146096 0.081915457 0.085394709 0.088704241 0.087184713 0.085865576 0.08849694 0.090426023 0.095256045 0.090657832 0.095955666 0.093779558 0.097738747 0.099135887 0.102132716 0.103566341 0.110993664 0.112620338 0.115233379 0.121363109 0.126559348 0.135669253 0.150097303 0.154073583 0.165560759 0.171005955 0 0 0 0 0 0 0.194850731 0.202128517 0.121724691 -0.228420088 -1.231701973 1.448376221 -18.5089894
507.095 0 0 0 0 0 0 0 0 0 0 0 0 0 0 0 0 0 0 0 0 0 0 0 0 0 0 0 0 0 0 0 0 0.000651 0.000906 0.004107754 0.001836368 0.004539823 0.005672907 0.005202676 0.007056172 0.006791249 0.008959176 0.008692882 0.009928903 0.012943966 0.014656086 0.013004926 0.014272729 0.016450955 0.019955178 0.020643634 0.022552588 0.026586655 0.026732097 0.026976612 0.027744221 0.032394969 0.034811073 0.036394849 0.0400883 0.041691096 0.045911974 0.043928894 0.048061053 0.052723862 0.055475439 0.057666815 0.059257368 0.061702982 0.065663883 0.066471002 0.069227237 0.072729518 0.070986379 0.072541487 0.076724914 0.075623501 0.077469131 0.080792496 0.079822418 0.080984982 0.0826275 0.082561591 0.08359478 0.0881171 0.086194672 0.088642695 0.089861978 0.092948083 0.093549922 0.098576629 0.094377711 0.101043853 0.100519577 0.104847055 0.111528851 0.116012437 0.12354078 0.125921896 0.140243442 0.142078287 0.155445599 0.161349694 0 0 0 0 0 0 0 0.153488007 0.171044176 -0.005766688 0.183356633 -1.924310835 -0.830342383 -3.918969081
510.418 0 0 0 0 0 0 0 0 0 0 0 0 0 0 0 0 0 0 0 0 0 0 0 0 0 0 0 0 0 0 0 0.002215859 0.0009 0.004327224 0.001950302 0.003909611 0.005148341 0.006398245 0.006506199 0.006647406 0.008311061 0.0085781 0.01161496 0.011106735 0.010497982 0.012345879 0.015887598 0.014615841 0.016164281 0.019475066 0.022444625 0.023210953 0.024949548 0.027246587 0.028007973 0.030292753 0.03214039 0.033584196 0.037342432 0.038292873 0.039149019 0.044235908 0.045059253 0.04710248 0.050498903 0.052758943 0.054846888 0.057340132 0.060495623 0.062234732 0.063862309 0.064532602 0.066988125 0.072563848 0.070824251 0.074985311 0.075571298 0.075147988 0.07654488 0.078512258 0.079046878 0.081281036 0.080786696 0.081348529 0.084073922 0.083766489 0.084223472 0.089394603 0.086447799 0.09265453 0.095363774 0.095517494 0.097357192 0.099702764 0.102989227 0.104987562 0.111146988 0.114093652 0.119334409 0.124576475 0.138321807 0.141748658 0.162794112 0 0 0 0 0 0 0.203408402 0.160967012 0.107600718 0.09803119 -0.066178138 0.89074194 1.032440042 -4.742495561
513.742 0 0 0 0 0 0 0 0 0 0 0 0 0 0 0 0 0 0 0 0 0 0 0 0 0 0 0 0 0 0 0.000744 0.00159907 4.08e-07 0.003576101 0.002255198 0.002917544 0.00287306 0.003998573 0.006986313 0.008340147 0.008198632 0.010299794 0.008621333 0.010848646 0.0119588 0.014149681 0.016343651 0.017249901 0.020744844 0.022580187 0.021148424 0.024156701 0.025264563 0.026926366 0.029616443 0.028815656 0.029602578 0.033880632 0.035264748 0.038538693 0.039398398 0.043384052 0.045161538 0.046759737 0.047465608 0.051877502 0.053174544 0.053650984 0.058923773 0.062634296 0.062473008 0.065118333 0.065517513 0.066116335 0.066100089 0.070554901 0.068816821 0.072610552 0.07260928 0.072309403 0.075349413 0.078960879 0.074615845 0.078609592 0.078470804 0.079247473 0.080361548 0.083551477 0.088345191 0.083783083 0.091138196 0.087960237 0.092852455 0.094967189 0.101736295 0.106072063 0.107922958 0.11307512 0.117902551 0.119765965 0.136673612 0.146829457 0 0 0 0 0 0 0.177120433 0.155615504 0.151154483 0.126283492 0.182673481 0.434081621 0.529607695 -3.57765595 6.293752728
517.068 0 0 0 0 0 0 0 0 0 0 0 0 0 0 0 0 0 0 0 0 0 0 0 0 0 0 0 0 0 -0.001853287 -0.001024325 0.002770208 0.002307111 0.001683158 0.001889507 0.005445364 0.006568515 0.003761508 0.004976137 0.006055054 0.009126992 0.00933085 0.011976267 0.011811153 0.012078176 0.014452424 0.013231576 0.01803721 0.019975327 0.019928584 0.020981554 0.020716467 0.024879707 0.024581715 0.027322947 0.029046272 0.031565672 0.033701848 0.033136762 0.036188045 0.038646298 0.041953839 0.041104966 0.045221574 0.04891104 0.048585937 0.05403083 0.052876658 0.053179029 0.056799725 0.05839317 0.060986006 0.059304982 0.06611689 0.064386147 0.063468194 0.0686614 0.068118473 0.067187681 0.069295039 0.071878445 0.072549638 0.073425505 0.076378696 0.076209953 0.076109995 0.073704132 0.078250041 0.079501797 0.083456464 0.083790098 0.088200417 0.089345171 0.086657264 0.0959502 0.098464189 0.106554927 0.106278852 0.11030931 0.121083752 0.1318779 0.13309454 0 0 0 0 0 0 0.155888021 0.157567759 0.135010774 0.244402792 0.053600763 -0.04942236 -0.893118448 -4.002036195 2.331827961
520.394 0 0 0 0 0 0 0 0 0 0 0 0 0 0 0 0 0 0 0 0 0 0 0 0 0 0 0 0 0.003277151 0.001173482 0.003855737 0.005760225 0.003901679 0.006476971 0.006709033 0.006500488 0.007214973 0.00855899 0.010856051 0.010751978 0.008885569 0.011602077 0.011212146 0.015152388 0.013470672 0.014395072 0.017291706 0.016723475 0.018714284 0.019785299 0.022937091 0.021850496 0.024273751 0.024513344 0.02922951 0.028861103 0.030067508 0.031721296 0.033781326 0.038083861 0.038531744 0.039945022 0.043360202 0.04405463 0.049289254 0.049468243 0.049476655 0.054233777 0.056183869 0.057039204 0.059295623 0.057748461 0.062035876 0.064181483 0.064080092 0.063036193 0.065649787 0.065714353 0.069172659 0.069027672 0.068814651 0.070759258 0.070023049 0.072657164 0.073859783 0.074813138 0.075688533 0.07938801 0.080346408 0.080868362 0.085353714 0.082647064 0.088315322 0.090074415 0.093981423 0.102229711 0.103495497 0.103993836 0.109580525 0.118791236 0.132532898 0 0 0 0 0 0 0.169350031 0.167150228 0.13108923 0.148052082 0.156088668 0.231526823 0.322401962 0.424877707 2.351039037 9.541498511
523.721 0 0 0 0 0 0 0 0 0 0 0 0 0 0 0 0 0 0 0 0 0 0 0 0 0 0 0 -0.001720026 -0.00113905 -0.000495 -0.002180084 0.001726477 0.001424013 0.002877831 0.002611049 0.004732119 0.00240183 0.005577731 0.005593786 0.006558399 0.00829178 0.008179542 0.009585728 0.011427323 0.011175504 0.011627176 0.014120055 0.015751504 0.017378253 0.01764831 0.018712723 0.020221971 0.022078769 0.023034462 0.026654793 0.025061115 0.028365728 0.026879016 0.03029209 0.030746766 0.035313628 0.036889292 0.039592152 0.038637427 0.039548648 0.044721643 0.04680366 0.046764578 0.04868403 0.048664943 0.055438538 0.056192114 0.056522553 0.05678633 0.055087978 0.058762749 0.058037396 0.059522336 0.061688143 0.060498119 0.065644333 0.064727716 0.064600943 0.066974719 0.068162586 0.068250423 0.069121878 0.074212437 0.072422635 0.075143277 0.08021368 0.076739274 0.079522174 0.083018521 0.085101556 0.08773985 0.090441383 0.092784847 0.102576027 0.113322723 0.116179346 0 0 0 0 0 0 0.124159298 0.138740704 0.117212647 0.059355144 0.066237347 -0.058990539 -0.474519034 -1.980328105 -4.961097495 -19.30436288
527.048 0 0 0 0 0 0 0 0 0 0 0 0 0 0 0 0 0 0 0 0 0 0 0 0 0 0 0.006730896 0.004515612 -0.000312 0.002668184 0.005697796 0.001545472 0.002682286 0.006383432 0.007542292 0.007656913 0.006682805 0.009681419 0.00845833 0.011410869 0.010182127 0.010755688 0.010865925 0.01230601 0.014598264 0.014815957 0.016588106 0.017587329 0.0195711 0.023468406 0.022428784 0.02290249 0.021025945 0.023837111 0.027864204 0.02989557 0.027617775 0.032026562 0.033553669 0.034695222 0.039150622 0.038706697 0.039783115 0.040504278 0.043627652 0.04505761 0.047338461 0.050643093 0.05302782 0.051690088 0.053330194 0.053789589 0.058231933 0.058224133 0.059013272 0.056461226 0.058641113 0.061238172 0.061927446 0.063412536 0.062869025 0.064462744 0.066299448 0.067782279 0.065963556 0.068162267 0.070764656 0.072344641 0.071692669 0.073660753 0.076666295 0.077674857 0.080321333 0.081176366 0.086892455 0.090743972 0.091815572 0.100299086 0.104989827 0.113429376 0 0 0 0 0 0 0.157139466 0.144122589 0.135218569 0.166765178 0.142567056 0.063187581 0.273537743 0.445631166 -0.207154078 0.001662466 -6.45207622
530.377 0 0 0 0 0 0 0 0 0 0 0 0 0 0 0 0 0 0 0 0 0 0 0 0 0 -0.003863646 -0.004151363 0.002796394 0.000414 0.001578699 0.001140868 0.00245424 0.003017758 0.002647409 0.006466712 0.004883568 0.00782095 0.007669846 0.008281465 0.007929027 0.008210748 0.010758141 0.011095619 0.011150164 0.013918934 0.012829681 0.015975078 0.017449387 0.018227653 0.017808752 0.020981921 0.023888361 0.021365541 0.023256959 0.024444344 0.027909117 0.029098131 0.027963743 0.029218081 0.029640538 0.029970085 0.036848968 0.035170668 0.038831863 0.041091307 0.03937701 0.046077282 0.044554342 0.047729265 0.049647545 0.048374153 0.051737687 0.051929228 0.053812808 0.054530353 0.052448859 0.054836881 0.054974532 0.059592925 0.059136388 0.05828846 0.059931251 0.062440421 0.061607223 0.063226627 0.06284953 0.065956921 0.066872613 0.066717323 0.071070834 0.0686855 0.073846704 0.072132345 0.077556582 0.076997996 0.081764206 0.089583945 0.093669019 0.097192672 0.099776212 0 0 0 0 0 0 0.128440515 0.129072204 0.114067316 0.146283673 0.149447241 0.182674465 0.126619275 0.255812326 -0.860508871 -5.610868838 -20.10899682
533.706 0 0 0 0 0 0 0 0 0 0 0 0 0 0 0 0 0 0 0 0 0 0 0 0 0.006611628 0.004685637 0.00045 0.001830402 0.003417197 0.004059601 0.001998351 0.006372206 0.005289499 0.006862851 0.007015919 0.005038128 0.008837749 0.008134082 0.007995943 0.00930694 0.00961595 0.011036498 0.011705295 0.013633077 0.013731098 0.014838775 0.013965165 0.015440057 0.017055774 0.019178185 0.019196782 0.020837986 0.023878775 0.023031215 0.026065683 0.025541498 0.029354332 0.027025465 0.029342376 0.035165949 0.034576371 0.033491046 0.034518639 0.037437521 0.038531067 0.040094899 0.042467873 0.042975338 0.043561032 0.046470853 0.049104044 0.052463154 0.048047932 0.050412116 0.052987454 0.054887363 0.053316404 0.052778204 0.053307276 0.054993142 0.055415257 0.056561021 0.055500568 0.058707153 0.057458519 0.059802332 0.063944559 0.063181381 0.065312581 0.068241473 0.06904642 0.070460439 0.071787297 0.076909711 0.076812456 0.077220527 0.082843278 0.086888442 0.090087006 0 0 0 0 0 0 0.123524752 0.1336205 0.121191001 0.139827257 0.13907291 0.127081452 0.072597116 0.234169237 -0.01704255 -0.158716739 -4.54063254 27.41704793
537.037 0 0 0 0 0 0 0 0 0 0 0 0 0 0 0 0 0 0 0 0 0 0 0 0.005010621 0.004074312 0.003423203 0.003060018 0.004561276 0.00595403 0.005290376 0.006810317 0.006242279 0.007365437 0.007313066 0.006683645 0.006254206 0.009922704 0.009383943 0.011131562 0.009486666 0.010240255 0.011524447 0.012445556 0.013941215 0.012892295 0.016740119 0.014209516 0.016414472 0.017956422 0.019940763 0.018917221 0.021649033 0.023876707 0.024605081 0.024552726 0.027559178 0.02590914 0.029762744 0.0315805 0.032571876 0.031270703 0.034590101 0.035044356 0.040605593 0.036583035 0.040285775 0.044177824 0.042087668 0.041683555 0.045184064 0.048324675 0.048471104 0.047481976 0.048277901 0.050083525 0.050529151 0.050835838 0.053465695 0.052003674 0.051745311 0.051173203 0.056709592 0.056228478 0.055692909 0.058934941 0.058016195 0.05945338 0.06277189 0.061855627 0.062966112 0.064944834 0.066282956 0.073767425 0.071555403 0.072038131 0.079068854 0.079226719 0.086163568 0.087911537 0 0 0 0 0 0 0.120770879 0.125513126 0.118413541 0.150614482 0.116364366 0.142204049 0.114886549 0.1551781 0.65721832 1.359544866 10.2263831 -5.716464521
540.367 0 0 0 0 0 0 0 0 0 0 0 0 0 0 0 0 0 0 0 0 0 0 0.00203514 0.004557181 0.001504235 0.00347085 -0.000229 -0.000881 0.005398336 0.004250312 0.00447217 0.002140493 0.005233918 0.005339594 0.007012338 0.007915747 0.007662478 0.00718183 0.00933021 0.008528781 0.010515529 0.011768854 0.010707399 0.011954848 0.011507783 0.014118551 0.015099529 0.017062694 0.018044742 0.019063611 0.017834307 0.01849947 0.020908001 0.020468885 0.023130888 0.025539153 0.026545373 0.023606493 0.027479879 0.027829045 0.033046493 0.030487474 0.035917914 0.032312135 0.036618967 0.037622154 0.038046541 0.041392521 0.042521014 0.040026804 0.044359474 0.044370335 0.045314058 0.046274199 0.047372202 0.048168207 0.046791768 0.0495874 0.049477855 0.051998579 0.051025329 0.054196538 0.053357282 0.054564534 0.052723501 0.054614633 0.054931036 0.056890853 0.058796643 0.060228524 0.063151597 0.063060276 0.064027712 0.071246111 0.068762321 0.075473551 0.078228725 0.084921484 0 0 0 0 0 0 0.121179305 0.123778479 0.108402269 0.110672884 0.12270699 0.125579793 0.092543556 -0.022387277 -0.020431875 0.263663486 0.333722164 -1.540492086 -0.788803014
543.699 0 0 0 0 0 0 0 0 0 0 0 0 0 0 0 0 0 0 0 0 0 0.006545873 0.006716512 0.004083641 0.00430347 0.005205726 0.004763978 0.008018467 0.003748883 0.005938587 0.005213823 0.008188486 0.005902733 0.008708098 0.007332955 0.008309717 0.0091369 0.009627078 0.010920355 0.01150463 0.012310891 0.010959689 0.01172959 0.013044217 0.012675615 0.014227178 0.014451521 0.017552652 0.019499614 0.018903612 0.021500941 0.020746518 0.021707257 0.024352985 0.02442564 0.027761488 0.026710721 0.025990331 0.030990044 0.027902176 0.029661666 0.033870462 0.034797578 0.034194481 0.034335655 0.035039208 0.036882313 0.041877605 0.038215827 0.042280689 0.042442639 0.04542371 0.043533261 0.046554243 0.046180499 0.046680639 0.048682186 0.047362968 0.047432829 0.047648657 0.050254271 0.050522484 0.052283735 0.052883013 0.051587552 0.052230429 0.055965288 0.058679326 0.057926178 0.058147939 0.060839041 0.06398041 0.062889437 0.068313092 0.066948401 0.073775258 0.078160952 0.082403969 0 0 0 0 0 0 0.1190194 0.114332762 0.121747673 0.129220302 0.137766209 0.141446668 0.19431233 0.02627988 0.145630141 0.654202508 0.001230968 6.253094662 12.45120631
547.031 0 0 0 0 0 0 0 0 0 0 0 0 0 0 0 0 0 0 0 0 -0.002231513 -0.001721814 -0.001378276 -0.003983697 0.000387 0.003050383 0.001991261 0.000785 0.004212003 0.004127659 0.001388878 0.000855 0.00175004 0.005038693 0.004739868 0.007994784 0.006767242 0.007051944 0.007959683 0.007853912 0.009553521 0.009501226 0.009453305 0.010074412 0.01255598 0.012267315 0.012514869 0.012649289 0.014877038 0.01524273 0.017049612 0.017110204 0.021040492 0.01801775 0.021592946 0.021236479 0.021861914 0.022184601 0.025303657 0.026418413 0.026874202 0.023973646 0.026815407 0.031434597 0.029448956 0.031280683 0.033339532 0.035198297 0.038098598 0.038188425 0.038071405 0.039792356 0.039284599 0.040918869 0.042830171 0.040652526 0.042121565 0.042920637 0.043809038 0.044522442 0.044937547 0.045310136 0.046119114 0.046488767 0.047283686 0.0484551 0.048777749 0.048573993 0.054499278 0.053080847 0.058509775 0.057828808 0.06034311 0.061059962 0.061461591 0.06870142 0.07198061 0 0 0 0 0 0 0.102848249 0.105235627 0.111688238 0.091859645 0.098279777 0.094650759 0.088723573 0.078003387 -0.026142139 0.11828711 -0.035520317 0.116194517 -6.535581088 -5.006658719
550.364 0 0 0 0 0 0 0 0 0 0 0 0 0 0 0 0 0 0 0 0.004806274 0.004643865 -0.000434 0.005705238 0.006551809 0.00462709 0.003439907 0.002359042 0.005651986 0.004239879 0.002803062 0.005791142 0.005255189 0.00511081 0.008512026 0.00817259 0.008127025 0.008220229 0.008336543 0.009518931 0.010139186 0.010989326 0.00961457 0.010048545 0.012175722 0.013802908 0.012354846 0.013249169 0.016491451 0.015929423 0.015429393 0.018238863 0.018335215 0.019359434 0.020473556 0.024447523 0.023555149 0.024084454 0.024084892 0.02506846 0.02815232 0.028717044 0.027897203 0.029640636 0.030934454 0.028555825 0.031733011 0.036918698 0.035808337 0.034340641 0.03790227 0.038203434 0.040888187 0.040299632 0.040478254 0.040375963 0.044846726 0.041642863 0.044325394 0.04405472 0.044642212 0.044594537 0.04583282 0.044650863 0.049461763 0.048508492 0.047263666 0.048014366 0.052982915 0.052137266 0.055427714 0.056359031 0.056309971 0.058661415 0.055956687 0.063278642 0.068505135 0.067261594 0 0 0 0 0 0 0.093024525 0.102350991 0.106413655 0.103046094 0.097830555 0.08993079 0.075886895 0.111409156 0.122451986 0.259690253 -0.088138329 0.624650458 5.883681078 13.44240493
553.698 0 0 0 0 0 0 0 0 0 0 0 0 0 0 0 0 0 0 0.005606984 0.002337072 0.000753 1.27e-06 0.002098316 0.005106928 0.003871678 0.00568329 0.006044892 0.009884342 0.003278675 0.003030863 0.008225516 0.006432248 0.004073279 0.008307666 0.010086904 0.007478505 0.008403342 0.008721686 0.009000092 0.011309723 0.011565745 0.011824618 0.010095944 0.012083835 0.014758029 0.014216807 0.01435495 0.017090444 0.016881289 0.018100435 0.018405384 0.017761575 0.017686543 0.019474911 0.020184412 0.020839742 0.02264401 0.025239401 0.023022824 0.02432367 0.025623444 0.027092809 0.028629692 0.029714527 0.030361599 0.029968283 0.032025471 0.0335244 0.034298294 0.036059718 0.035286528 0.03713783 0.035378787 0.038739589 0.038268507 0.040032254 0.038596169 0.040384128 0.04133491 0.043682633 0.042953792 0.044976527 0.043209588 0.043026891 0.046661631 0.047264836 0.048889969 0.05063237 0.047792309 0.049848491 0.050416535 0.050773852 0.057990785 0.059575032 0.063164298 0.065522565 0 0 0 0 0 0 0.091976798 0.086039159 0.103455501 0.096185078 0.081079453 0.097149469 0.09881051 0.101113344 0.077029317 0.07972467 0.091330518 -0.000899 -0.9629626 -3.0091195 17.86690876
557.032 0 0 0 0 0 0 0 0 0 0 0 0 0 0 0 0 0 -0.000827 0.003207739 -0.00078 0.00015 -0.001746038 -0.003641317 -0.002827304 0.002198984 -0.001114574 0.000357 0.000341 0.002736644 0.000835 0.002111456 0.002501159 0.004700918 0.004696042 0.003093446 0.005323585 0.006506396 0.005292891 0.006239862 0.00700083 0.007883929 0.008986868 0.009244105 0.011440079 0.010670136 0.01075458 0.010343332 0.012452133 0.012541238 0.010014116 0.011984341 0.014452184 0.016581869 0.017300803 0.017218552 0.019346468 0.017700021 0.019060279 0.023979872 0.018055357 0.0245263 0.022843075 0.020553206 0.027660636 0.024706841 0.024688231 0.02781604 0.030968561 0.032433953 0.030648005 0.030571411 0.033308987 0.033816565 0.0325161 0.033966836 0.034855562 0.03422609 0.033934059 0.036889522 0.037304468 0.038095938 0.036381605 0.040292281 0.03849099 0.04173652 0.038385819 0.041153874 0.043352131 0.043092698 0.043720187 0.044708202 0.050210536 0.048339597 0.050856449 0.049673354 0.055073162 0 0 0 0 0 0 0.071238082 0.078473914 0.084738013 0.080890012 0.083407397 0.074003593 0.081197956 0.042214833 0.044235523 0.016538864 -0.041855707 -0.920520743 -1.820102114 -6.15509042 -28.8863719
560.367 0 0 0 0 0 0 0 0 0 0 0 0 0 0 0 0 0.001368045 0.006137007 -0.000646 0.007854163 0.00136783 0.006586445 0.001691385 0.003251522 0.005203532 0.001868579 0.000956 0.003894399 0.002534314 0.005268106 0.004752886 0.003677869 0.006159453 0.004063123 0.005329337 0.007150526 0.006335549 0.010659637 0.008881514 0.008444607 0.009464085 0.010343695 0.011187446 0.011463192 0.012081232 0.01282052 0.011983571 0.011413005 0.015900033 0.015708251 0.01639019 0.017608403 0.01783015 0.017691879 0.018875486 0.021156842 0.01901206 0.01982604 0.023545958 0.022608766 0.024068404 0.023337148 0.023357575 0.0237696 0.024390349 0.02702897 0.026867235 0.02978255 0.029781005 0.030847215 0.032232372 0.033868158 0.033357734 0.036025118 0.035454978 0.035149012 0.035105702 0.035074916 0.035548902 0.03715062 0.036734062 0.038728558 0.03880595 0.037945125 0.039752361 0.040887641 0.041019799 0.041081633 0.042612157 0.043310091 0.043745202 0.0502522 0.050693006 0.048129734 0.055919827 0 0 0 0 0 0 0.079570483 0.078626666 0.078171316 0.094167276 0.073460253 0.083937094 0.095043275 0.10656657 0.096171094 0.103518698 0.056995354 0.04273027 -0.329199744 -0.6893899 -3.253473637 -20.53240413
563.703 0 0 0 0 0 0 0 0 0 0 0 0 0 0 0 0.009408476 0.005866641 0.004848004 0.006354196 0.008877192 0.004442619 0.005760415 0.006545228 0.005195326 0.003679203 0.002762741 0.007959256 0.005201029 0.004112945 0.006802807 0.006125413 0.005177609 0.007747754 0.006025064 0.007694464 0.009174968 0.007830508 0.008097497 0.009090842 0.007274408 0.008490102 0.010532263 0.010019089 0.01058265 0.012079763 0.010740742 0.01248998 0.012796953 0.015077253 0.016895103 0.014434685 0.014078799 0.017346735 0.016942363 0.01947283 0.016547739 0.020244158 0.020089165 0.023847089 0.020973868 0.023311528 0.024947428 0.02559214 0.028177694 0.025176286 0.027354273 0.028405462 0.02762463 0.032149833 0.029492112 0.030068387 0.032168859 0.0325667 0.033162843 0.033630917 0.030412272 0.032643977 0.03321267 0.03560986 0.034616684 0.036801056 0.036608626 0.035633604 0.038367735 0.037236219 0.039459584 0.041153295 0.042207067 0.040960193 0.046949581 0.044145762 0.045457098 0.044983754 0.048982516 0.052412562 0 0 0 0 0 0 0.078774454 0.072598504 0.086180612 0.081119602 0.083994745 0.090079228 0.089008919 0.112309173 0.084438587 0.143806479 -0.002854791 0.208152895 0.588453639 0.234179479 -2.526561063 16.40088801
567.039 0 0 0 0 0 0 0 0 0 0 0 0 0 0 0.004407283 0.001604551 -0.000867 0.001008486 -0.003765516 -0.007324526 0.004462634 0.001928051 -0.002141692 0.002334115 0.001453448 0.004417059 0.00423936 0.004644112 0.003127038 0.000102 0.001540188 0.005297653 0.001991085 0.001932994 0.002823568 0.006534874 0.003533632 0.006021129 0.005527997 0.006815688 0.007750946 0.007428626 0.008345429 0.008909852 0.008844615 0.0093173 0.01041991 0.011795347 0.011014388 0.011260232 0.01199062 0.010359217 0.015470875 0.016032715 0.016216174 0.014395212 0.017525874 0.018469317 0.018923514 0.021067153 0.01885734 0.019713082 0.021223814 0.019968878 0.022057841 0.02172349 0.023877584 0.020199198 0.026921728 0.026330265 0.027590761 0.026043749 0.026786403 0.028805173 0.02939809 0.027405276 0.030993507 0.031435846 0.03016165 0.034368618 0.031188028 0.033521208 0.033240321 0.031930506 0.034048755 0.03435475 0.034174359 0.033629187 0.038232799 0.035630733 0.036070906 0.04245192 0.043213726 0.047958422 0 0 0 0 0 0 0.055775699 0.061155363 0.060080693 0.071368221 0.07525946 0.068613572 0.079665406 0.061545862 0.050527734 0.056913984 0.018852002 -0.023568067 -0.143598466 -0.57207112 0.226230895 -1.153833994 0.006909687
570.375 0 0 0 0 0 0 0 0 0 0 0 0 0 -0.001528291 0.006865612 0.000724 0.003327854 0.001180694 0.005457554 0.005149079 0.002642362 0.001198267 0.001156892 0.000416 0.004534 0.006379541 0.005019117 0.002111467 0.003044316 0.002263846 0.007355771 0.007931984 0.00576158 0.007475261 0.006298404 0.008352642 0.008822134 0.00629104 0.006366765 0.006997879 0.009936574 0.006129591 0.007541818 0.009531142 0.010485723 0.009973559 0.011069313 0.010086887 0.012275892 0.009674258 0.012039279 0.014902285 0.014539389 0.015137236 0.016316476 0.015972321 0.016870018 0.019241096 0.01774688 0.018795382 0.019960389 0.022933242 0.019397631 0.02059789 0.0238422 0.021957739 0.022203901 0.024003522 0.025080917 0.026393415 0.028097633 0.027728135 0.028464195 0.028627819 0.029981302 0.028642552 0.029373535 0.032237493 0.030549347 0.030934137 0.030763935 0.031573146 0.030082435 0.03471758 0.032871094 0.034560168 0.03733364 0.034746118 0.037774743 0.036720911 0.039762992 0.04347165 0.039196106 0.040735641 0 0 0 0 0 0 0.064741039 0.062028722 0.065124552 0.069941621 0.074810323 0.064871915 0.07187717 0.06686993 0.075757157 0.076345611 0.075789071 0.171668753 0.269233501 0.429125126 -0.405405313 -0.690221825 11.41170934
573.713 0 0 0 0 0 0 0 0 0 0 0 0 0.00850141 -0.003630723 0.009111018 0.002711773 0.004389066 0.006470286 0.004476196 0.006290005 0.001557103 0.006160719 0.005357819 0.002503516 0.005746306 0.007417674 0.003313335 0.00493873 0.00791716 0.003891034 0.008100424 0.005267886 0.005683235 0.007322352 0.007153823 0.006851525 0.007305572 0.007439488 0.007750568 0.008725607 0.007457872 0.008715574 0.008752024 0.009500616 0.011773315 0.009748436 0.011431088 0.011413018 0.014438904 0.013931714 0.012305083 0.014324563 0.014573562 0.015529023 0.01484074 0.017739188 0.01575754 0.017637581 0.021931768 0.019105617 0.019825668 0.019170112 0.021498432 0.021147673 0.021606779 0.021608916 0.024032823 0.022859737 0.023228199 0.026527801 0.025446731 0.027158259 0.026297558 0.027450519 0.029505459 0.028235486 0.027622917 0.027530832 0.030012477 0.028624864 0.030353856 0.030735803 0.030799739 0.030781914 0.03071015 0.032804893 0.03198045 0.032544728 0.034397394 0.036539517 0.038289941 0.039845516 0.041680835 0 0 0 0 0 0 0.056422153 0.053896798 0.061727254 0.064787091 0.06543419 0.068049602 0.070600015 0.066575112 0.07819625 0.065524407 0.078795146 0.098742856 0.113633157 0.066031836 0.038661055 1.881433132 -12.50175311 29.00314486
577.05 0 0 0 0 0 0 0 0 0 0 0 0.008149651 0.000198 -0.001150974 0.006890104 0.006512948 -0.000528 0.003572217 0.004482996 0.002584789 0.005932911 0.005720161 0.010437558 0.001253604 0.007495526 0.007557491 0.005038658 0.004358411 0.003963129 0.004224063 0.003953359 0.007962958 0.006059459 0.007334013 0.010539176 0.00766011 0.009514166 0.008743154 0.007046247 0.007467156 0.007812811 0.007680089 0.008516296 0.009145801 0.008916231 0.009702144 0.010370999 0.011277417 0.01101007 0.011424379 0.013596521 0.014808846 0.012983128 0.012985393 0.013421791 0.017015259 0.01354929 0.016675208 0.020063684 0.018691053 0.017681515 0.01920071 0.019216872 0.021096689 0.020575471 0.019889418 0.023606806 0.022221841 0.023560029 0.023085438 0.026777254 0.023386135 0.024523848 0.025346593 0.026337892 0.026110874 0.025845453 0.025553165 0.023764013 0.029013547 0.029023652 0.0291723 0.03063425 0.031952908 0.031377236 0.032536763 0.03145395 0.032344503 0.032109042 0.035170215 0.037244757 0.034363226 0.03985023 0 0 0 0 0 0 0.053839677 0.058796534 0.058486466 0.06734582 0.067183434 0.066573414 0.067698511 0.073503426 0.070650431 0.042429914 0.075391201 0.093290668 0.017381281 0.328571271 0.50391015 0.701187901 4.979873316 18.51413793
580.388 0 0 0 0 0 0 0 0 0 0 0.002509442 -0.004463998 0.000397 0.002874616 -0.000552 0.004334003 -0.003158618 0.003229488 -0.000831 0.00418988 0.00031 0.001650553 0.001158781 0.002918004 -0.002533399 0.002681389 0.005149597 0.004112139 0.006781045 0.001403297 0.001765829 -0.001686662 0.003388894 0.003062336 0.006555964 0.001568748 0.004597047 0.004032152 0.006769246 0.007118039 0.006569106 0.007613984 0.007304206 0.006750236 0.008091403 0.007071917 0.006380078 0.00994938 0.007376244 0.011396494 0.011026383 0.010101799 0.012293966 0.010888828 0.012597168 0.012916925 0.014514322 0.013340796 0.018204397 0.017307736 0.014111929 0.015607081 0.017630114 0.018874764 0.019218146 0.020238083 0.02046142 0.019770562 0.020785375 0.021436029 0.020925845 0.021990466 0.023837091 0.021970289 0.024566896 0.022934709 0.02099951 0.024884485 0.024314183 0.02534031 0.02455205 0.023856285 0.024603574 0.027934475 0.027446957 0.026000756 0.028742079 0.028125971 0.031078786 0.030719376 0.030621456 0.03027048 0 0 0 0 0 0 0.043988983 0.05032699 0.048671801 0.055466474 0.061546132 0.055767232 0.049741653 0.064585007 0.07241591 0.051727944 0.034412894 0.036544094 0.058959054 -0.044327908 -0.297506995 -0.410147959 -0.462287655 -0.48022104 6.093515919
583.727 0 0 0 0 0 0 0 0 0 -0.003425023 0.000421 0.002837634 0.000984 0.00573397 0.002222448 0.003777024 -0.001924093 0.006104199 0.002312217 0.004016457 0.002950299 0.001944897 0.000144 -0.000415 0.001466396 0.001910568 0.006965963 0.004685975 0.003042053 0.002476041 0.003620751 0.000793 0.005843679 0.00534295 0.004018867 0.00682072 0.005677091 0.00735752 0.006294963 0.00654596 0.006206152 0.006641624 0.007924323 0.008254444 0.007322138 0.008721099 0.010047771 0.008849555 0.009478409 0.009333314 0.010595922 0.011522742 0.011963555 0.015327137 0.011266689 0.012803456 0.012402515 0.015844868 0.015825424 0.013784036 0.018664511 0.015647688 0.015869185 0.019981205 0.017446865 0.018746895 0.017088484 0.019561049 0.018598079 0.018771021 0.01986528 0.020798283 0.019316053 0.023623231 0.020612371 0.022122997 0.02154129 0.0248132 0.02376846 0.023569594 0.022351077 0.023851466 0.021596454 0.023924662 0.026593556 0.027906415 0.029229372 0.026103043 0.030292556 0.030627529 0.03062373 0.031221797 0 0 0 0 0 0 0.042911582 0.049644711 0.050318634 0.057056883 0.053535522 0.059424404 0.050529897 0.061400913 0.057670953 0.063237467 0.039023339 0.036317106 0.0549019 0.061679849 0.195836023 0.055602683 -1.697612084 -2.109066254 9.617278404
587.066 0 0 0 0 0 0 0 0 0.001769179 -0.001285652 0.002917358 0.004462354 0.00531539 0.002681076 0.008891417 0.008093414 -0.001749574 0.004573916 -0.000166 0.005303171 0.007922125 0.004341198 -0.000576 0.000831 0.005990747 0.006372452 0.004279137 0.004687018 0.006651398 0.006357132 0.004863508 0.003169267 0.006850082 0.006108018 0.006953931 0.005627978 0.006626127 0.008075799 0.006621342 0.007428147 0.008163243 0.006833562 0.008570714 0.008099187 0.007782622 0.00816723 0.008978052 0.008318439 0.010463362 0.010714832 0.011074027 0.011221514 0.012696266 0.011214618 0.013353161 0.011832915 0.011947355 0.015110658 0.01548598 0.014413694 0.014793407 0.015210311 0.016215895 0.013243168 0.016393023 0.019152322 0.018325543 0.021136194 0.017431904 0.017621353 0.018803049 0.020874565 0.021965275 0.019773295 0.022663211 0.023547264 0.023296679 0.022133405 0.022630634 0.023375624 0.023112299 0.025113214 0.026183017 0.024376873 0.024525777 0.025608173 0.027102729 0.028471103 0.027971395 0.027972029 0.029713654 0 0 0 0 0 0 0.044773601 0.045927414 0.047885235 0.050930615 0.049779023 0.049395888 0.047115673 0.059001678 0.048472867 0.060399177 0.063834627 0.052561435 0.055029581 0.030260464 0.129865695 0.028842827 0.130500646 1.163310337 -5.647039802 9.620230164
590.406 0 0 0 0 0 0 0.006611037 0.005961862 -0.003343045 0.000218 0.004209742 -0.000821 -0.000795 -0.001548396 0.005613349 0.003632031 -0.001590623 -0.001883535 0.005841242 -0.000162 0.005021363 0.002723041 0.001601623 0.001260105 0.005242815 0.002190684 0.005681102 0.004380229 0.002959088 0.001742559 0.005958152 0.004802686 0.005259988 0.003427914 0.004993697 0.00705819 0.00595943 0.004506809 0.007214414 0.007615597 0.006221889 0.006615966 0.005606134 0.007544742 0.009423244 0.008126002 0.008191037 0.006323214 0.006275154 0.010824258 0.011826583 0.011412852 0.010836517 0.010756377 0.00993558 0.012410013 0.012067825 0.013606368 0.012690132 0.011683761 0.012666405 0.014026549 0.015520451 0.015986307 0.017550446 0.017020706 0.015868838 0.015919737 0.017241116 0.017876017 0.019644609 0.018035396 0.018467861 0.019139728 0.019870744 0.020857713 0.01878635 0.020261426 0.021298057 0.023409765 0.020439473 0.023610196 0.023344196 0.023728821 0.023379314 0.024023262 0.02397915 0.024763872 0.02564161 0.026196584 0.030206779 0 0 0 0 0 0 0.038914811 0.042413722 0.04353842 0.046226527 0.043137186 0.054345781 0.05671832 0.05104562 0.054581233 0.066489324 0.053853508 0.042609889 0.017820676 0.064860963 0.051616964 0.058681054 -0.056190527 0.763148155 -3.331724308 -10.59192685
593.746 0 0 0 0 0 -0.000729 -0.002848765 -0.007637846 -0.003593704 -0.004798874 -0.00636607 0.000831 -0.001804501 -0.003110825 -0.003206733 -0.008247391 -0.001784218 -0.007278797 -0.004381821 -0.002621447 -1.89e-06 -0.001223331 -0.000439 -0.002968302 -0.002708076 0.000256 0.000873 0.002746779 -0.000232 0.002961778 0.000952 -0.000705 0.003632098 0.003112596 0.002558844 0.004287899 0.003340086 0.004399024 0.005094974 0.003477826 0.005032972 0.00551468 0.005153097 0.006165219 0.005542097 0.006306284 0.006349607 0.006068984 0.005915087 0.006208603 0.008628634 0.008480033 0.006993618 0.007016705 0.008414662 0.010305378 0.009290808 0.008706039 0.01148977 0.011788706 0.012321949 0.011177473 0.01148299 0.010868186 0.012466736 0.012472572 0.012087507 0.013397786 0.014707922 0.016122182 0.01677052 0.0150464 0.015089853 0.017418041 0.017340466 0.017193328 0.017996765 0.018184424 0.015447357 0.020510973 0.017757283 0.018774226 0.018375425 0.019180041 0.020690609 0.019620634 0.020594399 0.020604846 0.023232934 0.023081538 0 0 0 0 0 0 0.0309332 0.031876121 0.033935313 0.036332138 0.036493128 0.028425742 0.039138402 0.033794957 0.037764438 0.034749102 0.047263528 0.025735926 0.030887842 0.010873493 -0.019047339 -0.024042429 -0.10314488 -0.358448185 -1.902613558 -0.475234366 -2.713596581
597.086 0 0 0 0 0.004061056 0.004184382 0.006731404 0.013540585 0.005675333 0.003532941 0.005143844 0.005212604 0.005669403 0.000601 0.008760575 0.011096666 0.004674712 0.004182241 0.006790846 0.009910023 0.002551896 0.003536916 0.009638554 0.004415627 0.008757172 0.006023606 0.005528603 0.007586811 0.005210906 0.007414931 0.005000847 0.007330109 0.006290332 0.006713323 0.00836042 0.00800471 0.00531387 0.005746226 0.008539943 0.006559976 0.007937665 0.007413296 0.009113617 0.008648272 0.009116096 0.006930989 0.0082623 0.006980777 0.011846155 0.008511089 0.011543876 0.011610299 0.010649114 0.009847686 0.013428123 0.011777325 0.011570303 0.014517036 0.015120533 0.014720982 0.015667234 0.013905445 0.014735577 0.016861765 0.016262044 0.015107324 0.016460183 0.016885417 0.016485247 0.016402921 0.01668901 0.01805934 0.018645461 0.017630442 0.018744572 0.021010997 0.020421956 0.019921122 0.018689868 0.019704575 0.02086369 0.022799932 0.020512567 0.018880934 0.02283606 0.024928963 0.022874106 0.024412899 0.024399653 0.02765364 0 0 0 0 0 0 0.038879938 0.035644318 0.041520801 0.041372325 0.043336983 0.052069991 0.053777931 0.052923917 0.046774597 0.052108172 0.044364779 0.05121444 0.052372484 0.075898748 0.029355696 0.165516105 0.358888374 0.860621073 1.814900975 7.021130425 -8.110989305
600.427 0 0 0 0.00530286 -0.000257 -0.005992359 0.00341313 0.001660818 0.006212624 0.002450156 0.004348818 0.002539837 0.000205 -0.001591836 -0.00077 -0.002623424 0.004560695 0.002651782 0.001894223 0.002849129 0.003887897 -0.001093994 0.002554152 0.001879026 0.004166806 -0.000931 0.0025503 0.006232599 0.004466591 0.005953175 0.006260208 0.003204122 0.006001633 0.005308307 0.006823293 0.006964042 0.004481138 0.007237756 0.003858798 0.006025405 0.005964372 0.00593895 0.005889206 0.007294885 0.008056587 0.005742773 0.004331847 0.010027019 0.009463045 0.005249528 0.008909247 0.008040048 0.009360245 0.009623207 0.009358811 0.010935737 0.008226373 0.009677978 0.013907299 0.010855614 0.011851783 0.011159232 0.013529485 0.010597518 0.013096828 0.012426636 0.014454247 0.012149893 0.013443807 0.014385212 0.013518829 0.017299371 0.016165018 0.016165694 0.017176767 0.016253635 0.015192121 0.015598318 0.021424083 0.014837251 0.016236123 0.018479762 0.019323146 0.019627455 0.018121168 0.019905734 0.019186063 0.019589687 0.021698251 0 0 0 0 0 0 0.031050986 0.030160352 0.038541524 0.035387339 0.039208215 0.040867755 0.03645994 0.040038486 0.039993386 0.031757926 0.033208127 0.036492578 0.053736436 0.033231837 0.061088193 0.03352557 0.043098199 0.181654676 -0.426235583 0.606833055 -3.685297082 -2.721707821
603.768 0 0 0.003064196 0.008041338 -0.002856267 0.003281485 0.010835901 -0.002153314 0.004652292 0.004524539 0.005273256 0.005342448 0.003738209 0.003027007 0.006252198 0.009669452 0.003503268 0.007510439 0.008706132 0.00711419 0.001636022 0.010415554 0.006231016 0.006428088 0.007575385 0.003223468 0.004896352 0.00494 0.001660222 0.004194638 0.003712762 0.004699861 0.004043745 0.004292019 0.007249963 0.005948706 0.005987267 0.007466342 0.004994607 0.006437297 0.006337275 0.007052288 0.007153715 0.006430009 0.007478901 0.008085786 0.007837874 0.008767077 0.010941967 0.00949675 0.011338134 0.009815577 0.009844781 0.009052214 0.011122103 0.010341488 0.011863228 0.011511857 0.009884712 0.010594963 0.011408892 0.012209852 0.013942473 0.013167034 0.015041823 0.013483497 0.012416638 0.015821525 0.013046186 0.016746728 0.015990063 0.015260818 0.016776744 0.015031194 0.0164967 0.017493306 0.016770583 0.015834665 0.01952206 0.018709757 0.01922762 0.018822299 0.019378045 0.02178802 0.017260333 0.020536055 0.021121208 0.023527628 0.021837578 0 0 0 0 0 0 0.031879576 0.033064486 0.034606287 0.040085394 0.032892888 0.037943222 0.038475259 0.044584353 0.043883716 0.047633523 0.051093279 0.043072562 0.037678791 0.071307027 0.027238683 0.039926162 0.140992642 0.298625005 0.431413685 2.227911833 5.229102185 4.594153935
607.109 0 0.012736271 0.003911546 -0.004042461 0.004702466 0.003297419 0.008904952 0.006015128 0.003976647 0.006581038 -0.001108218 0.00257849 0.003965221 0.010737126 0.004515254 0.004571152 0.004078256 0.004678095 -0.000175 0.009365923 0.005761462 0.006981567 0.005196541 0.003231828 0.004229332 0.005129074 0.004533934 0.006580743 0.007163156 0.008674814 0.004608331 0.003673508 0.006000305 0.004674622 0.004534178 0.005473081 0.006097348 0.004427918 0.005778269 0.00594692 0.005852453 0.006637426 0.007139405 0.007188998 0.008124781 0.007342887 0.008094027 0.008086084 0.009615148 0.00971864 0.010392869 0.008331467 0.010979014 0.010756242 0.008291384 0.010475958 0.010629002 0.012095552 0.009572145 0.009426532 0.013953418 0.011806793 0.011213535 0.01420705 0.01305038 0.013724347 0.013951534 0.016698758 0.014124964 0.012396838 0.013358656 0.016086272 0.01664664 0.015621323 0.0155053 0.016228732 0.015009143 0.014571236 0.016057885 0.015435535 0.018458316 0.017296837 0.019557472 0.017116813 0.016130505 0.019634803 0.019058355 0.020439736 0 0 0 0 0 0 0.02429542 0.027667777 0.027226322 0.033435708 0.035622653 0.034198472 0.037730258 0.042660837 0.042230463 0.036572934 0.042895573 0.045104607 0.04525219 0.050879383 0.048909796 0.057072432 0.054143602 0.007313442 0.207880938 0.413310348 2.167551253 3.980782198 15.77973085
610.451 0.000598 2.81e-07 -0.002542012 0.00190344 -0.006067759 0.001538818 0.003011286 0.000731 0.004728892 0.008026302 0.002452965 0.0017391 0.002320096 0.00388794 0.00297636 0.006552638 0.003182494 0.004539645 0.007071592 0.004127952 -8.62e-07 0.0032031 0.003550464 0.000742 0.003564047 0.002316528 0.003925606 0.001880225 0.003494906 0.006680505 0.00642629 0.005300668 0.004203621 0.00544787 0.005027702 0.005871471 0.002883411 0.006446634 0.006044251 0.004181328 0.003452998 0.003809191 0.006309549 0.00484057 0.005573615 0.007416876 0.008460912 0.006616818 0.009274057 0.010338649 0.008381316 0.008659418 0.008200344 0.009875473 0.005684781 0.010340523 0.009343799 0.010547021 0.007182737 0.009902936 0.011488304 0.012114272 0.010960604 0.013904542 0.011783464 0.011566438 0.01285555 0.011269408 0.013561145 0.013990236 0.012653421 0.012336827 0.011157369 0.01415717 0.014494337 0.013214073 0.015879115 0.01493163 0.01564254 0.01696826 0.016735253 0.014709162 0.014009025 0.015621765 0.019501319 0.016343268 0.016964103 0.017759546 0 0 0 0 0 0 0.024305383 0.025416601 0.027223171 0.028447313 0.03344138 0.031692347 0.0372612 0.038594732 0.035069579 0.031956167 0.032252412 0.048724555 0.040848828 0.04640354 0.043484121 0.06142678 0.074969875 0.095503222 -0.147336879 0.517554711 0.003234474 8.276452734 4.642699356
613.792 0.005969634 0.005211698 0.008664927 0.011317791 0.003921077 0.00051 -0.00320869 0.005537605 0.007018524 0.006591189 0.007290171 0.003869702 0.002715941 0.005282832 0.003144439 0.006861719 0.002038613 0.005034034 -0.000176 0.005449581 0.00773528 0.007934678 0.002903211 0.005728433 0.004516396 0.005263649 0.007384859 0.003228048 0.003577111 0.004443254 0.004607167 0.00209968 0.005226606 0.00521445 0.004088329 0.004380251 0.005325076 0.00404876 0.004127414 0.003965198 0.005594543 0.004023138 0.005092645 0.004514226 0.006124875 0.008786573 0.007171329 0.00598489 0.007796614 0.010664584 0.008131279 0.007360114 0.009820129 0.007972765 0.007911402 0.00674526 0.008521741 0.009746908 0.009755347 0.010748326 0.010132399 0.011151764 0.013023737 0.012532142 0.013827688 0.01170552 0.011994659 0.014325154 0.011409685 0.011555701 0.013208345 0.014896388 0.013037135 0.013871772 0.01276451 0.011796367 0.012876092 0.014285843 0.016630273 0.017735068 0.015989012 0.015377313 0.015616259 0.017667113 0.014910114 0.016687065 0.017667493 0 0 0 0 0 0 0.020672372 0.022428867 0.024790504 0.028867633 0.026962079 0.032107544 0.033259572 0.03119654 0.027902507 0.038349037 0.046148946 0.038911261 0.047467405 0.029859824 0.045315287 0.041359503 0.067045263 0.044199925 -0.010672332 0.154286799 0.414768762 2.239116557 1.251431518 5.512673411
617.135 0.004274839 0.00177433 0.003423091 1.23e-06 -0.001603121 -0.001041787 -2.28e-06 0.003438762 -0.000483 0.003470285 0.003607568 0.004607452 -0.000428 0.000821 0.003208477 0.001750858 -0.001325814 -0.000363 -0.000179 0.000348 -0.000672 0.003080371 0.004058746 0.00015 0.005187495 0.003035783 0.005691576 0.001267734 0.005243768 0.001511643 0.001682217 0.001822195 0.003460979 0.001102213 0.003634177 0.004825371 0.003390426 0.002762492 0.003233631 0.004170236 0.003439923 0.004778376 0.004880405 0.004612495 0.004646731 0.006096626 0.006747832 0.006279547 0.007966459 0.003516613 0.007878977 0.007109087 0.008690121 0.005533376 0.006995726 0.009813072 0.008787323 0.004890368 0.008383587 0.008670338 0.009473009 0.010915544 0.0114592 0.009377313 0.010508537 0.009984372 0.008253486 0.009622902 0.008961093 0.012355264 0.01133594 0.011871526 0.013698938 0.011189101 0.01267524 0.013295305 0.01490401 0.011983929 0.01356423 0.013204081 0.011509625 0.014804355 0.016578039 0.0147609 0.016898081 0.012485624 0.016006428 0 0 0 0 0 0 0.016266259 0.019812861 0.023539225 0.026416151 0.022315171 0.028361386 0.028416342 0.030586438 0.027544974 0.032560185 0.029652863 0.029223966 0.027240661 0.038346658 0.03739204 0.076633719 0.054529023 0.044985854 0.055883051 0.188316526 -0.081744801 1.009039051 -0.758144261 21.88854633
