NaN 600 596.73 593.46 590.19 586.92 583.65 580.38 577.11 573.84 570.57 567.3 564.03 560.76 557.49 554.22 550.95 547.68 544.41 541.14 537.87 534.6 531.33 528.06 524.79 521.52 518.25 514.98 511.71 508.44 505.17 501.9 498.63 495.36 492.09 488.82 485.55 482.28 479.01 475.74 472.47 469.2 465.93 462.66 459.39 456.12 452.85 449.58 446.31 443.04 439.77 436.5 433.23 429.96 426.69 423.42 420.15 416.88 413.61 410.34 407.07 403.8 400.53 397.26 393.99 390.72 387.45 384.18 380.91 377.64 374.37 371.1 367.83 364.56 361.29 358.02 354.75 351.48 348.21 344.94 341.67 338.4 335.13 331.86 328.59 325.32 322.05 318.78 315.51 312.24 308.97 305.7 302.43 299.16 295.89 292.62 289.35 286.08 282.81 279.54 276.27 273 269.73 266.46 263.19 259.92 256.65 253.38 250.11 246.84 243.57 240.3 237.03 233.76 230.49 227.22 223.95 220.68
NaN NaN NaN NaN NaN NaN NaN NaN NaN NaN NaN NaN NaN NaN NaN NaN NaN NaN NaN NaN NaN NaN NaN NaN NaN NaN NaN NaN NaN NaN NaN NaN NaN NaN NaN NaN NaN NaN NaN NaN NaN NaN NaN NaN NaN NaN NaN NaN NaN NaN NaN NaN NaN NaN NaN NaN NaN NaN NaN NaN NaN NaN NaN NaN NaN NaN NaN NaN NaN NaN NaN NaN NaN NaN NaN NaN NaN NaN NaN NaN NaN NaN NaN NaN NaN NaN NaN NaN NaN NaN NaN NaN NaN NaN NaN NaN NaN NaN NaN NaN NaN NaN NaN NaN NaN NaN NaN NaN NaN NaN NaN NaN NaN NaN NaN NaN NaN NaN
NaN NaN NaN NaN NaN NaN NaN NaN NaN NaN NaN NaN NaN NaN NaN NaN NaN NaN NaN NaN NaN NaN NaN NaN NaN NaN NaN NaN NaN NaN NaN NaN NaN NaN NaN NaN NaN NaN NaN NaN NaN NaN NaN NaN NaN NaN NaN NaN NaN NaN NaN NaN NaN NaN NaN NaN NaN NaN NaN NaN NaN NaN NaN NaN NaN NaN NaN NaN NaN NaN NaN NaN NaN NaN NaN NaN NaN NaN NaN NaN NaN NaN NaN NaN NaN NaN NaN NaN NaN NaN NaN NaN NaN NaN NaN NaN NaN NaN NaN NaN NaN NaN NaN NaN NaN NaN NaN NaN NaN NaN NaN NaN NaN NaN NaN NaN NaN NaN
210.901 0 0 0 0 0 0 0 0 0 0 0 0 0 0 0 0 0 0 0 0 0 0 0 0 0 0 0 0 0 0 0 0 0 0 0 0 0 0 0 0 0 0 0 0 0 0 0 0 0 0 0 0 0 0 0 0 0 0 0 0 0 0 0 0 0 0 0 0 0 0 0 0 0 0 0 0 0 0 0 0 0 0 0 0 0 0 0 0 0 0 0 0 0 0 0 0 0 0 0 0 0 0 0 0 0 0 0 0 0 0 0 0 0 0 0 0 0
214.065 0 0 0 0 0 0 0 0 0 0 0 0 0 0 0 0 0 0 0 0 0 0 0 0 0 0 0 0 0 0 0 0 0 0 0 0 0 0 0 0 0 0 0 0 0 0 0 0 0 0 0 0 0 0 0 0 0 0 0 0 0 0 0 0 0 0 0 0 0 0 0 0 0 0 0 0 0 0 0 0 0 0 0 0 0 0 0 0 0 0 0 0 0 0 0 0 0 0 0 0 0 0 0 0 0 0 0 0 0 0 0 0 0 0 0 0 0
217.232 0 0 0 0 0 0 0 0 0 0 0 0 0 0 0 0 0 0 0 0 0 0 0 0 0 0 0 0 0 0 0 0 0 0 0 0 0 0 0 0 0 0 0 0 0 0 0 0 0 0 0 0 0 0 0 0 0 0 0 0 0 0 0 0 0 0 0 0 0 0 0 0 0 0 0 0 0 0 0 0 0 0 0 0 0 0 0 0 0 0 0 0 0 0 0 0 0 0 0 0 0 0 0 0 0 0 0 0 0 0 0 0 0 0 0 0 0
220.402 0 0 0 0 0 0 0 0 0 0 0 0 0 0 0 0 0 0 0 0 0 0 0 0 0 0 0 0 0 0 0 0 0 0 0 0 0 0 0 0 0 0 0 0 0 0 0 0 0 0 0 0 0 0 0 0 0 0 0 0 0 0 0 0 0 0 0 0 0 0 0 0 0 0 0 0 0 0 0 0 0 0 0 0 0 0 0 0 0 0 0 0 0 0 0 0 0 0 0 0 0 0 0 0 0 0 0 0 0 0 0 0 0 0 0 0 0
223.574 0 0 0 0 0 0 0 0 0 0 0 0 0 0 0 0 0 0 0 0 0 0 0 0 0 0 0 0 0 0 0 0 0 0 0 0 0 0 0 0 0 0 0 0 0 0 0 0 0 0 0 0 0 0 0 0 0 0 0 0 0 0 0 0 0 0 0 0 0 0 0 0 0 0 0 0 0 0 0 0 0 0 0 0 0 0 0 0 0 0 0 0 0 0 0 0 0 0 0 0 0 0 0 0 0 0 0 0 0 0 0 0 0 0 0 0 0
226.748 0 0 0 0 0 0 0 0 0 0 0 0 0 0 0 0 0 0 0 0 0 0 0 0 0 0 0 0 0 0 0 0 0 0 0 0 0 0 0 0 0 0 0 0 0 0 0 0 0 0 0 0 0 0 0 0 0 0 0 0 0 0 0 0 0 0 0 0 0 0 0 0 0 0 0 0 0 0 0 0 0 0 0 0 0 0 0 0 0 0 0 0 0 0 0 0 0 0 0 0 0 0 0 0 0 0 0 0 0 0 0 0 0 0 0 0 0
229.925 0 0 0 0 0 0 0 0 0 0 0 0 0 0 0 0 0 0 0 0 0 0 0 0 0 0 0 0 0 0 0 0 0 0 0 0 0 0 0 0 0 0 0 0 0 0 0 0 0 0 0 0 0 0 0 0 0 0 0 0 0 0 0 0 0 0 0 0 0 0 0 0 0 0 0 0 0 0 0 0 0 0 0 0 0 0 0 0 0 0 0 0 0 0 0 0 0 0 0 0 0 0 0 0 0 0 0 0 0 0 0 0 0 0 0 0 0
233.104 0 0 0 0 0 0 0 0 0 0 0 0 0 0 0 0 0 0 0 0 0 0 0 0 0 0 0 0 0 0 0 0 0 0 0 0 0 0 0 0 0 0 0 0 0 0 0 0 0 0 0 0 0 0 0 0 0 0 0 0 0 0 0 0 0 0 0 0 0 0 0 0 0 0 0 0 0 0 0 0 0 0 0 0 0 0 0 0 0 0 0 0 0 0 0 0 0 0 0 0 0 0 0 0 0 0 0 0 0 0 0 0 0 0 0 0 -12.90688583
236.285 0 0 0 0 0 0 0 0 0 0 0 0 0 0 0 0 0 0 0 0 0 0 0 0 0 0 0 0 0 0 0 0 0 0 0 0 0 0 0 0 0 0 0 0 0 0 0 0 0 0 0 0 0 0 0 0 0 0 0 0 0 0 0 0 0 0 0 0 0 0 0 0 0 0 0 0 0 0 0 0 0 0 0 0 0 0 0 0 0 0 0 0 0 0 0 0 0 0 0 0 0 0 0 0 0 0 0 0 0 0 0 0 0 0 0 -19.68283017 20.94152719
239.469 0 0 0 0 0 0 0 0 0 0 0 0 0 0 0 0 0 0 0 0 0 0 0 0 0 0 0 0 0 0 0 0 0 0 0 0 0 0 0 0 0 0 0 0 0 0 0 0 0 0 0 0 0 0 0 0 0 0 0 0 0 0 0 0 0 0 0 0 0 0 0 0 0 0 0 0 0 0 0 0 0 0 0 0 0 0 0 0 0 0 0 0 0 0 0 0 0 0 0 0 0 0 0 0 0 0 0 0 0 0 0 0 0 0 0.135268081 -4.705784012 13.97575694
242.655 0 0 0 0 0 0 0 0 0 0 0 0 0 0 0 0 0 0 0 0 0 0 0 0 0 0 0 0 0 0 0 0 0 0 0 0 0 0 0 0 0 0 0 0 0 0 0 0 0 0 0 0 0 0 0 0 0 0 0 0 0 0 0 0 0 0 0 0 0 0 0 0 0 0 0 0 0 0 0 0 0 0 0 0 0 0 0 0 0 0 0 0 0 0 0 0 0 0 0 0 0 0 0 0 0 0 0 0 0 0 0 0 0 0.030381753 0.303478671 -28.48386525 -11.81435783
245.844 0 0 0 0 0 0 0 0 0 0 0 0 0 0 0 0 0 0 0 0 0 0 0 0 0 0 0 0 0 0 0 0 0 0 0 0 0 0 0 0 0 0 0 0 0 0 0 0 0 0 0 0 0 0 0 0 0 0 0 0 0 0 0 0 0 0 0 0 0 0 0 0 0 0 0 0 0 0 0 0 0 0 0 0 0 0 0 0 0 0 0 0 0 0 0 0 0 0 0 0 0 0 0 0 0 0 0 0 0 0 0 0 0.036983166 -0.109923046 1.36898197 -36.13109545 2.658669428
249.035 0 0 0 0 0 0 0 0 0 0 0 0 0 0 0 0 0 0 0 0 0 0 0 0 0 0 0 0 0 0 0 0 0 0 0 0 0 0 0 0 0 0 0 0 0 0 0 0 0 0 0 0 0 0 0 0 0 0 0 0 0 0 0 0 0 0 0 0 0 0 0 0 0 0 0 0 0 0 0 0 0 0 0 0 0 0 0 0 0 0 0 0 0 0 0 0 0 0 0 0 0 0 0 0 0 0 0 0 0 0 0 -0.123843344 -0.06462118 0.088812903 -3.18191188 -1.863905797 -13.89316028
252.228 0 0 0 0 0 0 0 0 0 0 0 0 0 0 0 0 0 0 0 0 0 0 0 0 0 0 0 0 0 0 0 0 0 0 0 0 0 0 0 0 0 0 0 0 0 0 0 0 0 0 0 0 0 0 0 0 0 0 0 0 0 0 0 0 0 0 0 0 0 0 0 0 0 0 0 0 0 0 0 0 0 0 0 0 0 0 0 0 0 0 0 0 0 0 0 0 0 0 0 0 0 0 0 0 0 0 0 0 0 0 -0.020965679 -0.050491346 -0.249276754 -0.533169771 0.562607884 15.52918295 12.03324455
255.423 0 0 0 0 0 0 0 0 0 0 0 0 0 0 0 0 0 0 0 0 0 0 0 0 0 0 0 0 0 0 0 0 0 0 0 0 0 0 0 0 0 0 0 0 0 0 0 0 0 0 0 0 0 0 0 0 0 0 0 0 0 0 0 0 0 0 0 0 0 0 0 0 0 0 0 0 0 0 0 0 0 0 0 0 0 0 0 0 0 0 0 0 0 0 0 0 0 0 0 0 0 0 0 0 0 0 0 0 0 -0.016174832 -0.060919928 -0.144835119 -0.251710472 -0.445754762 -0.79684638 23.96689079 15.74522104
258.621 0 0 0 0 0 0 0 0 0 0 0 0 0 0 0 0 0 0 0 0 0 0 0 0 0 0 0 0 0 0 0 0 0 0 0 0 0 0 0 0 0 0 0 0 0 0 0 0 0 0 0 0 0 0 0 0 0 0 0 0 0 0 0 0 0 0 0 0 0 0 0 0 0 0 0 0 0 0 0 0 0 0 0 0 0 0 0 0 0 0 0 0 0 0 0 0 0 0 0 0 0 0 0 0 0 0 0 0 0.023751305 0.046372923 -0.042094632 -0.167122693 0.028692894 0.204119876 2.735153471 -19.3293571 2.354373679
261.821 0 0 0 0 0 0 0 0 0 0 0 0 0 0 0 0 0 0 0 0 0 0 0 0 0 0 0 0 0 0 0 0 0 0 0 0 0 0 0 0 0 0 0 0 0 0 0 0 0 0 0 0 0 0 0 0 0 0 0 0 0 0 0 0 0 0 0 0 0 0 0 0 0 0 0 0 0 0 0 0 0 0 0 0 0 0 0 0 0 0 0 0 0 0 0 0 0 0 0 0 0 0 0 0 0 0 0 -0.006957537 -0.024564642 -0.092851568 -0.161813307 -0.15841624 -0.125093583 -0.121958394 -1.126317082 -4.538681394 -1.816133854
265.023 0 0 0 0 0 0 0 0 0 0 0 0 0 0 0 0 0 0 0 0 0 0 0 0 0 0 0 0 0 0 0 0 0 0 0 0 0 0 0 0 0 0 0 0 0 0 0 0 0 0 0 0 0 0 0 0 0 0 0 0 0 0 0 0 0 0 0 0 0 0 0 0 0 0 0 0 0 0 0 0 0 0 0 0 0 0 0 0 0 0 0 0 0 0 0 0 0 0 0 0 0 0 0 0 0 0 0.001993407 0.001513267 -0.022985538 -0.182082973 -0.126503787 -0.016268968 -0.000723 -0.159595751 0.644744392 15.32638352 -13.27306963
268.228 0 0 0 0 0 0 0 0 0 0 0 0 0 0 0 0 0 0 0 0 0 0 0 0 0 0 0 0 0 0 0 0 0 0 0 0 0 0 0 0 0 0 0 0 0 0 0 0 0 0 0 0 0 0 0 0 0 0 0 0 0 0 0 0 0 0 0 0 0 0 0 0 0 0 0 0 0 0 0 0 0 0 0 0 0 0 0 0 0 0 0 0 0 0 0 0 0 0 0 0 0 0 0 0 0 0.001686521 0.001588796 -0.018970282 -0.067284299 -0.141155748 -0.029989021 0.075270746 0.090279507 0.740597604 0.518575473 -36.51792432 3.976225465
271.434 0 0 0 0 0 0 0 0 0 0 0 0 0 0 0 0 0 0 0 0 0 0 0 0 0 0 0 0 0 0 0 0 0 0 0 0 0 0 0 0 0 0 0 0 0 0 0 0 0 0 0 0 0 0 0 0 0 0 0 0 0 0 0 0 0 0 0 0 0 0 0 0 0 0 0 0 0 0 0 0 0 0 0 0 0 0 0 0 0 0 0 0 0 0 0 0 0 0 0 0 0 0 0 0 0.007184824 0.000182 -0.008640603 -0.072238182 -0.124296529 -0.068681237 0.014308841 0.103002913 0.127859895 0.494442019 1.057664937 -13.64260484 10.43004451
274.643 0 0 0 0 0 0 0 0 0 0 0 0 0 0 0 0 0 0 0 0 0 0 0 0 0 0 0 0 0 0 0 0 0 0 0 0 0 0 0 0 0 0 0 0 0 0 0 0 0 0 0 0 0 0 0 0 0 0 0 0 0 0 0 0 0 0 0 0 0 0 0 0 0 0 0 0 0 0 0 0 0 0 0 0 0 0 0 0 0 0 0 0 0 0 0 0 0 0 0 0 0 0 0 0.017303559 0.008539443 -0.004854058 -0.044155521 -0.089192779 -0.048884653 -0.040952018 0.049861983 0.079600401 0.08310455 0.128677203 0.682395576 -3.706776395 21.72238691
277.854 0 0 0 0 0 0 0 0 0 0 0 0 0 0 0 0 0 0 0 0 0 0 0 0 0 0 0 0 0 0 0 0 0 0 0 0 0 0 0 0 0 0 0 0 0 0 0 0 0 0 0 0 0 0 0 0 0 0 0 0 0 0 0 0 0 0 0 0 0 0 0 0 0 0 0 0 0 0 0 0 0 0 0 0 0 0 0 0 0 0 0 0 0 0 0 0 0 0 0 0 0 0 0.019305072 0.028652895 0.012935845 -0.053972949 -0.076412765 -0.064662563 0.006493011 0.004903644 0.035862108 0.03597087 -0.213198507 -0.102418684 -1.268954233 12.7026522 14.73850117
281.068 0 0 0 0 0 0 0 0 0 0 0 0 0 0 0 0 0 0 0 0 0 0 0 0 0 0 0 0 0 0 0 0 0 0 0 0 0 0 0 0 0 0 0 0 0 0 0 0 0 0 0 0 0 0 0 0 0 0 0 0 0 0 0 0 0 0 0 0 0 0 0 0 0 0 0 0 0 0 0 0 0 0 0 0 0 0 0 0 0 0 0 0 0 0 0 0 0 0 0 0 0 0.038673549 0.042586156 0.037742122 0.014086505 -0.05111216 -0.06435609 0.017640921 0.036367932 0.069436705 0.063254256 0.094013613 0.231675086 0.655327611 2.167679461 4.791302817 22.11148967
284.283 0 0 0 0 0 0 0 0 0 0 0 0 0 0 0 0 0 0 0 0 0 0 0 0 0 0 0 0 0 0 0 0 0 0 0 0 0 0 0 0 0 0 0 0 0 0 0 0 0 0 0 0 0 0 0 0 0 0 0 0 0 0 0 0 0 0 0 0 0 0 0 0 0 0 0 0 0 0 0 0 0 0 0 0 0 0 0 0 0 0 0 0 0 0 0 0 0 0 0 0 0.065414164 0.059526959 0.052558943 0.028185656 -0.024033504 -0.017838908 0.019610561 0.047792631 0.05113791 0.0253109 0.067905152 0.03468807 0.093525163 -0.221500928 1.779114733 53.23983605 12.73381643
287.501 0 0 0 0 0 0 0 0 0 0 0 0 0 0 0 0 0 0 0 0 0 0 0 0 0 0 0 0 0 0 0 0 0 0 0 0 0 0 0 0 0 0 0 0 0 0 0 0 0 0 0 0 0 0 0 0 0 0 0 0 0 0 0 0 0 0 0 0 0 0 0 0 0 0 0 0 0 0 0 0 0 0 0 0 0 0 0 0 0 0 0 0 0 0 0 0 0 0 0 0.084901108 0.08734219 0.080612951 0.060820296 0.008514404 0.002723163 0.028511645 0.038855172 0.043623161 0.033782318 0.013184387 0.004037979 -0.065292594 0.043428156 -0.572230227 -2.527575359 4.507378126 -5.570128845
290.72 0 0 0 0 0 0 0 0 0 0 0 0 0 0 0 0 0 0 0 0 0 0 0 0 0 0 0 0 0 0 0 0 0 0 0 0 0 0 0 0 0 0 0 0 0 0 0 0 0 0 0 0 0 0 0 0 0 0 0 0 0 0 0 0 0 0 0 0 0 0 0 0 0 0 0 0 0 0 0 0 0 0 0 0 0 0 0 0 0 0 0 0 0 0 0 0 0 0 0.107362057 0.115156839 0.127650648 0.105121398 0.052262491 0.052925681 0.05706062 0.079757766 0.082485492 0.077337116 0.068489389 0.089544663 0.094381485 0.080361333 0.218793353 0.299570075 1.775258401 31.21423185 -6.347440264
293.942 0 0 0 0 0 0 0 0 0 0 0 0 0 0 0 0 0 0 0 0 0 0 0 0 0 0 0 0 0 0 0 0 0 0 0 0 0 0 0 0 0 0 0 0 0 0 0 0 0 0 0 0 0 0 0 0 0 0 0 0 0 0 0 0 0 0 0 0 0 0 0 0 0 0 0 0 0 0 0 0 0 0 0 0 0 0 0 0 0 0 0 0 0 0 0 0 0 0.107768697 0.140142266 0.151654268 0.149290071 0.0979653 0.069394357 0.067803485 0.095275621 0.073327843 0.076290267 0.07147335 0.056435555 0.08459769 0.087369467 0.061960631 0.10469153 -0.033158341 -0.162186969 23.79102942 13.33367114
297.166 0 0 0 0 0 0 0 0 0 0 0 0 0 0 0 0 0 0 0 0 0 0 0 0 0 0 0 0 0 0 0 0 0 0 0 0 0 0 0 0 0 0 0 0 0 0 0 0 0 0 0 0 0 0 0 0 0 0 0 0 0 0 0 0 0 0 0 0 0 0 0 0 0 0 0 0 0 0 0 0 0 0 0 0 0 0 0 0 0 0 0 0 0 0 0 0 0.10593811 0.151239476 0.178725299 0.176163304 0.161594284 0.116501157 0.106220435 0.120387247 0.112763766 0.110023009 0.095443672 0.101124363 0.086092621 0.07114845 0.120768098 0.123960932 0.287360428 0.562646405 0.960940101 31.44339528 0.431298423
300.392 0 0 0 0 0 0 0 0 0 0 0 0 0 0 0 0 0 0 0 0 0 0 0 0 0 0 0 0 0 0 0 0 0 0 0 0 0 0 0 0 0 0 0 0 0 0 0 0 0 0 0 0 0 0 0 0 0 0 0 0 0 0 0 0 0 0 0 0 0 0 0 0 0 0 0 0 0 0 0 0 0 0 0 0 0 0 0 0 0 0 0 0 0 0 0 0.090893186 0.132019734 0.178857438 0.205358276 0.198066735 0.151462023 0.174948365 0.163498611 0.157129136 0.136172736 0.124713623 0.109176389 0.116312999 0.114697626 0.131778484 0.164844891 0.20286856 0.458156456 0.42802442 -0.010712947 -12.1260688 -6.789473217
303.62 0 0 0 0 0 0 0 0 0 0 0 0 0 0 0 0 0 0 0 0 0 0 0 0 0 0 0 0 0 0 0 0 0 0 0 0 0 0 0 0 0 0 0 0 0 0 0 0 0 0 0 0 0 0 0 0 0 0 0 0 0 0 0 0 0 0 0 0 0 0 0 0 0 0 0 0 0 0 0 0 0 0 0 0 0 0 0 0 0 0 0 0 0 0 0.067021588 0.103717984 0.152654788 0.19524288 0.20792665 0.204540232 0.182244541 0.187919299 0.181659612 0.157323222 0.141396654 0.138342136 0.136896831 0.116605102 0.12365984 0.098905562 0.157176106 0.202348049 0.254613705 0.356439429 -0.319654654 -1.933541543 5.768593843
306.85 0 0 0 0 0 0 0 0 0 0 0 0 0 0 0 0 0 0 0 0 0 0 0 0 0 0 0 0 0 0 0 0 0 0 0 0 0 0 0 0 0 0 0 0 0 0 0 0 0 0 0 0 0 0 0 0 0 0 0 0 0 0 0 0 0 0 0 0 0 0 0 0 0 0 0 0 0 0 0 0 0 0 0 0 0 0 0 0 0 0 0 0 0 0.051575934 0.07629384 0.126158842 0.170105287 0.198528026 0.201418447 0.20938443 0.20875486 0.207909952 0.19182529 0.163566143 0.146120518 0.146979477 0.128329249 0.125217702 0.11284747 0.105033645 0.086074235 0.114195033 -0.113075713 -0.038205381 -1.342401461 -11.05143367 -39.98154975
310.082 0 0 0 0 0 0 0 0 0 0 0 0 0 0 0 0 0 0 0 0 0 0 0 0 0 0 0 0 0 0 0 0 0 0 0 0 0 0 0 0 0 0 0 0 0 0 0 0 0 0 0 0 0 0 0 0 0 0 0 0 0 0 0 0 0 0 0 0 0 0 0 0 0 0 0 0 0 0 0 0 0 0 0 0 0 0 0 0 0 0 0 0 0.039405134 0.062004191 0.099577984 0.137534473 0.18242273 0.206843793 0.215527137 0.230983603 0.229162288 0.223844376 0.199432115 0.177086912 0.163496221 0.139009903 0.141115782 0.156113408 0.130389885 0.143053609 0.169616068 0.133052024 0.171360746 0.141990944 0.596833017 -22.60073447 -14.24975806
313.316 0 0 0 0 0 0 0 0 0 0 0 0 0 0 0 0 0 0 0 0 0 0 0 0 0 0 0 0 0 0 0 0 0 0 0 0 0 0 0 0 0 0 0 0 0 0 0 0 0 0 0 0 0 0 0 0 0 0 0 0 0 0 0 0 0 0 0 0 0 0 0 0 0 0 0 0 0 0 0 0 0 0 0 0 0 0 0 0 0 0 0 0.034717807 0.049428081 0.071192773 0.107316798 0.146866523 0.177289959 0.206902125 0.235563843 0.245006581 0.227483266 0.222104962 0.189393768 0.180972959 0.160237066 0.157426325 0.142020059 0.152825165 0.137629025 0.137244118 0.16126162 0.229131489 0.200613959 0.247752287 0.58310333 1.414979406 -24.31845121
316.553 0 0 0 0 0 0 0 0 0 0 0 0 0 0 0 0 0 0 0 0 0 0 0 0 0 0 0 0 0 0 0 0 0 0 0 0 0 0 0 0 0 0 0 0 0 0 0 0 0 0 0 0 0 0 0 0 0 0 0 0 0 0 0 0 0 0 0 0 0 0 0 0 0 0 0 0 0 0 0 0 0 0 0 0 0 0 0 0 0 0 0.038850907 0.052389041 0.067605107 0.09507195 0.126760475 0.161769972 0.207286909 0.243138262 0.260427639 0.265929503 0.255025514 0.229146608 0.212488884 0.20918235 0.190090853 0.17596208 0.191062994 0.194277713 0.179748701 0.197539609 0.217608892 0.410486603 0.406390938 0.252410879 4.388682543 -25.38387869 11.1041946
319.791 0 0 0 0 0 0 0 0 0 0 0 0 0 0 0 0 0 0 0 0 0 0 0 0 0 0 0 0 0 0 0 0 0 0 0 0 0 0 0 0 0 0 0 0 0 0 0 0 0 0 0 0 0 0 0 0 0 0 0 0 0 0 0 0 0 0 0 0 0 0 0 0 0 0 0 0 0 0 0 0 0 0 0 0 0 0 0 0 0 0.036134523 0.050364947 0.065860275 0.089036353 0.119331419 0.146992921 0.175505731 0.228139013 0.255010127 0.278062888 0.273034626 0.257856434 0.248069522 0.22510509 0.209068158 0.202821543 0.192599681 0.201969492 0.196545672 0.202393987 0.21967116 0.245195977 0.301091517 0.629106949 0.994359582 1.936362116 -58.52853704 7.75533056
323.031 0 0 0 0 0 0 0 0 0 0 0 0 0 0 0 0 0 0 0 0 0 0 0 0 0 0 0 0 0 0 0 0 0 0 0 0 0 0 0 0 0 0 0 0 0 0 0 0 0 0 0 0 0 0 0 0 0 0 0 0 0 0 0 0 0 0 0 0 0 0 0 0 0 0 0 0 0 0 0 0 0 0 0 0 0 0 0 0 0.0418303 0.053183849 0.068394716 0.09352327 0.11157979 0.141127943 0.169511086 0.214089431 0.253812112 0.286041528 0.303802162 0.295690055 0.27800947 0.263473371 0.239413315 0.233640834 0.218976127 0.20846266 0.202186227 0.207303078 0.212560172 0.213101554 0.299310757 0.356108706 0.456583853 0.305705678 1.602446197 -27.57464423 -4.619158421
326.273 0 0 0 0 0 0 0 0 0 0 0 0 0 0 0 0 0 0 0 0 0 0 0 0 0 0 0 0 0 0 0 0 0 0 0 0 0 0 0 0 0 0 0 0 0 0 0 0 0 0 0 0 0 0 0 0 0 0 0 0 0 0 0 0 0 0 0 0 0 0 0 0 0 0 0 0 0 0 0 0 0 0 0 0 0 0 0 0.044464025 0.057871915 0.072738094 0.090296055 0.114639495 0.137345644 0.170042407 0.194702483 0.243984906 0.28545643 0.315969279 0.307669349 0.305487019 0.296830461 0.271989818 0.255993936 0.243534066 0.234981304 0.238225814 0.21583477 0.219504855 0.244875925 0.237229924 0.274278065 0.380696817 0.500965689 0.923271397 0.934036911 -24.78211495 19.62319529
329.517 0 0 0 0 0 0 0 0 0 0 0 0 0 0 0 0 0 0 0 0 0 0 0 0 0 0 0 0 0 0 0 0 0 0 0 0 0 0 0 0 0 0 0 0 0 0 0 0 0 0 0 0 0 0 0 0 0 0 0 0 0 0 0 0 0 0 0 0 0 0 0 0 0 0 0 0 0 0 0 0 0 0 0 0 0 0 0.046977763 0.062404973 0.080344783 0.095083858 0.11648653 0.138982771 0.164156303 0.194308992 0.240332707 0.281522112 0.30617181 0.328184996 0.331601753 0.32883939 0.310489684 0.281026488 0.279654604 0.258801759 0.269096812 0.243039303 0.24976041 0.265803903 0.288293953 0.277723453 0.379344142 0.51019601 0.658081164 1.222218795 3.078774757 47.41339323 2.555771084
332.763 0 0 0 0 0 0 0 0 0 0 0 0 0 0 0 0 0 0 0 0 0 0 0 0 0 0 0 0 0 0 0 0 0 0 0 0 0 0 0 0 0 0 0 0 0 0 0 0 0 0 0 0 0 0 0 0 0 0 0 0 0 0 0 0 0 0 0 0 0 0 0 0 0 0 0 0 0 0 0 0 0 0 0 0 0 0.045698839 0.062717589 0.080150156 0.101616942 0.120009124 0.143714897 0.165130484 0.192204515 0.230552757 0.272599845 0.305427119 0.340201087 0.353273997 0.343551937 0.343187949 0.329314401 0.31037461 0.298451432 0.28929058 0.279098154 0.280014327 0.286777758 0.284144972 0.290178702 0.311383275 0.495297511 0.628528894 1.059070266 1.498882911 2.158907096 -49.46446888 33.93923499
336.011 0 0 0 0 0 0 0 0 0 0 0 0 0 0 0 0 0 0 0 0 0 0 0 0 0 0 0 0 0 0 0 0 0 0 0 0 0 0 0 0 0 0 0 0 0 0 0 0 0 0 0 0 0 0 0 0 0 0 0 0 0 0 0 0 0 0 0 0 0 0 0 0 0 0 0 0 0 0 0 0 0 0 0 0 0.051313621 0.064294675 0.081346587 0.103128597 0.12367145 0.143767029 0.170886718 0.189375403 0.232713305 0.272800001 0.302759119 0.33434555 0.355560281 0.371483557 0.366472694 0.356176394 0.348238783 0.332681448 0.312942429 0.295981615 0.302682445 0.300226045 0.295266236 0.335942955 0.339324914 0.400898986 0.578078093 0.538019928 1.16888474 1.513038139 1.120055374 -47.86262809 28.48908672
339.261 0 0 0 0 0 0 0 0 0 0 0 0 0 0 0 0 0 0 0 0 0 0 0 0 0 0 0 0 0 0 0 0 0 0 0 0 0 0 0 0 0 0 0 0 0 0 0 0 0 0 0 0 0 0 0 0 0 0 0 0 0 0 0 0 0 0 0 0 0 0 0 0 0 0 0 0 0 0 0 0 0 0 0 0.047909109 0.065089875 0.082847068 0.103530666 0.124739745 0.147019384 0.169178744 0.19074108 0.221847427 0.261748803 0.300940849 0.328762248 0.359824509 0.383698342 0.390317241 0.383639855 0.376250471 0.361958572 0.337896589 0.319759813 0.321539193 0.321151273 0.318644602 0.325451095 0.357002408 0.364720292 0.412850509 0.495202148 0.710340957 0.666913431 0.863519078 1.595120554 39.89052109 24.22817196
342.512 0 0 0 0 0 0 0 0 0 0 0 0 0 0 0 0 0 0 0 0 0 0 0 0 0 0 0 0 0 0 0 0 0 0 0 0 0 0 0 0 0 0 0 0 0 0 0 0 0 0 0 0 0 0 0 0 0 0 0 0 0 0 0 0 0 0 0 0 0 0 0 0 0 0 0 0 0 0 0 0 0 0 0.05196853 0.068791499 0.087718843 0.108037471 0.132891918 0.151278592 0.179287632 0.199170185 0.226776554 0.266289496 0.297854141 0.333019736 0.363884045 0.387663387 0.407384418 0.416121742 0.40045206 0.386755045 0.375220993 0.374279821 0.356049922 0.353788054 0.347401695 0.356713823 0.369377068 0.398536107 0.493531222 0.491196654 0.629420343 0.759806978 0.979901436 1.589669547 2.398120777 -36.77165127 -3.1514302
345.766 0 0 0 0 0 0 0 0 0 0 0 0 0 0 0 0 0 0 0 0 0 0 0 0 0 0 0 0 0 0 0 0 0 0 0 0 0 0 0 0 0 0 0 0 0 0 0 0 0 0 0 0 0 0 0 0 0 0 0 0 0 0 0 0 0 0 0 0 0 0 0 0 0 0 0 0 0 0 0 0 0 0.051899556 0.068381345 0.085729847 0.114266043 0.135659824 0.163283594 0.178591338 0.206144 0.230467806 0.263794244 0.294293359 0.333817952 0.358757989 0.387581525 0.407502701 0.424118471 0.42914733 0.418311821 0.415220174 0.397770233 0.379105568 0.373516665 0.358628693 0.376474699 0.369555988 0.400228923 0.426236338 0.481796321 0.58971125 0.618873049 0.84707185 1.163399617 1.5238251 2.743245074 6.608832126 -40.9616705
349.021 0 0 0 0 0 0 0 0 0 0 0 0 0 0 0 0 0 0 0 0 0 0 0 0 0 0 0 0 0 0 0 0 0 0 0 0 0 0 0 0 0 0 0 0 0 0 0 0 0 0 0 0 0 0 0 0 0 0 0 0 0 0 0 0 0 0 0 0 0 0 0 0 0 0 0 0 0 0 0 0 0.057508804 0.075503208 0.096054843 0.116415939 0.140032503 0.166471522 0.191176524 0.215532247 0.239665672 0.270497984 0.300477035 0.332998574 0.360248312 0.390052713 0.421064649 0.437707099 0.446834651 0.441463142 0.443321379 0.428187863 0.423628722 0.414871239 0.399389591 0.399480319 0.402891441 0.419953719 0.452085734 0.530972855 0.585561067 0.653114854 0.725803337 0.902181041 1.281652543 1.793952696 1.629224912 2.102428579 52.51071376
352.278 0 0 0 0 0 0 0 0 0 0 0 0 0 0 0 0 0 0 0 0 0 0 0 0 0 0 0 0 0 0 0 0 0 0 0 0 0 0 0 0 0 0 0 0 0 0 0 0 0 0 0 0 0 0 0 0 0 0 0 0 0 0 0 0 0 0 0 0 0 0 0 0 0 0 0 0 0 0 0 0.059482266 0.078027787 0.097280268 0.122411722 0.144830026 0.17277733 0.196374187 0.224781042 0.253568925 0.279333492 0.307850202 0.338732 0.368422989 0.392935897 0.426799566 0.448804628 0.465909328 0.471578186 0.4680163 0.45325724 0.447788025 0.439347488 0.425732331 0.41996045 0.419365932 0.442057436 0.465564826 0.505657141 0.548423603 0.599871387 0.655502273 0.821738894 0.931001173 0.952269371 0.851232437 -0.303334436 29.48779751 -5.236871016
355.537 0 0 0 0 0 0 0 0 0 0 0 0 0 0 0 0 0 0 0 0 0 0 0 0 0 0 0 0 0 0 0 0 0 0 0 0 0 0 0 0 0 0 0 0 0 0 0 0 0 0 0 0 0 0 0 0 0 0 0 0 0 0 0 0 0 0 0 0 0 0 0 0 0 0 0 0 0 0 0.060451447 0.081015632 0.101639399 0.128341336 0.153385318 0.177989302 0.203926712 0.238616832 0.259274215 0.294262165 0.318021102 0.347796956 0.374000126 0.402399683 0.434449016 0.459481343 0.480016457 0.491741541 0.500662381 0.490347277 0.477008834 0.477985286 0.472166095 0.454735927 0.465099195 0.468132385 0.487296502 0.516184848 0.563634341 0.618653264 0.695242689 0.806922216 0.912428222 1.008712482 1.161299195 1.384103135 4.563823835 -54.92274544 7.191815857
358.798 0 0 0 0 0 0 0 0 0 0 0 0 0 0 0 0 0 0 0 0 0 0 0 0 0 0 0 0 0 0 0 0 0 0 0 0 0 0 0 0 0 0 0 0 0 0 0 0 0 0 0 0 0 0 0 0 0 0 0 0 0 0 0 0 0 0 0 0 0 0 0 0 0 0 0 0 0 0.061645498 0.081007404 0.103724884 0.130639185 0.163376398 0.191634076 0.222466186 0.246351949 0.273083571 0.303522392 0.325445071 0.362088199 0.390381027 0.419112495 0.441653686 0.459163949 0.489708678 0.511154845 0.517132601 0.516574418 0.508475594 0.5127738 0.507272101 0.503087213 0.498433699 0.503648568 0.506951416 0.536100258 0.584528927 0.619622146 0.718322235 0.756492942 0.877156449 1.003393987 1.112967857 1.293481404 1.764468595 1.36834268 -8.240513696 -3.671582249
362.061 0 0 0 0 0 0 0 0 0 0 0 0 0 0 0 0 0 0 0 0 0 0 0 0 0 0 0 0 0 0 0 0 0 0 0 0 0 0 0 0 0 0 0 0 0 0 0 0 0 0 0 0 0 0 0 0 0 0 0 0 0 0 0 0 0 0 0 0 0 0 0 0 0 0 0 0 0.055381278 0.078469774 0.103176546 0.134000509 0.161331181 0.196319984 0.226769377 0.252920104 0.276951614 0.315288865 0.338554172 0.37125688 0.400048674 0.430406439 0.45042964 0.476777682 0.496552542 0.510867715 0.532546506 0.537141681 0.529889441 0.531976633 0.524351236 0.531015392 0.520204332 0.518088057 0.529827956 0.568034944 0.56388169 0.622161733 0.666524531 0.784032979 0.841198291 0.939556035 0.919655256 1.11861822 1.290057356 1.310785562 -0.391074051 45.81388948 -6.670078716
365.325 0 0 0 0 0 0 0 0 0 0 0 0 0 0 0 0 0 0 0 0 0 0 0 0 0 0 0 0 0 0 0 0 0 0 0 0 0 0 0 0 0 0 0 0 0 0 0 0 0 0 0 0 0 0 0 0 0 0 0 0 0 0 0 0 0 0 0 0 0 0 0 0 0 0 0 0.058937813 0.081109764 0.101485538 0.130763676 0.163716551 0.19367583 0.234992776 0.263919716 0.295892234 0.331722345 0.359170104 0.388929267 0.418480521 0.448100443 0.46980129 0.489985666 0.50799513 0.535331067 0.555748458 0.561568257 0.560961399 0.560522275 0.55590755 0.553880538 0.55884757 0.551459783 0.569297342 0.556209625 0.582644715 0.634396211 0.676836565 0.727234177 0.834639229 0.906103794 0.978443736 1.06074052 1.163070297 1.189560293 1.398457972 1.343287253 -19.213286 -29.66814132
368.591 0 0 0 0 0 0 0 0 0 0 0 0 0 0 0 0 0 0 0 0 0 0 0 0 0 0 0 0 0 0 0 0 0 0 0 0 0 0 0 0 0 0 0 0 0 0 0 0 0 0 0 0 0 0 0 0 0 0 0 0 0 0 0 0 0 0 0 0 0 0 0 0 0 0 0.057912421 0.078534426 0.101412046 0.131133727 0.164651474 0.198169711 0.23430315 0.273780723 0.309545753 0.339922449 0.372635073 0.408943192 0.43810635 0.464529481 0.484513948 0.517014279 0.53316072 0.553647942 0.561057894 0.586513479 0.590762461 0.576587863 0.57903956 0.577014404 0.571534398 0.563185776 0.578498265 0.585652222 0.611304387 0.616753125 0.678336578 0.716640802 0.795824506 0.882371717 0.929539034 1.045296051 1.141848522 1.090211597 1.2186396 2.168101696 3.500009493 -26.70101445 -9.954504026
371.859 0 0 0 0 0 0 0 0 0 0 0 0 0 0 0 0 0 0 0 0 0 0 0 0 0 0 0 0 0 0 0 0 0 0 0 0 0 0 0 0 0 0 0 0 0 0 0 0 0 0 0 0 0 0 0 0 0 0 0 0 0 0 0 0 0 0 0 0 0 0 0 0 0 0.054955491 0.075536369 0.101981109 0.12818409 0.163788085 0.203065805 0.242369249 0.282845877 0.318256368 0.350478414 0.390618772 0.427825501 0.461288047 0.482981673 0.51019328 0.53290136 0.555498838 0.576666951 0.595031954 0.598878401 0.609905148 0.611897946 0.60756933 0.608046836 0.61175947 0.600043736 0.594339427 0.60440386 0.625117806 0.640978743 0.674299346 0.708686071 0.772108971 0.87316933 0.942025355 1.024576178 1.16002931 1.217677684 1.286122314 1.726603302 2.134241141 0.940629322 10.97775222 -13.64358995
375.128 0 0 0 0 0 0 0 0 0 0 0 0 0 0 0 0 0 0 0 0 0 0 0 0 0 0 0 0 0 0 0 0 0 0 0 0 0 0 0 0 0 0 0 0 0 0 0 0 0 0 0 0 0 0 0 0 0 0 0 0 0 0 0 0 0 0 0 0 0 0 0 0 0.054053223 0.076802573 0.10401798 0.130874725 0.165357336 0.202120374 0.242513169 0.285867451 0.333018295 0.3676952 0.407153365 0.444096008 0.484705452 0.516227648 0.551432255 0.57245782 0.591439035 0.609174237 0.632647977 0.643379944 0.651268705 0.651807373 0.655596349 0.657897781 0.649944668 0.640873541 0.650665078 0.639932259 0.645107824 0.659266973 0.691271914 0.747438032 0.791726712 0.86290884 0.952730958 1.048987946 1.161440406 1.235003434 1.328400545 1.650338115 1.729194517 2.101365706 4.838712844 -57.35667726 44.20176066
378.399 0 0 0 0 0 0 0 0 0 0 0 0 0 0 0 0 0 0 0 0 0 0 0 0 0 0 0 0 0 0 0 0 0 0 0 0 0 0 0 0 0 0 0 0 0 0 0 0 0 0 0 0 0 0 0 0 0 0 0 0 0 0 0 0 0 0 0 0 0 0 0 0.050635297 0.070720954 0.091332031 0.119178955 0.154502289 0.192235303 0.231494638 0.282804781 0.325205033 0.37048201 0.416589062 0.450153774 0.49491684 0.525693324 0.559447069 0.582856124 0.605969576 0.627090439 0.639065252 0.66251006 0.669738374 0.688459501 0.675599859 0.677103092 0.669307212 0.655601418 0.651268727 0.650911738 0.651281845 0.662488593 0.685077357 0.729729011 0.746867108 0.797256929 0.869374817 0.96747331 1.051478345 1.138103312 1.218779659 1.278924225 1.331391795 1.278642887 0.886167837 1.322087012 34.70672254 30.8946395
381.672 0 0 0 0 0 0 0 0 0 0 0 0 0 0 0 0 0 0 0 0 0 0 0 0 0 0 0 0 0 0 0 0 0 0 0 0 0 0 0 0 0 0 0 0 0 0 0 0 0 0 0 0 0 0 0 0 0 0 0 0 0 0 0 0 0 0 0 0 0 0 0.050907907 0.068394176 0.093351858 0.119619634 0.15536137 0.18988445 0.229120512 0.282241974 0.328637776 0.374322091 0.421819532 0.46284494 0.506501795 0.539379191 0.582526097 0.605680741 0.630005099 0.662572305 0.679513209 0.691628657 0.700492052 0.720435626 0.715008591 0.723886623 0.710533476 0.691298687 0.693688373 0.685687823 0.669245858 0.680357684 0.703293539 0.725306553 0.753120262 0.797873589 0.889331616 0.947309385 1.010133743 1.151064518 1.230296367 1.302347831 1.443882459 1.503977357 1.848563746 2.421639883 2.286892418 -34.80111138 -12.86662868
384.947 0 0 0 0 0 0 0 0 0 0 0 0 0 0 0 0 0 0 0 0 0 0 0 0 0 0 0 0 0 0 0 0 0 0 0 0 0 0 0 0 0 0 0 0 0 0 0 0 0 0 0 0 0 0 0 0 0 0 0 0 0 0 0 0 0 0 0 0 0 0.047405428 0.063210009 0.086127521 0.116250105 0.144382468 0.186019892 0.225326258 0.271483927 0.323574292 0.368106627 0.417267469 0.469819711 0.513278852 0.556707964 0.58675789 0.625207169 0.649686026 0.6788108 0.703566641 0.717897927 0.73219805 0.741534976 0.748023854 0.743081373 0.738075591 0.729416449 0.71719525 0.718791338 0.69698842 0.701905437 0.701864114 0.735111502 0.745031974 0.796075774 0.84162001 0.901326703 0.989580842 1.084046032 1.185787357 1.256712738 1.361430387 1.423212064 1.510853762 1.587649406 1.307403389 2.37173222 15.45100642 23.90807021
388.223 0 0 0 0 0 0 0 0 0 0 0 0 0 0 0 0 0 0 0 0 0 0 0 0 0 0 0 0 0 0 0 0 0 0 0 0 0 0 0 0 0 0 0 0 0 0 0 0 0 0 0 0 0 0 0 0 0 0 0 0 0 0 0 0 0 0 0 0 0.044141366 0.06197995 0.084319731 0.108462358 0.139683103 0.177249229 0.216843444 0.259186928 0.303361351 0.359829932 0.412619398 0.459635118 0.510822991 0.557095685 0.594346696 0.631087483 0.659336062 0.683426872 0.713494096 0.73429441 0.748167471 0.754728671 0.77251942 0.761846114 0.7729784 0.758716013 0.752198912 0.747285509 0.724573905 0.720131324 0.706294172 0.724198898 0.723379782 0.770141643 0.810910959 0.854418545 0.934645839 1.065730474 1.127611322 1.19480816 1.304862112 1.373730059 1.395658234 1.598160079 1.600226546 1.108778411 -0.231482818 -13.48589732 -43.70824003
391.5 0 0 0 0 0 0 0 0 0 0 0 0 0 0 0 0 0 0 0 0 0 0 0 0 0 0 0 0 0 0 0 0 0 0 0 0 0 0 0 0 0 0 0 0 0 0 0 0 0 0 0 0 0 0 0 0 0 0 0 0 0 0 0 0 0 0 0 0.047563401 0.062912191 0.082332569 0.104574789 0.135907894 0.169399591 0.204289462 0.252001213 0.292455172 0.350574026 0.392846187 0.445530252 0.501571086 0.545719346 0.596949937 0.628570798 0.663311823 0.696449024 0.718356691 0.734043094 0.762761152 0.779977122 0.783507344 0.786716135 0.78418883 0.787664223 0.768866624 0.755071464 0.738218267 0.726741961 0.735309681 0.723408139 0.720885934 0.7391122 0.773472762 0.816249558 0.888984313 0.955603722 1.081383486 1.167826179 1.253138232 1.307934567 1.449399243 1.4632664 1.585843523 1.515243071 1.627506398 1.442752518 6.164501617 42.08325265
394.78 0 0 0 0 0 0 0 0 0 0 0 0 0 0 0 0 0 0 0 0 0 0 0 0 0 0 0 0 0 0 0 0 0 0 0 0 0 0 0 0 0 0 0 0 0 0 0 0 0 0 0 0 0 0 0 0 0 0 0 0 0 0 0 0 0 0 0.045867886 0.062642856 0.078789055 0.103803976 0.128448174 0.158265728 0.198869385 0.240171662 0.287592634 0.338594977 0.383265031 0.43494852 0.485896141 0.537137875 0.585787821 0.631627331 0.664905553 0.700954365 0.730421632 0.75346171 0.77084488 0.793837231 0.808946339 0.81405856 0.82222642 0.812519195 0.810512041 0.80423137 0.775106075 0.762729269 0.755336416 0.733303977 0.735134781 0.735530671 0.776069245 0.809803655 0.858140728 0.922355135 1.010092414 1.087921998 1.181076711 1.280414818 1.403187632 1.450115687 1.489753144 1.624631439 1.822337664 2.0559204 1.405084846 -41.92014157 -10.06672497
398.061 0 0 0 0 0 0 0 0 0 0 0 0 0 0 0 0 0 0 0 0 0 0 0 0 0 0 0 0 0 0 0 0 0 0 0 0 0 0 0 0 0 0 0 0 0 0 0 0 0 0 0 0 0 0 0 0 0 0 0 0 0 0 0 0 0 0.046888275 0.059646336 0.081178441 0.101753773 0.127584562 0.156489278 0.190949416 0.232461188 0.271100436 0.322406799 0.367158605 0.416518166 0.479924709 0.516101221 0.577858322 0.626581525 0.662543161 0.695837566 0.728112629 0.749286968 0.769369966 0.800493245 0.813785561 0.827710006 0.834222731 0.823422992 0.830827861 0.808392577 0.795717123 0.784225207 0.777940789 0.757135277 0.743769995 0.746965219 0.768170071 0.774824177 0.822969873 0.871737992 0.954900988 1.03821474 1.106528548 1.237812922 1.325314505 1.412468416 1.522097226 1.592180589 1.726640341 1.871541504 1.889704504 3.30751285 -18.17226656 20.36867583
401.343 0 0 0 0 0 0 0 0 0 0 0 0 0 0 0 0 0 0 0 0 0 0 0 0 0 0 0 0 0 0 0 0 0 0 0 0 0 0 0 0 0 0 0 0 0 0 0 0 0 0 0 0 0 0 0 0 0 0 0 0 0 0 0 0 0.045514679 0.062035995 0.079913908 0.100949576 0.127885177 0.15199906 0.184073888 0.222511096 0.262470367 0.310425183 0.351347272 0.398997164 0.455263688 0.503720833 0.559360944 0.606361612 0.658587366 0.686749173 0.725244494 0.754756586 0.772613257 0.798463317 0.812512226 0.836575975 0.84284837 0.845426902 0.842252678 0.825199031 0.817901024 0.808444411 0.792327108 0.775541938 0.767707709 0.761870207 0.763924603 0.764696668 0.800310495 0.82679058 0.896782624 0.975990515 1.064058864 1.166632578 1.262660355 1.358936928 1.458666881 1.543288091 1.626840915 1.792243029 2.031752628 2.909264129 3.948434361 12.77377906 2.5869886
404.627 0 0 0 0 0 0 0 0 0 0 0 0 0 0 0 0 0 0 0 0 0 0 0 0 0 0 0 0 0 0 0 0 0 0 0 0 0 0 0 0 0 0 0 0 0 0 0 0 0 0 0 0 0 0 0 0 0 0 0 0 0 0 0 0.045160625 0.061057176 0.078251719 0.098885831 0.121734956 0.147375751 0.178909867 0.213830945 0.25652635 0.298014464 0.345269436 0.387413979 0.437278946 0.491851452 0.535464437 0.590261842 0.630911894 0.678761423 0.716570995 0.75474401 0.773422059 0.807967555 0.813255844 0.837189916 0.855509064 0.864016983 0.865559798 0.855523567 0.844754213 0.831174682 0.818580382 0.806972523 0.783456716 0.778916654 0.766611952 0.757616986 0.778633702 0.809173623 0.854654117 0.918856472 0.971233531 1.087459674 1.176076639 1.282024921 1.383292747 1.442559017 1.562276216 1.614252308 1.854492526 2.010285808 2.393267538 3.017825412 -18.03442335 35.01708893
407.912 0 0 0 0 0 0 0 0 0 0 0 0 0 0 0 0 0 0 0 0 0 0 0 0 0 0 0 0 0 0 0 0 0 0 0 0 0 0 0 0 0 0 0 0 0 0 0 0 0 0 0 0 0 0 0 0 0 0 0 0 0 0 0.045915993 0.059135118 0.073498527 0.091653762 0.117161459 0.140146232 0.169400802 0.206621573 0.240744118 0.28772307 0.327825994 0.368672399 0.417896783 0.466032033 0.520958158 0.566957534 0.61591834 0.665232994 0.706440271 0.737762113 0.766095074 0.785250122 0.811121634 0.83538661 0.839585545 0.86394443 0.869505921 0.878302221 0.861433745 0.845387606 0.835155154 0.817151549 0.806749584 0.781170915 0.768948552 0.77088373 0.76095205 0.77990332 0.815934178 0.858621539 0.916239832 1.017054707 1.08808201 1.193944836 1.306305427 1.380051327 1.459153229 1.520616558 1.667773631 1.662553974 1.678196952 1.746793675 2.902388523 -36.23684276 2.512048488
411.2 0 0 0 0 0 0 0 0 0 0 0 0 0 0 0 0 0 0 0 0 0 0 0 0 0 0 0 0 0 0 0 0 0 0 0 0 0 0 0 0 0 0 0 0 0 0 0 0 0 0 0 0 0 0 0 0 0 0 0 0 0 0.042984627 0.056645189 0.070275181 0.092515852 0.114280281 0.13626785 0.169495661 0.198321689 0.234349282 0.273053723 0.315089548 0.363052509 0.402799729 0.450180402 0.496287957 0.540802135 0.593934028 0.639968675 0.680233031 0.721110687 0.758537757 0.771086097 0.804560518 0.821283921 0.837987969 0.855326241 0.861001703 0.866456876 0.870402371 0.875199257 0.846853767 0.834760055 0.815948028 0.789977739 0.788932225 0.773532953 0.776895222 0.775719453 0.784893139 0.816232473 0.878128026 0.9247263 1.024567286 1.109084172 1.211453522 1.326473044 1.412142107 1.479646937 1.597683982 1.725923129 1.855704536 1.956964191 2.576134204 4.820035502 -63.3249911 -3.614964411
414.488 0 0 0 0 0 0 0 0 0 0 0 0 0 0 0 0 0 0 0 0 0 0 0 0 0 0 0 0 0 0 0 0 0 0 0 0 0 0 0 0 0 0 0 0 0 0 0 0 0 0 0 0 0 0 0 0 0 0 0 0 0.039442312 0.048750982 0.064738509 0.084618476 0.103063283 0.128901689 0.158459807 0.19085149 0.221268071 0.262444374 0.30345248 0.346799113 0.382019452 0.429866538 0.479253057 0.524036186 0.569654514 0.611025728 0.652510931 0.698101868 0.728149976 0.763165002 0.790982602 0.802590336 0.815618348 0.836035392 0.846331884 0.860811239 0.869720977 0.858690468 0.862608893 0.844052877 0.81626639 0.803016102 0.784758836 0.775241957 0.751055275 0.758739408 0.766064635 0.784072914 0.819441183 0.865387527 0.937698499 1.014756229 1.122170596 1.21305767 1.31722719 1.411697128 1.474257194 1.564441825 1.553119758 1.650761528 1.750004242 1.716686035 1.877884175 -66.47984257 12.56171349
417.778 0 0 0 0 0 0 0 0 0 0 0 0 0 0 0 0 0 0 0 0 0 0 0 0 0 0 0 0 0 0 0 0 0 0 0 0 0 0 0 0 0 0 0 0 0 0 0 0 0 0 0 0 0 0 0 0 0 0 0 0.034737228 0.048544283 0.059170116 0.078351043 0.095797773 0.121682504 0.146463062 0.17882083 0.212848926 0.243503122 0.27991248 0.32529537 0.369081659 0.412695709 0.461039192 0.498566773 0.54353851 0.587271219 0.627761769 0.671116869 0.705859355 0.736714744 0.762466484 0.783111223 0.803616695 0.815999758 0.833333644 0.843740129 0.859866469 0.860289415 0.858930281 0.848643065 0.842150907 0.821616941 0.800614284 0.779301934 0.775493923 0.753395248 0.757597597 0.761844321 0.779283933 0.803963367 0.859821745 0.946674977 1.017894729 1.119344727 1.224463642 1.313305118 1.39243707 1.447575145 1.479289233 1.616924328 1.594397433 1.663255696 2.064532621 1.908027984 20.73492391 -19.63092216
421.069 0 0 0 0 0 0 0 0 0 0 0 0 0 0 0 0 0 0 0 0 0 0 0 0 0 0 0 0 0 0 0 0 0 0 0 0 0 0 0 0 0 0 0 0 0 0 0 0 0 0 0 0 0 0 0 0 0 0 0.032506831 0.044591888 0.056488874 0.073167802 0.093317251 0.114096334 0.142723029 0.171123485 0.198504896 0.232527736 0.267920293 0.308210643 0.346648298 0.388981036 0.432294207 0.474770357 0.518186903 0.555958186 0.602048669 0.638519577 0.677699092 0.708243792 0.741195452 0.764830519 0.782615193 0.799327995 0.81273465 0.830292126 0.838403423 0.84452283 0.849380553 0.851547039 0.842614416 0.815817824 0.810564121 0.790624113 0.774629844 0.756856735 0.74796431 0.75547218 0.753206489 0.775797797 0.827346606 0.880456551 0.944185955 1.014469156 1.123216303 1.221371548 1.301762113 1.409874389 1.432142651 1.579723165 1.619498919 1.670534172 1.806040979 1.826423641 5.111265758 -34.74844459 -18.20198666
424.362 0 0 0 0 0 0 0 0 0 0 0 0 0 0 0 0 0 0 0 0 0 0 0 0 0 0 0 0 0 0 0 0 0 0 0 0 0 0 0 0 0 0 0 0 0 0 0 0 0 0 0 0 0 0 0 0 0 0.029782911 0.039870154 0.053847779 0.066766106 0.085058531 0.104265805 0.126885987 0.155570572 0.186020207 0.216208726 0.257623201 0.290133195 0.337300115 0.369271103 0.414974436 0.456950572 0.500156225 0.534496385 0.575790639 0.611439612 0.654177837 0.680601272 0.719288085 0.736993224 0.764337257 0.773808818 0.792472007 0.794146781 0.821286208 0.825572018 0.842417591 0.84492915 0.837880799 0.825577429 0.814695292 0.797517578 0.778413337 0.758510061 0.756433333 0.747577499 0.741115986 0.763815968 0.776594618 0.806154274 0.882293821 0.94645829 1.023683541 1.114395233 1.197768543 1.290840018 1.37491662 1.422746138 1.46201035 1.542631031 1.695418394 1.813112123 1.933439189 -0.252775483 5.41400702 0
427.657 0 0 0 0 0 0 0 0 0 0 0 0 0 0 0 0 0 0 0 0 0 0 0 0 0 0 0 0 0 0 0 0 0 0 0 0 0 0 0 0 0 0 0 0 0 0 0 0 0 0 0 0 0 0 0 0 0.029903114 0.039453252 0.052370807 0.067677127 0.078673613 0.098644225 0.123122464 0.145716809 0.172991803 0.205423067 0.239129073 0.279496076 0.313261232 0.356894464 0.390283195 0.431543547 0.472942005 0.510215776 0.545445088 0.588096709 0.620629228 0.649748416 0.680379271 0.714713765 0.737863765 0.752290386 0.768553169 0.778822664 0.799647981 0.800596431 0.811008783 0.808978949 0.822526516 0.817833223 0.809128637 0.796039118 0.776648607 0.764737443 0.749548401 0.73674026 0.73472393 0.729437647 0.750817301 0.76299114 0.812125272 0.877233837 0.940767428 1.035753105 1.130500517 1.220725411 1.272223806 1.373087665 1.451816144 1.482127858 1.625925931 1.710174486 1.88591949 2.172730888 4.246142551 4.984317324 0
430.952 0 0 0 0 0 0 0 0 0 0 0 0 0 0 0 0 0 0 0 0 0 0 0 0 0 0 0 0 0 0 0 0 0 0 0 0 0 0 0 0 0 0 0 0 0 0 0 0 0 0 0 0 0 0 0 0.026456149 0.033681586 0.044578138 0.056457175 0.07606669 0.091323307 0.112459037 0.135891902 0.160296168 0.188327619 0.220834995 0.255596672 0.289451597 0.327209449 0.366007563 0.404523955 0.445279992 0.484292461 0.525272851 0.560482187 0.590939627 0.626401459 0.658957806 0.689801225 0.708329169 0.737111873 0.745830548 0.754988091 0.770358506 0.783835169 0.791153237 0.796891877 0.806438087 0.808837588 0.804350133 0.795257234 0.784973722 0.770343532 0.741421775 0.739168468 0.725892746 0.726290541 0.728035739 0.73551665 0.773204721 0.812978739 0.881413787 0.950673104 1.040721728 1.125446162 1.197016701 1.29774902 1.315486633 1.449305333 1.416153799 1.478835483 1.741262345 1.609121729 1.693263381 3.599609293 0 0
434.249 0 0 0 0 0 0 0 0 0 0 0 0 0 0 0 0 0 0 0 0 0 0 0 0 0 0 0 0 0 0 0 0 0 0 0 0 0 0 0 0 0 0 0 0 0 0 0 0 0 0 0 0 0 0 0.024732414 0.030355412 0.041085384 0.050229884 0.068350152 0.082544159 0.101322999 0.125785796 0.145902521 0.171276192 0.204890796 0.238895259 0.264808348 0.310581647 0.347403769 0.385320201 0.416215192 0.461239672 0.499031337 0.533521339 0.564541441 0.597816785 0.618914112 0.658191513 0.685219754 0.704115877 0.731570919 0.740070877 0.747406783 0.757669957 0.771393216 0.780619047 0.778175209 0.793303706 0.795800151 0.791388935 0.783911105 0.762630243 0.76181656 0.749746728 0.730376025 0.71896105 0.722769604 0.722958518 0.737930789 0.757949618 0.814006411 0.864144995 0.930380085 1.028849959 1.121739573 1.204798192 1.259677782 1.335499778 1.395782085 1.482232502 1.485101862 1.638158755 1.573091422 1.509352183 4.001166327 0 0
437.548 0 0 0 0 0 0 0 0 0 0 0 0 0 0 0 0 0 0 0 0 0 0 0 0 0 0 0 0 0 0 0 0 0 0 0 0 0 0 0 0 0 0 0 0 0 0 0 0 0 0 0 0 0 0.02602113 0.032906297 0.03848192 0.049806388 0.060969302 0.078667841 0.09448803 0.115820205 0.138167364 0.165490082 0.189239349 0.222772538 0.256212649 0.287123951 0.325592065 0.35971579 0.402615435 0.436504434 0.475199052 0.508514555 0.546945818 0.572357607 0.598625561 0.633789944 0.662636195 0.684505512 0.700633446 0.718246844 0.733632729 0.747149637 0.746057165 0.757959705 0.760299286 0.772932908 0.777720956 0.783458935 0.77806712 0.774914659 0.750806865 0.741439279 0.721831061 0.711313889 0.710093092 0.717188113 0.715903456 0.732198644 0.755368972 0.814488624 0.857049993 0.947367225 1.026493363 1.116399114 1.176148786 1.283253436 1.311618509 1.412117354 1.410099383 1.549250352 1.615730565 1.770995671 2.727282022 0 0 0
440.848 0 0 0 0 0 0 0 0 0 0 0 0 0 0 0 0 0 0 0 0 0 0 0 0 0 0 0 0 0 0 0 0 0 0 0 0 0 0 0 0 0 0 0 0 0 0 0 0 0 0 0 0 0.023365083 0.027798721 0.03724419 0.046669063 0.057284715 0.071393135 0.087859037 0.104928455 0.128440692 0.152545997 0.173836085 0.198657474 0.231278466 0.264495363 0.303021927 0.336858044 0.371130918 0.410108649 0.447634296 0.480630754 0.517870031 0.547286316 0.577455327 0.597320919 0.625594083 0.64600037 0.67152065 0.691913779 0.705073739 0.719967084 0.722781478 0.733506234 0.733971562 0.743802252 0.751340654 0.758334799 0.760875097 0.759479805 0.75289168 0.736301534 0.724340162 0.710858838 0.699491817 0.69880408 0.697445843 0.705198772 0.724668792 0.760087326 0.797560186 0.85919888 0.923121849 1.021269259 1.078282269 1.165669511 1.259068528 1.298871726 1.377368498 1.414073725 1.439045397 1.564880376 1.635989218 1.981693201 0 0 0
444.149 0 0 0 0 0 0 0 0 0 0 0 0 0 0 0 0 0 0 0 0 0 0 0 0 0 0 0 0 0 0 0 0 0 0 0 0 0 0 0 0 0 0 0 0 0 0 0 0 0 0 0 0.020125766 0.026235289 0.035641924 0.041496292 0.049329282 0.05981146 0.078610106 0.095629721 0.111305908 0.135784716 0.157295151 0.179158511 0.211545503 0.244180807 0.273342289 0.308526388 0.344486849 0.377364387 0.413592607 0.449128191 0.481969629 0.513584701 0.543239772 0.573202762 0.595098594 0.619578835 0.641224361 0.655266403 0.677181186 0.685646598 0.697612589 0.709044526 0.710976825 0.715887551 0.721539913 0.72827761 0.736185957 0.739221147 0.734069409 0.727886311 0.707969302 0.698241628 0.684137483 0.679802126 0.67962218 0.679167811 0.69185424 0.711686477 0.747825827 0.78897222 0.850240601 0.923639949 1.000709304 1.082363329 1.15216281 1.197415572 1.249080229 1.352865068 1.344140584 1.336325411 1.462708878 1.392099633 0 0 0 0
447.451 0 0 0 0 0 0 0 0 0 0 0 0 0 0 0 0 0 0 0 0 0 0 0 0 0 0 0 0 0 0 0 0 0 0 0 0 0 0 0 0 0 0 0 0 0 0 0 0 0 0 0.020104425 0.023711543 0.033532071 0.039943006 0.048655442 0.054135413 0.073515577 0.084842711 0.102462632 0.121447919 0.143946709 0.171635822 0.192953785 0.21892693 0.25115387 0.281758216 0.313111171 0.346121776 0.383027412 0.418647506 0.449982287 0.484474044 0.514146818 0.539949636 0.56372836 0.586994819 0.603846361 0.629193536 0.641215851 0.660936214 0.680003335 0.680061332 0.682882998 0.686411054 0.698214858 0.707477824 0.701372104 0.70945103 0.714772026 0.707531357 0.706364665 0.686908817 0.676688425 0.677145026 0.665227113 0.657116675 0.669382969 0.673156138 0.703501605 0.727961717 0.778305652 0.832391122 0.903478242 0.997617055 1.053151135 1.142161147 1.197368999 1.238482902 1.287060187 1.368071682 1.392294709 1.400606168 1.573387519 0 0 0 0
450.755 0 0 0 0 0 0 0 0 0 0 0 0 0 0 0 0 0 0 0 0 0 0 0 0 0 0 0 0 0 0 0 0 0 0 0 0 0 0 0 0 0 0 0 0 0 0 0 0 0 0.019409019 0.022855327 0.031333705 0.03920192 0.046275137 0.053867721 0.065106272 0.07959031 0.092464997 0.110419185 0.133695163 0.155246466 0.175073237 0.202212112 0.233771378 0.259436178 0.289531804 0.322440183 0.353819014 0.387241603 0.420030162 0.452942893 0.486733772 0.507084279 0.536479302 0.552354792 0.578713439 0.592552074 0.607309061 0.627664593 0.642677276 0.646046659 0.657054501 0.658412838 0.665920463 0.676644048 0.674662383 0.676851538 0.683748714 0.682668441 0.688095732 0.677732533 0.674474972 0.662198527 0.644430719 0.645762984 0.641104742 0.646862507 0.658052723 0.672630341 0.723514997 0.775427654 0.828427081 0.907115372 0.985629783 1.032247853 1.114447072 1.195986328 1.211742404 1.246169822 1.314743832 1.341835449 1.467297205 0 0 0 0 0
454.06 0 0 0 0 0 0 0 0 0 0 0 0 0 0 0 0 0 0 0 0 0 0 0 0 0 0 0 0 0 0 0 0 0 0 0 0 0 0 0 0 0 0 0 0 0 0 0 0 0.019872054 0.022127202 0.030046918 0.037326738 0.043761992 0.054841264 0.060640122 0.070850165 0.087184947 0.099450586 0.121079058 0.141433404 0.168073742 0.184765261 0.211754455 0.235281638 0.265415898 0.296735313 0.326518209 0.358026487 0.39212453 0.417438126 0.449876643 0.473341963 0.510973753 0.529761022 0.53873257 0.568877298 0.579586314 0.596504524 0.614533604 0.624521027 0.632509155 0.625358369 0.641380808 0.640533759 0.648078373 0.650638973 0.654217512 0.66787365 0.66589902 0.660268922 0.663390013 0.646207912 0.64434275 0.6363337 0.632891756 0.624164861 0.642559399 0.658697954 0.682092587 0.711910302 0.761918861 0.822357374 0.882628871 0.96350904 1.025018489 1.111229288 1.163745245 1.20927228 1.23918509 1.291121306 1.41630481 1.443850971 0 0 0 0 0
457.366 0 0 0 0 0 0 0 0 0 0 0 0 0 0 0 0 0 0 0 0 0 0 0 0 0 0 0 0 0 0 0 0 0 0 0 0 0 0 0 0 0 0 0 0 0 0 0 0.015617565 0.019301463 0.025025173 0.031287508 0.040520756 0.048526024 0.056324723 0.06482855 0.079005256 0.094669691 0.103248998 0.122656268 0.147569843 0.167300791 0.184316222 0.208721179 0.239207394 0.268901905 0.297769207 0.325777939 0.355347766 0.38686989 0.415288995 0.441961258 0.470692215 0.496269892 0.509551655 0.529714824 0.546432609 0.55827165 0.579036226 0.592498417 0.600093698 0.605660804 0.616245633 0.617788714 0.620912854 0.629687631 0.62377235 0.624952463 0.634370408 0.638170391 0.6271392 0.626305166 0.620702248 0.611580695 0.609646226 0.610069209 0.60677336 0.618745449 0.638569885 0.661252156 0.6965347 0.744100018 0.801515764 0.856334 0.93473327 1.019525474 1.067130938 1.119919822 1.161947291 1.176113198 1.247228651 1.268103028 0 0 0 0 0 0
460.673 0 0 0 0 0 0 0 0 0 0 0 0 0 0 0 0 0 0 0 0 0 0 0 0 0 0 0 0 0 0 0 0 0 0 0 0 0 0 0 0 0 0 0 0 0 0 0.012846073 0.018164604 0.02350087 0.028173505 0.034312903 0.04205692 0.051129398 0.062182004 0.070079899 0.083833238 0.09640969 0.111722364 0.128235582 0.149515674 0.1665931 0.190241472 0.212986631 0.240903558 0.26723483 0.295098834 0.324297881 0.349645342 0.383393791 0.40687536 0.438051316 0.457926495 0.481195544 0.502204179 0.51492318 0.530693514 0.54531142 0.553871892 0.570762511 0.574718439 0.584066522 0.586739318 0.592345152 0.591634796 0.597024864 0.599101114 0.598529856 0.606909774 0.611552597 0.611167277 0.608355127 0.597599833 0.591602609 0.593403536 0.584698225 0.595699965 0.59913891 0.613207596 0.636450553 0.683707735 0.71402441 0.779464887 0.846999246 0.912138586 0.961106446 1.035012381 1.079882968 1.094510194 1.127459953 1.149216271 0 0 0 0 0 0 0
463.982 0 0 0 0 0 0 0 0 0 0 0 0 0 0 0 0 0 0 0 0 0 0 0 0 0 0 0 0 0 0 0 0 0 0 0 0 0 0 0 0 0 0 0 0 0 0.013305949 0.015661142 0.022328579 0.026250371 0.031918963 0.038336209 0.050686755 0.056418147 0.0671981 0.074987041 0.088440591 0.101459938 0.117021338 0.135057963 0.154255775 0.177065822 0.19760451 0.22293153 0.246619114 0.268928228 0.294832934 0.323285034 0.350009359 0.378514818 0.402269265 0.425848006 0.447607631 0.471901277 0.492444181 0.504211412 0.506674653 0.528913493 0.535214982 0.547560694 0.556050011 0.565211623 0.568500945 0.562985055 0.565644419 0.573044035 0.573408802 0.576533126 0.581995863 0.583191596 0.587008967 0.580647531 0.574653538 0.569882082 0.569705996 0.564255357 0.574433876 0.589671002 0.600472621 0.608613118 0.649538747 0.713663184 0.771555312 0.819431261 0.902117358 0.973844877 1.00167344 1.077784746 1.111354396 1.14078339 1.147346974 0 0 0 0 0 0 -15.94822635
467.292 0 0 0 0 0 0 0 0 0 0 0 0 0 0 0 0 0 0 0 0 0 0 0 0 0 0 0 0 0 0 0 0 0 0 0 0 0 0 0 0 0 0 0 0 0.011877378 0.01637333 0.019610328 0.023007627 0.028427366 0.035767418 0.044737469 0.053501689 0.06203477 0.072936052 0.081469852 0.093914456 0.109145654 0.122813501 0.141693554 0.159038741 0.179597689 0.199583612 0.221229162 0.245112231 0.268226755 0.295125514 0.318801268 0.345382716 0.368056233 0.395697539 0.411877828 0.440485804 0.455535874 0.465657857 0.486350278 0.497913963 0.510967809 0.51647875 0.527805073 0.534167849 0.544461643 0.541329431 0.540997052 0.54502879 0.546278922 0.551449068 0.553073995 0.556364531 0.560936274 0.561183815 0.55306354 0.557311138 0.550215773 0.5480494 0.544232577 0.548332529 0.561520916 0.590113597 0.615300666 0.648121894 0.690630567 0.745292604 0.813470983 0.844804742 0.915066842 0.980314434 1.020021166 1.0307419 1.074404688 0 0 0 0 0 0 0 1.957337897
470.603 0 0 0 0 0 0 0 0 0 0 0 0 0 0 0 0 0 0 0 0 0 0 0 0 0 0 0 0 0 0 0 0 0 0 0 0 0 0 0 0 0 0 0 0.011937869 0.013562232 0.01722943 0.021442374 0.028782058 0.035220021 0.042115601 0.047652538 0.057751611 0.064361055 0.075795309 0.085597901 0.09696538 0.108096669 0.129343268 0.14693555 0.16113037 0.178458299 0.201190064 0.220957416 0.245335612 0.267808039 0.294329878 0.316342027 0.339295644 0.359298051 0.378922137 0.403310494 0.42126439 0.443531735 0.455825783 0.469253248 0.474061175 0.486645986 0.497548582 0.50430561 0.514364976 0.516310945 0.517002279 0.51855564 0.515816139 0.516995824 0.519491042 0.525786738 0.528990024 0.534503911 0.531678218 0.537113359 0.52425964 0.53288742 0.523417388 0.531878532 0.537220704 0.546052462 0.5647414 0.591191091 0.628019614 0.67462781 0.715771879 0.776791047 0.833538243 0.895959574 0.960944353 1.001691879 1.028830846 1.059168148 0 0 0 0 0 0 29.23956066 26.49427641
473.915 0 0 0 0 0 0 0 0 0 0 0 0 0 0 0 0 0 0 0 0 0 0 0 0 0 0 0 0 0 0 0 0 0 0 0 0 0 0 0 0 0 0 0.009328586 0.013671408 0.015349522 0.020942859 0.024160616 0.029471582 0.035121725 0.042434335 0.053055827 0.060625032 0.070624262 0.077784765 0.088457189 0.100133141 0.115306093 0.130100859 0.147353293 0.164186614 0.178764411 0.205313379 0.217880512 0.240328772 0.261972696 0.286726127 0.302859588 0.330124876 0.350092904 0.373021947 0.392978969 0.40557628 0.42529433 0.437779995 0.448812785 0.456095587 0.469009637 0.476864536 0.484349261 0.488186382 0.491990092 0.49872783 0.496093621 0.494760996 0.497747758 0.496208706 0.502909415 0.504334323 0.504827868 0.514244165 0.516116447 0.513499714 0.506013427 0.503577428 0.512903954 0.517676042 0.527659263 0.5474644 0.572250672 0.603574959 0.654090922 0.716209361 0.757573962 0.82478074 0.883125903 0.903912094 0.949227678 0.978641825 0 0 0 0 0 0 0 -14.87823724 -7.264584096
477.228 0 0 0 0 0 0 0 0 0 0 0 0 0 0 0 0 0 0 0 0 0 0 0 0 0 0 0 0 0 0 0 0 0 0 0 0 0 0 0 0 0 0.008923849 0.011911435 0.015385947 0.019344064 0.021533059 0.02696079 0.033749831 0.038176157 0.04517782 0.05269086 0.061550338 0.073831792 0.082755047 0.094314697 0.104900739 0.114003653 0.131770665 0.144101556 0.166298821 0.184314706 0.197883888 0.219151876 0.244063413 0.259621146 0.282959231 0.298970534 0.324503887 0.343282565 0.36231351 0.378802221 0.397346723 0.411165836 0.417381189 0.430157086 0.437404993 0.445007605 0.455213746 0.456212443 0.470622465 0.466447445 0.470152995 0.477346424 0.471516615 0.473584914 0.475754416 0.480692921 0.488104079 0.489936442 0.49077511 0.487142403 0.485685931 0.487425561 0.486079096 0.490924501 0.494624589 0.512160415 0.520863648 0.557224052 0.58216972 0.62938115 0.676914246 0.738254338 0.785210707 0.831938148 0.889234329 0.920797749 0.928065931 0 0 0 0 0 0 2.624633147 -22.97696178 -7.979189879
480.542 0 0 0 0 0 0 0 0 0 0 0 0 0 0 0 0 0 0 0 0 0 0 0 0 0 0 0 0 0 0 0 0 0 0 0 0 0 0 0 0 0.00960655 0.013501893 0.014465117 0.016628786 0.021422339 0.026134627 0.030761038 0.039234046 0.044398816 0.05443511 0.059108344 0.07026462 0.077639874 0.08705871 0.097204165 0.106519306 0.121907719 0.133000403 0.153962536 0.167298002 0.181265304 0.200970957 0.220314568 0.234936758 0.256489473 0.2765237 0.292077466 0.317418585 0.33563665 0.353344556 0.366382163 0.381771098 0.394605006 0.40077011 0.413764478 0.419073444 0.426842268 0.431317317 0.445129179 0.448409486 0.453602136 0.448219152 0.448356013 0.448650056 0.45601939 0.4549004 0.456627293 0.464121618 0.465731939 0.466023014 0.469397967 0.466687471 0.462512748 0.469992682 0.471765994 0.487206923 0.497132113 0.517180973 0.544049422 0.577271567 0.621054941 0.66509623 0.7102606 0.763849534 0.821242371 0.875653233 0.889346059 0 0 0 0 0 0 0 3.468365998 -39.43570497 -5.384167268
483.858 0 0 0 0 0 0 0 0 0 0 0 0 0 0 0 0 0 0 0 0 0 0 0 0 0 0 0 0 0 0 0 0 0 0 0 0 0 0 0 0.010464108 0.011593907 0.014489203 0.016976062 0.0204733 0.024504676 0.02853825 0.034532287 0.040817442 0.045832955 0.052893644 0.060950119 0.073570932 0.081431193 0.091680454 0.099252179 0.109906165 0.128227542 0.136685034 0.155491878 0.168647016 0.183950138 0.198485054 0.219266998 0.236124465 0.250506791 0.271705631 0.287982081 0.308886754 0.323233201 0.342191242 0.354666914 0.370214141 0.382916897 0.394667503 0.394796801 0.4078701 0.410938593 0.420252505 0.418679542 0.427060607 0.433228437 0.433767318 0.436459022 0.43175337 0.435677848 0.433647878 0.440605658 0.44396361 0.449062318 0.447998622 0.455687429 0.446473802 0.455103581 0.458962911 0.458143745 0.461962782 0.478516669 0.500795622 0.520229043 0.564455921 0.605210768 0.650248674 0.703450832 0.734702265 0.787132761 0.817266689 0.868495232 0 0 0 0 0 0 1.260672331 3.503235577 -19.6870815 -27.29478735
487.174 0 0 0 0 0 0 0 0 0 0 0 0 0 0 0 0 0 0 0 0 0 0 0 0 0 0 0 0 0 0 0 0 0 0 0 0 0 0 0.009390021 0.011703655 0.01366115 0.016176058 0.018442732 0.021947922 0.027382469 0.031282052 0.03579701 0.045322219 0.052061062 0.058321733 0.065245565 0.073827137 0.08331421 0.091591885 0.101999975 0.114127641 0.124321812 0.137034674 0.154268377 0.168246984 0.183957553 0.205707779 0.21393395 0.233599579 0.248693106 0.261537664 0.277518332 0.299415747 0.315924107 0.338056916 0.345363339 0.358093744 0.368423142 0.377523278 0.384568169 0.390841953 0.399355629 0.400933591 0.407419719 0.408860574 0.409403583 0.417231992 0.414551974 0.416838693 0.418977618 0.424698955 0.421162468 0.425672221 0.432943057 0.429526403 0.436061274 0.437222585 0.436137189 0.44293265 0.436726818 0.451229351 0.472683268 0.487975129 0.513066931 0.541447779 0.591612332 0.630508001 0.679498995 0.721845392 0.762023463 0.811606214 0 0 0 0 0 0 0 1.657658722 2.159900825 -34.69903161 -17.94731001
490.492 0 0 0 0 0 0 0 0 0 0 0 0 0 0 0 0 0 0 0 0 0 0 0 0 0 0 0 0 0 0 0 0 0 0 0 0 0 0.00760152 0.008758987 0.01170028 0.014925764 0.016479784 0.020548718 0.022886485 0.026700008 0.030443898 0.036160074 0.039988331 0.0468504 0.058466802 0.066774737 0.074034495 0.080366237 0.094362329 0.098751386 0.11005218 0.123584842 0.139067983 0.147301698 0.168025515 0.184247952 0.19104626 0.211194923 0.22579439 0.238371413 0.257712665 0.271320758 0.289585607 0.303142982 0.317629757 0.328713541 0.345097839 0.355120645 0.359605831 0.365753392 0.370005222 0.371580398 0.380268304 0.3893209 0.388429126 0.39638142 0.390579945 0.389299324 0.392333193 0.392954011 0.400084413 0.400649973 0.402220205 0.405497071 0.406814123 0.411708393 0.412880006 0.419772654 0.416069926 0.420159098 0.442595351 0.447068467 0.471088336 0.492309051 0.520023271 0.556917488 0.607325617 0.651235328 0.695161334 0.735752209 0.747609512 0 0 0 0 0 0 0.912406137 0.45968094 0.306728191 -34.23084871 -16.90711816
493.81 0 0 0 0 0 0 0 0 0 0 0 0 0 0 0 0 0 0 0 0 0 0 0 0 0 0 0 0 0 0 0 0 0 0 0 0 0.008485983 0.010329838 0.011364408 0.013434708 0.015626793 0.018459164 0.020787255 0.025575023 0.030305029 0.034129024 0.040732309 0.046694427 0.051299934 0.058630065 0.068350414 0.077185855 0.086678635 0.093676757 0.10482719 0.114715128 0.12346592 0.136204648 0.153901358 0.163691265 0.172649388 0.190288272 0.205014631 0.219894771 0.239448254 0.248626959 0.262838538 0.276958665 0.292186623 0.303875747 0.314965956 0.330042817 0.334973486 0.344430629 0.350071313 0.348858214 0.355605397 0.362554324 0.36832953 0.366796822 0.375069742 0.369679988 0.370513159 0.364003614 0.376898962 0.373825231 0.380877726 0.383692344 0.388098204 0.389233566 0.395277919 0.396163667 0.39500276 0.402568582 0.403624304 0.415581439 0.436032902 0.446717686 0.474384519 0.504651582 0.554333751 0.577185399 0.636102678 0.65785508 0.713790729 0 0 0 0 0 0 0 0.746327134 0.949659647 1.166195866 -19.05775247 -14.23919403
497.13 0 0 0 0 0 0 0 0 0 0 0 0 0 0 0 0 0 0 0 0 0 0 0 0 0 0 0 0 0 0 0 0 0 0 0 0.009629652 0.009378777 0.011383861 0.014512476 0.015398625 0.017967493 0.021104879 0.024103449 0.027480472 0.032727261 0.037968583 0.041913162 0.051117031 0.054988567 0.065093385 0.073112236 0.076886605 0.088358517 0.095818965 0.107261828 0.113406029 0.122853306 0.138599642 0.148891801 0.160735798 0.173162337 0.189845194 0.199480095 0.218340291 0.224612835 0.244415806 0.256551995 0.270770033 0.281860145 0.296709456 0.303756765 0.315603678 0.323574676 0.334376994 0.333894662 0.3383668 0.344230958 0.347768603 0.351161811 0.355071542 0.349135744 0.358728638 0.351512061 0.354400241 0.355853396 0.357356267 0.366985249 0.367711101 0.367998391 0.375774764 0.373249231 0.376446363 0.374750021 0.389181677 0.390761239 0.402654863 0.417945665 0.441025259 0.461475542 0.482247495 0.531103919 0.564214812 0.609494284 0.647012287 0.687561833 0 0 0 0 0 0 0.989794799 0.963264664 0.949638683 2.714226238 -59.8026449 -5.443205563
500.451 0 0 0 0 0 0 0 0 0 0 0 0 0 0 0 0 0 0 0 0 0 0 0 0 0 0 0 0 0 0 0 0 0 0 0.003998579 0.006348642 0.009412567 0.011379534 0.013254054 0.016035422 0.019213167 0.021239954 0.024094165 0.029270845 0.033461838 0.036216033 0.041179675 0.049391568 0.055483315 0.05970916 0.067823966 0.075495122 0.084707937 0.094217334 0.104252154 0.114377411 0.124450498 0.137171232 0.147437036 0.156900666 0.169538935 0.184654737 0.197673499 0.204797651 0.225790063 0.236970134 0.245728997 0.261718384 0.264847345 0.280739731 0.294096693 0.29842479 0.306549221 0.315648034 0.321686711 0.319790682 0.322898167 0.330247074 0.33271202 0.335706014 0.336350227 0.333234226 0.334468885 0.338765005 0.33916515 0.341299807 0.343430835 0.350295936 0.350595648 0.351213957 0.358421298 0.362539579 0.363536678 0.365672203 0.380454016 0.38405633 0.394922868 0.422304007 0.438027826 0.473514848 0.508505155 0.535762405 0.577927317 0.611427612 0 0 0 0 0 0 0 0.754261034 0.896717175 1.360315735 1.261028953 44.82047398 3.510983189
503.772 0 0 0 0 0 0 0 0 0 0 0 0 0 0 0 0 0 0 0 0 0 0 0 0 0 0 0 0 0 0 0 0 0 0.006952123 0.008116854 0.010855341 0.014745041 0.01448386 0.017400441 0.019858651 0.022256708 0.024900645 0.02720107 0.031841369 0.037036717 0.040731703 0.048179196 0.051946922 0.059627493 0.064393887 0.072811396 0.081340122 0.089251203 0.100008385 0.10903125 0.114836429 0.124286466 0.134879661 0.145246255 0.159407229 0.172714513 0.183991019 0.193472722 0.20521984 0.215977202 0.229145656 0.239824235 0.253821215 0.264346503 0.271070581 0.285522433 0.292372333 0.29966993 0.303606425 0.309177455 0.312848293 0.316633247 0.313836594 0.317936098 0.323528192 0.325554047 0.325528265 0.323559982 0.325663578 0.326137123 0.331086592 0.338468243 0.338344301 0.343343053 0.345609692 0.34409264 0.350180645 0.352238847 0.35562426 0.367796853 0.371471232 0.394823382 0.411669547 0.441094297 0.459345298 0.496454647 0.522717507 0.558384062 0.607302629 0 0 0 0 0 0 0.700009142 0.765643964 0.718003882 1.047152146 2.433656304 -13.54853669 -7.031870007
507.095 0 0 0 0 0 0 0 0 0 0 0 0 0 0 0 0 0 0 0 0 0 0 0 0 0 0 0 0 0 0 0 0 0.004393117 0.008022465 0.006427913 0.00964806 0.009028422 0.014101801 0.014555876 0.018938623 0.022020692 0.02403735 0.02742048 0.030938932 0.034760009 0.0414793 0.043834834 0.051731909 0.060178509 0.065446942 0.071421502 0.078375392 0.086306359 0.094211384 0.101667438 0.110306711 0.120215029 0.133396529 0.144126809 0.157409837 0.167377067 0.173175426 0.187878022 0.19930502 0.210147926 0.22164802 0.232383468 0.244725895 0.251026045 0.264079768 0.269423554 0.277856453 0.28516933 0.29313246 0.29231209 0.295661694 0.302279954 0.303263493 0.306209516 0.306483043 0.307837643 0.309877377 0.310574526 0.308094459 0.314863838 0.314926012 0.320494223 0.322450315 0.328979021 0.329182913 0.331852279 0.334765252 0.332262456 0.338544435 0.353746086 0.366761912 0.376130366 0.395709511 0.417648309 0.445724981 0.47476117 0.509782963 0.540260061 0 0 0 0 0 0 0 0.635958637 0.549567151 0.531949561 0.582868903 -0.511319124 46.49278703 -27.22929696
510.418 0 0 0 0 0 0 0 0 0 0 0 0 0 0 0 0 0 0 0 0 0 0 0 0 0 0 0 0 0 0 0 0.0085061 0.009478459 0.011941257 0.011417271 0.013544626 0.016771596 0.01880985 0.020741778 0.024208603 0.025238751 0.028409555 0.030529238 0.035383471 0.041343057 0.045121178 0.04982327 0.053631266 0.064289676 0.068831476 0.074896434 0.083281837 0.090335308 0.101874233 0.107638835 0.11307013 0.122665842 0.129334027 0.143759143 0.154194072 0.163025001 0.174589528 0.186046356 0.195953277 0.208034581 0.214241472 0.225370244 0.232632598 0.246994557 0.255104843 0.263063363 0.273086521 0.271829031 0.27559187 0.284419658 0.282988824 0.289926377 0.290134206 0.295172996 0.297126043 0.295299861 0.296143467 0.297144483 0.296515662 0.300024258 0.299362558 0.306610167 0.311246856 0.314796482 0.317967238 0.321109973 0.320678109 0.328226802 0.331837365 0.341715141 0.353644423 0.369224699 0.389431587 0.400928796 0.432452499 0.477483312 0.508145919 0.53206223 0 0 0 0 0 0 0.720723099 0.783334467 0.77473196 1.047611764 1.065806756 1.762815894 -23.15429627 6.80501073
513.742 0 0 0 0 0 0 0 0 0 0 0 0 0 0 0 0 0 0 0 0 0 0 0 0 0 0 0 0 0 0 0.008354746 0.008969104 0.008518195 0.013032767 0.014153156 0.015289944 0.016876145 0.018279866 0.019859587 0.023423571 0.025692658 0.027493318 0.031265551 0.037685077 0.039482652 0.043557221 0.047407485 0.056837352 0.063477033 0.069437551 0.074922969 0.081887494 0.090018384 0.095535358 0.105235774 0.112517012 0.121495865 0.130955757 0.138667873 0.14853372 0.154390382 0.166866476 0.181157005 0.185593344 0.196070387 0.205768503 0.219149276 0.22008832 0.234728718 0.240153046 0.249384538 0.251274699 0.262057902 0.265697707 0.27015287 0.270921454 0.275170363 0.274108572 0.275858975 0.283442234 0.278752375 0.279223109 0.282353933 0.283783808 0.282012658 0.284035586 0.290965328 0.2919253 0.295064705 0.296417067 0.305454137 0.309562607 0.311060598 0.32070469 0.328157409 0.337599283 0.354400013 0.361832685 0.388042247 0.405724151 0.446874103 0.469640198 0 0 0 0 0 0 0.62647084 0.655613496 0.646385365 0.72685679 0.998696503 0.984932146 1.900990276 -33.13696433 -6.547215272
517.068 0 0 0 0 0 0 0 0 0 0 0 0 0 0 0 0 0 0 0 0 0 0 0 0 0 0 0 0 0 0.004575001 0.006909207 0.008131957 0.008318945 0.011805973 0.01559507 0.01487372 0.016904443 0.019086334 0.022961744 0.02325701 0.028175878 0.028247435 0.0326029 0.035330253 0.040738472 0.044805489 0.047190803 0.055154239 0.05887959 0.069610936 0.074342409 0.0837208 0.087691182 0.095494084 0.10037958 0.109425335 0.118985479 0.12455854 0.135010687 0.141470258 0.151662618 0.160119603 0.172734364 0.180597927 0.185553162 0.195538087 0.205657181 0.214275412 0.221088432 0.230870102 0.235653122 0.24431337 0.248526616 0.251229792 0.253389572 0.258924257 0.256317529 0.253974365 0.263580634 0.26756012 0.261433264 0.267249126 0.266746889 0.26542691 0.269674171 0.267633633 0.274352553 0.280732899 0.277841285 0.282417059 0.287292727 0.295422898 0.293408969 0.298023847 0.307864134 0.326099105 0.332410986 0.345118101 0.373667714 0.389869414 0.424859645 0.453166701 0 0 0 0 0 0 0.602319994 0.619452047 0.58102623 0.684101672 0.600888618 0.862191744 1.795850324 -6.256781889 -1.148644345
520.394 0 0 0 0 0 0 0 0 0 0 0 0 0 0 0 0 0 0 0 0 0 0 0 0 0 0 0 0 0.005024772 0.006177242 0.008933834 0.013319128 0.010373717 0.011970912 0.012587314 0.016507567 0.017234035 0.020201395 0.020655223 0.024086829 0.026658803 0.029587602 0.032718943 0.036367661 0.041624404 0.045319351 0.049629641 0.055993339 0.060595803 0.065487997 0.074194813 0.079841663 0.082988304 0.091639464 0.10134517 0.10597051 0.111313118 0.118399766 0.12953631 0.135170592 0.145677225 0.154173978 0.162526608 0.170203239 0.177287233 0.188981991 0.195920363 0.207048058 0.21380944 0.219687042 0.220330591 0.233314329 0.23302881 0.23815485 0.243288402 0.242159234 0.24742415 0.245132322 0.248085534 0.249453684 0.250424557 0.253601219 0.248634893 0.251415399 0.254945482 0.258561165 0.264254767 0.268084714 0.267368583 0.271778634 0.271958084 0.274856589 0.282915022 0.289743198 0.292287735 0.308523998 0.322642421 0.337105304 0.356407426 0.378829042 0.392782918 0 0 0 0 0 0 0.528621698 0.578066317 0.580531731 0.523928789 0.569319929 0.643332509 0.383105632 1.127732996 -0.487826413 15.71396655
523.721 0 0 0 0 0 0 0 0 0 0 0 0 0 0 0 0 0 0 0 0 0 0 0 0 0 0 0 0.008509194 0.005891946 0.00652475 0.007401079 0.010893617 0.015065599 0.011844034 0.016314356 0.017017302 0.018787184 0.021745238 0.024233304 0.026064524 0.029044683 0.0310666 0.036095831 0.035671626 0.042146419 0.045036013 0.051118364 0.056690406 0.063530658 0.066573179 0.07462767 0.076329707 0.083983354 0.092834414 0.096038699 0.103046205 0.113410192 0.121091231 0.127190769 0.141675687 0.144713028 0.153243896 0.156006951 0.166172388 0.176433381 0.181628823 0.19260141 0.197361477 0.204196421 0.215139723 0.212467726 0.221913634 0.22696239 0.226565377 0.2318787 0.23285201 0.231973035 0.237261916 0.237892396 0.240429369 0.239926257 0.240110517 0.240408842 0.24337278 0.244107523 0.250936457 0.248946082 0.253757168 0.259583818 0.262076162 0.262770609 0.267939822 0.269619723 0.280430408 0.28312817 0.298288268 0.314264982 0.325350485 0.348304073 0.366450005 0.391044976 0 0 0 0 0 0 0.549821139 0.590897525 0.556531182 0.544991722 0.600369014 0.724917499 0.849000334 0.34275277 -6.943753629 12.34876133
527.048 0 0 0 0 0 0 0 0 0 0 0 0 0 0 0 0 0 0 0 0 0 0 0 0 0 0 0.001577002 0.00496482 0.007141689 0.005547437 0.007980317 0.010903683 0.01164852 0.014119934 0.014638269 0.017475597 0.017271473 0.018771921 0.021693266 0.024680117 0.027236635 0.031233415 0.033817069 0.036728453 0.040618111 0.042986897 0.045695196 0.054087587 0.055709513 0.063727737 0.069839821 0.074380319 0.084214173 0.08700104 0.091860506 0.098758 0.105152882 0.109743249 0.121560163 0.128558428 0.13815203 0.142023461 0.150521107 0.158764006 0.160751441 0.171354055 0.177772935 0.183112163 0.18995569 0.196028036 0.201924155 0.209753019 0.208740255 0.211416608 0.215753842 0.215302913 0.220897255 0.225823927 0.221847604 0.221856744 0.226351222 0.224208052 0.223394434 0.228829966 0.226846082 0.233808274 0.233902399 0.237435731 0.242530548 0.243267798 0.251062379 0.249583529 0.261282117 0.264145476 0.270990258 0.280610755 0.294910911 0.308163629 0.326252456 0.341087802 0 0 0 0 0 0 0.495392835 0.507314914 0.503866308 0.474978662 0.511564994 0.563613776 0.882117906 1.133261584 2.01431814 48.33785359 6.634705204
530.377 0 0 0 0 0 0 0 0 0 0 0 0 0 0 0 0 0 0 0 0 0 0 0 0 0 0.001758736 0.003480952 0.006585363 0.007556699 0.003867367 0.007033537 0.010457831 0.013079058 0.013345751 0.017342582 0.016532896 0.019354287 0.02106249 0.023674779 0.023881145 0.027294824 0.03081112 0.035152548 0.035922318 0.040321963 0.043008473 0.046769174 0.051234183 0.057844883 0.063453382 0.068779778 0.074695452 0.076805287 0.0825354 0.091769286 0.095633262 0.100756652 0.10653706 0.115434081 0.122055364 0.127502675 0.139152848 0.143027646 0.146930835 0.155324212 0.162629579 0.169826929 0.172917474 0.181310948 0.188500918 0.189837328 0.193193914 0.195626049 0.199661325 0.203299373 0.202078801 0.209024257 0.202678652 0.21012435 0.207575869 0.210745093 0.211436658 0.21220625 0.215554778 0.212058521 0.21678609 0.221059062 0.217912986 0.227145664 0.232020533 0.236476938 0.234970908 0.244383465 0.251310408 0.252039112 0.263494067 0.275196776 0.291400096 0.303023252 0.332008804 0 0 0 0 0 0 0.472014923 0.485034831 0.467172473 0.475340519 0.515821993 0.493221866 0.303931787 0.198143489 0.4420745 58.31391876 31.47448096
533.706 0 0 0 0 0 0 0 0 0 0 0 0 0 0 0 0 0 0 0 0 0 0 0 0 0.005511271 0.004230574 0.004387872 0.00541141 0.007465296 0.011999651 0.012941407 0.014659712 0.011841332 0.013522153 0.016057179 0.018902641 0.020255799 0.018550121 0.022936905 0.024728914 0.027337853 0.030334334 0.03406694 0.036512817 0.041756126 0.042850281 0.048510095 0.052582633 0.054997198 0.06317919 0.064147846 0.072770285 0.07672397 0.084429416 0.088671043 0.091779151 0.099990532 0.106019636 0.109898421 0.118957064 0.122544061 0.130638467 0.139305252 0.142388941 0.149679229 0.15692975 0.161126652 0.164895411 0.169255568 0.178357536 0.181033183 0.182158453 0.187086908 0.187974957 0.190030807 0.193810764 0.193233707 0.197374544 0.19629054 0.196716058 0.20083678 0.197504708 0.201429687 0.201729532 0.204750335 0.205709801 0.209281357 0.20849918 0.221566883 0.224355322 0.227059052 0.224544045 0.229318212 0.233374533 0.243193777 0.259498863 0.264634374 0.281202254 0.299234957 0 0 0 0 0 0 0.4353505 0.440204801 0.437975367 0.447465553 0.468896172 0.502955359 0.48854063 0.339457989 0.538612707 3.098922406 5.19197845 4.239597493
537.037 0 0 0 0 0 0 0 0 0 0 0 0 0 0 0 0 0 0 0 0 0 0 0 0.016080237 0.006667588 0.008645373 0.008390573 0.013727812 0.011816431 0.013001929 0.012379974 0.009923948 0.015072694 0.017416967 0.01634728 0.020390533 0.022995364 0.020943092 0.026445672 0.026928345 0.028246255 0.03160217 0.034444706 0.037897387 0.041791542 0.044473599 0.049657528 0.052105104 0.059867206 0.064155339 0.066155596 0.07238553 0.075673049 0.078870049 0.086547092 0.092129632 0.094630219 0.102475422 0.10506084 0.116721334 0.117697385 0.126137001 0.135298927 0.136755352 0.143325618 0.152390779 0.156593811 0.157011089 0.161923244 0.17094446 0.170649444 0.173238592 0.17856679 0.181829035 0.1818122 0.186464538 0.18704291 0.185998478 0.188457816 0.189572711 0.191166837 0.189766088 0.188142351 0.194945324 0.196003223 0.195247865 0.198345035 0.201771373 0.20842697 0.209030704 0.209224163 0.217809355 0.221171959 0.223841604 0.233164138 0.241300217 0.25712817 0.267872805 0.279201162 0 0 0 0 0 0 0.427323083 0.422305995 0.436358709 0.451186074 0.489095718 0.482445212 0.516997363 0.725724066 0.954648185 1.458461834 -10.05319386 -11.77684772
540.367 0 0 0 0 0 0 0 0 0 0 0 0 0 0 0 0 0 0 0 0 0 0 0.572906805 0.04458649 0.008384032 0.011399389 0.010109939 0.013364834 0.013771628 0.010138639 0.016625066 0.018611368 0.018534808 0.01876936 0.020117297 0.020290813 0.024606779 0.023826251 0.025700115 0.027911979 0.029915584 0.032072035 0.033929853 0.037024184 0.041332458 0.044197039 0.048608519 0.051802679 0.056668568 0.061580902 0.068759 0.07192053 0.07682956 0.081738217 0.088587016 0.090477725 0.094817629 0.096578132 0.106063287 0.110820108 0.115450282 0.118827528 0.126720359 0.131284732 0.13661843 0.144153273 0.14779593 0.151075959 0.157381622 0.163809031 0.164186954 0.172170901 0.171999204 0.175994841 0.174573452 0.175016024 0.177113819 0.181548106 0.17914853 0.182116863 0.179751592 0.183801257 0.18397175 0.18153596 0.186197496 0.184078482 0.19052069 0.196141338 0.196780377 0.202702999 0.206461626 0.211917405 0.212497471 0.2165263 0.229220944 0.235081992 0.251122229 0.2630925 0 0 0 0 0 0 0.376747122 0.418238878 0.419283821 0.41738309 0.41067313 0.450480234 0.521392171 0.511735655 0.847710826 1.135363144 2.121738262 -27.91877164 4.753295794
543.699 0 0 0 0 0 0 0 0 0 0 0 0 0 0 0 0 0 0 0 0 0 1.433247538 0.86713564 0.060274835 0.006588185 0.010802426 0.008837188 0.00804571 0.010501991 0.010561808 0.011707497 0.015811482 0.01710251 0.01858446 0.019234909 0.021890824 0.021080339 0.023834519 0.022596633 0.026771348 0.029052945 0.033034205 0.033808737 0.037209508 0.03729112 0.041470634 0.04546532 0.049501024 0.055928873 0.056270811 0.062779459 0.070286131 0.073072646 0.075119502 0.07854855 0.085541815 0.091977082 0.097617995 0.102630785 0.108123021 0.110436412 0.116757005 0.120288017 0.123751299 0.13025853 0.137103874 0.1402556 0.141699503 0.146956319 0.15140471 0.155266932 0.157277385 0.16073161 0.165253062 0.165051507 0.164044109 0.167171909 0.170245811 0.167833085 0.17392511 0.169486018 0.174029083 0.172426108 0.173751711 0.175337276 0.178826017 0.1858812 0.184089418 0.187654237 0.187952177 0.188642725 0.196543241 0.199695717 0.206868056 0.218551056 0.223826177 0.232991147 0.247685093 0 0 0 0 0 0 0.373515441 0.370039191 0.395606916 0.402058006 0.410516044 0.406465672 0.470638043 0.537668007 0.514421744 0.840793557 2.547376744 22.92058964 41.78333243
547.031 0 0 0 0 0 0 0 0 0 0 0 0 0 0 0 0 0 0 0 0 0.882613274 0.85891729 0.519738597 0.034430332 0.005487024 0.006731001 0.008320568 0.008229582 0.010593274 0.012193333 0.013382469 0.013190881 0.014701808 0.016127501 0.016571177 0.019544487 0.022505406 0.024090989 0.024459279 0.025979633 0.02712851 0.028421661 0.030608069 0.034172349 0.037142843 0.042505609 0.043117784 0.047838977 0.053935363 0.053600559 0.058412738 0.064461029 0.067347191 0.075507437 0.074966965 0.080536309 0.086373298 0.08970783 0.096491541 0.099387389 0.102207025 0.108581295 0.113759996 0.116630944 0.127669606 0.125477014 0.129130517 0.136625542 0.142606488 0.14214127 0.148660571 0.153695377 0.157358674 0.15159464 0.157072615 0.156069774 0.155931199 0.157408116 0.160538424 0.160551502 0.16075848 0.162580749 0.162982523 0.164926708 0.163883174 0.168967054 0.164826281 0.17653665 0.176438959 0.181415771 0.183542531 0.184317616 0.189889549 0.200449147 0.201026257 0.217828721 0.218107446 0 0 0 0 0 0 0.327557561 0.339746503 0.368037624 0.373637936 0.387219715 0.362124886 0.40599014 0.374651468 0.500655853 0.47523961 0.995385799 -0.716166393 4.464147568 22.94689779
550.364 0 0 0 0 0 0 0 0 0 0 0 0 0 0 0 0 0 0 0 0.422807981 0.405001774 0.397907538 0.23150628 0.021281224 0.006819306 0.007273943 0.008735995 0.012258299 0.014039599 0.013116111 0.013180559 0.012050249 0.014273895 0.016894325 0.017170351 0.018140945 0.018297605 0.022680197 0.022496533 0.026316995 0.027551479 0.028478684 0.032492168 0.034249666 0.035845474 0.040464288 0.044188732 0.046321128 0.052564565 0.052558045 0.053917014 0.059955909 0.06745459 0.06984693 0.073398517 0.078407527 0.081628929 0.087217862 0.088747423 0.093087988 0.100724724 0.10367252 0.11362614 0.116298009 0.116274295 0.121248037 0.124415007 0.12879006 0.13419459 0.135326234 0.140823539 0.141557605 0.143674774 0.144529222 0.145552454 0.146160616 0.148872174 0.149510834 0.150197407 0.152700896 0.15300049 0.15460353 0.157076685 0.155856646 0.151473361 0.16026168 0.162226831 0.164434805 0.165455388 0.172391532 0.172987551 0.178407237 0.177655265 0.187375151 0.192268763 0.199192378 0.216485186 0 0 0 0 0 0 0.3057035 0.332438181 0.317833411 0.343030653 0.366303764 0.344057753 0.402893957 0.39729228 0.489107955 0.615838033 0.626698259 1.883619319 -8.905972912 -28.55563301
553.698 0 0 0 0 0 0 0 0 0 0 0 0 0 0 0 0 0 0 0.226173244 0.223126201 0.214271785 0.201466448 0.128754777 0.015338703 0.009168307 0.009040845 0.011865004 0.011400974 0.013343566 0.010358106 0.015455149 0.016417744 0.015235719 0.017725249 0.017261731 0.018005209 0.022354619 0.022043538 0.025768786 0.025763296 0.027369124 0.030013352 0.028912968 0.033709479 0.037200191 0.040859795 0.042076015 0.044714808 0.049507168 0.057639836 0.058125789 0.062945723 0.06512184 0.068426344 0.072602154 0.077077513 0.080491678 0.084486476 0.090300795 0.093061557 0.098799114 0.101038273 0.103917648 0.105557765 0.106946882 0.114841086 0.11659884 0.12350023 0.126829394 0.12757612 0.129682171 0.135917831 0.136338884 0.137897185 0.137064605 0.136831058 0.145182873 0.139378626 0.140027624 0.140987514 0.145447501 0.143957713 0.145213018 0.147168757 0.149771485 0.150021693 0.155678799 0.153268843 0.160675772 0.162813753 0.161484948 0.169871854 0.175815199 0.179805465 0.181335158 0.197625809 0 0 0 0 0 0 0.279732434 0.287890987 0.305134182 0.315682738 0.326515131 0.367595287 0.326833502 0.349714793 0.404709223 0.46579213 0.422553512 0.922237581 2.856666862 -14.51331323 -4.314994093
557.032 0 0 0 0 0 0 0 0 0 0 0 0 0 0 0 0 0 0.107514496 0.102627308 0.103802603 0.097599452 0.09844032 0.06449383 0.009031609 0.008411781 0.007570099 0.007014533 0.011990857 0.011725237 0.011528451 0.015884464 0.0137632 0.01623724 0.015940346 0.01761925 0.01827035 0.021615604 0.021876351 0.022654673 0.025383372 0.025804637 0.028081759 0.031806448 0.032382549 0.036318335 0.037381927 0.04162781 0.042642321 0.048323822 0.052137756 0.056767548 0.057408804 0.06027037 0.063367531 0.066795536 0.070654819 0.074367435 0.076954916 0.079822348 0.084896771 0.08887199 0.092428514 0.099352661 0.103066572 0.104190322 0.107362468 0.111924158 0.114089496 0.117103194 0.118406015 0.12316009 0.126044917 0.128129507 0.127629584 0.127033818 0.126818609 0.130994938 0.134684083 0.132535885 0.133299638 0.135102517 0.134515485 0.138335617 0.137019311 0.136264547 0.13721077 0.142094668 0.1449188 0.148525443 0.147292182 0.15820678 0.154596688 0.162699179 0.166627879 0.171904601 0.176756038 0 0 0 0 0 0 0.26138538 0.263301035 0.28623865 0.291014257 0.29602639 0.301805879 0.326455128 0.31209847 0.33537841 0.264293339 0.50080416 0.309369344 0.563933952 6.586949845 -9.569371104
560.367 0 0 0 0 0 0 0 0 0 0 0 0 0 0 0 0 0.080132124 0.084808282 0.078271568 0.074465757 0.075151555 0.068152108 0.04967111 0.006648612 0.010944437 0.007249392 0.010405919 0.008046093 0.009597435 0.013504286 0.00951458 0.010657307 0.015717482 0.018284503 0.015516609 0.019089561 0.017048571 0.019242371 0.022298647 0.022262944 0.02640313 0.027008045 0.028567628 0.030218907 0.033582769 0.036352101 0.038216669 0.039926165 0.042305116 0.046991993 0.052172765 0.05411396 0.055443692 0.058977807 0.061391243 0.067956568 0.072519875 0.07117003 0.073924354 0.08116533 0.082724356 0.086258743 0.091772423 0.095143581 0.100050502 0.098838209 0.102359077 0.105129955 0.111156126 0.109925053 0.11736633 0.114252754 0.118046554 0.119700084 0.118113024 0.122374138 0.123406647 0.123672443 0.123464797 0.121531611 0.123663918 0.123960878 0.128132139 0.129636212 0.12979003 0.132307591 0.129386231 0.130849157 0.143953242 0.143262315 0.146337797 0.148041381 0.153233546 0.148640305 0.164086189 0 0 0 0 0 0 0.224211826 0.232992256 0.254489778 0.278306311 0.271379212 0.280838737 0.290821274 0.264360243 0.305580538 0.297710345 0.383875417 0.210745172 0.174993831 -0.523467469 -14.70483986 -13.33209772
563.703 0 0 0 0 0 0 0 0 0 0 0 0 0 0 0 0.079349749 0.081216639 0.075696514 0.071329857 0.074829651 0.070781976 0.070248466 0.04556437 0.014647417 0.007754881 0.011340552 0.012309777 0.012984976 0.013903907 0.015854605 0.017047613 0.014367549 0.017391383 0.021636282 0.016982724 0.022092372 0.019938212 0.023340055 0.024494154 0.0244213 0.026397674 0.026501959 0.031614996 0.029658919 0.033546599 0.034296788 0.038891402 0.041798386 0.044630041 0.048859046 0.049126108 0.052865295 0.056669171 0.058670696 0.06286835 0.066943376 0.06839724 0.071315406 0.07756857 0.079959965 0.079812333 0.086423742 0.084395573 0.090062287 0.09375153 0.095240745 0.100462527 0.100003438 0.104454387 0.107615434 0.108949979 0.109483937 0.111637612 0.112089611 0.114505128 0.116156296 0.113265775 0.118229323 0.11692007 0.117345705 0.119429611 0.117746897 0.12161127 0.119339058 0.122771398 0.124623031 0.129728705 0.130929328 0.13113089 0.136220134 0.136233083 0.138382721 0.142092758 0.147540907 0.156448817 0 0 0 0 0 0 0.223256359 0.233554101 0.247325607 0.250266001 0.264488595 0.268499868 0.286028313 0.291085652 0.291929901 0.366810045 0.352048165 0.630295374 0.599614304 0.976809439 -13.33412831 10.31972001
567.039 0 0 0 0 0 0 0 0 0 0 0 0 0 0 0.076168453 0.06934971 0.06891109 0.068281738 0.066403828 0.065115278 0.065851022 0.055846623 0.038753745 0.007561601 0.003037604 0.001527126 0.008847731 0.007589394 0.007048405 0.010795542 0.008414768 0.008350101 0.01068168 0.013226967 0.013727776 0.013108066 0.017133666 0.016266579 0.017639725 0.02201386 0.021266284 0.025155166 0.025656702 0.026547669 0.031476278 0.032049565 0.034526407 0.037052311 0.039949583 0.039646437 0.041794704 0.049831355 0.052711221 0.052508679 0.055656968 0.056745173 0.059025134 0.068604256 0.07029367 0.068441231 0.072893142 0.073432372 0.079572233 0.07983825 0.084154415 0.085435685 0.085483996 0.091425368 0.094312413 0.097265227 0.099045 0.095493399 0.100224132 0.101430438 0.105124299 0.102750709 0.101571319 0.104070473 0.107698579 0.108250309 0.107536981 0.109410364 0.108220574 0.107208445 0.113128348 0.115271261 0.114813368 0.118932115 0.122503227 0.123192099 0.126180795 0.126281566 0.133165935 0.136860862 0 0 0 0 0 0 0.187349475 0.197690228 0.213290176 0.221634188 0.225268544 0.229385782 0.218778858 0.233232618 0.24070012 0.252233304 0.239064924 0.234994857 -0.210488406 -0.11160205 -0.586797602 14.6719708 -13.3689781
570.375 0 0 0 0 0 0 0 0 0 0 0 0 0 0.089363734 0.084963682 0.08522662 0.082785183 0.083810024 0.075878123 0.075472717 0.064845761 0.076256808 0.048705146 0.011253616 0.011333861 0.012145609 0.011748762 0.011878465 0.013995137 0.011987219 0.014607867 0.01685556 0.016370464 0.014896507 0.017489976 0.015881808 0.020238627 0.019073035 0.019782282 0.021639722 0.023939208 0.026566118 0.025185013 0.02841178 0.030719622 0.034995335 0.035227898 0.038828007 0.039966474 0.044133234 0.042241297 0.048138962 0.051738528 0.054138728 0.057185502 0.057500417 0.06118863 0.063222835 0.06551502 0.070243227 0.072581979 0.076078212 0.076464603 0.076835387 0.084228544 0.086345725 0.086706464 0.088337047 0.09088499 0.096406426 0.093782231 0.09657805 0.100449503 0.100430669 0.100121626 0.100297973 0.100407431 0.100219728 0.101955945 0.105621321 0.103317002 0.105822719 0.10725959 0.106762838 0.108135476 0.109920102 0.111663981 0.114759995 0.118851451 0.118868277 0.118847811 0.123220676 0.129350249 0.139181739 0 0 0 0 0 0 0.182852134 0.201193017 0.204402319 0.216428522 0.225321018 0.234569984 0.259836175 0.263856837 0.266284162 0.274611884 0.2999576 0.373507822 0.430145269 0.500461776 1.755289271 7.022489996 53.95667324
573.713 0 0 0 0 0 0 0 0 0 0 0 0 0.118077326 0.122362537 0.118060534 0.113234883 0.106295857 0.103758078 0.109520212 0.101607755 0.102870612 0.09418797 0.060262851 0.009750459 0.006826484 0.009101661 0.011784513 0.009694251 0.008836195 0.013102429 0.012881166 0.017098892 0.01375355 0.014593888 0.015507714 0.016079095 0.016993407 0.01669536 0.020804356 0.021964582 0.021732143 0.022905666 0.025193223 0.02525189 0.029064612 0.030787145 0.034705036 0.035384565 0.036191168 0.037629634 0.043771196 0.045793226 0.045989577 0.050407162 0.051976388 0.053866828 0.056317031 0.058244681 0.065577285 0.066371082 0.067846373 0.068415232 0.073114376 0.076929221 0.080223851 0.078445635 0.07851909 0.08356494 0.085990602 0.088157874 0.089681221 0.090047016 0.090959034 0.094948154 0.094078097 0.094170003 0.091573475 0.092749209 0.097266554 0.093106501 0.098529686 0.096261255 0.101300562 0.101931773 0.100756283 0.10545182 0.102569414 0.111564201 0.106530919 0.115944254 0.115248366 0.117418743 0.122349905 0 0 0 0 0 0 0.16554323 0.171729793 0.182733301 0.189039001 0.203835354 0.200109602 0.218902849 0.215238278 0.246257807 0.208674093 0.241383318 0.239892334 0.144864213 0.402237139 0.071547702 1.26986552 -48.20144057 1.837076268
577.05 0 0 0 0 0 0 0 0 0 0 0 0.221862241 0.213925689 0.201095456 0.19643473 0.189908363 0.193768799 0.183765799 0.181030205 0.171859744 0.171856475 0.170422375 0.104020201 0.011019256 0.004285753 0.007709749 0.008239562 0.00568739 0.00986752 0.012254914 0.014149762 0.013542625 0.013312733 0.013077067 0.011648151 0.015302976 0.012986072 0.019216585 0.019060901 0.019614046 0.019648489 0.021888167 0.022638299 0.023910973 0.026860484 0.029400716 0.029080283 0.031131993 0.036574961 0.03392851 0.038416355 0.040475969 0.042825285 0.045118841 0.046777209 0.046477819 0.05215608 0.05187405 0.055615061 0.059553721 0.058400455 0.064950391 0.064515082 0.071155703 0.067888795 0.070128689 0.073968591 0.074472435 0.077003377 0.081487647 0.079290705 0.0822032 0.084037672 0.0865085 0.087378001 0.084859795 0.086860141 0.084560449 0.087477646 0.089652756 0.091752454 0.090566033 0.089018016 0.089259557 0.09665233 0.094925509 0.097910492 0.095087766 0.103049015 0.100657478 0.108410167 0.10864541 0.109252545 0 0 0 0 0 0 0.151944495 0.154537441 0.175518158 0.178686622 0.185722217 0.199718992 0.189550129 0.206301928 0.199378109 0.196101919 0.20489067 0.192704565 0.253553323 0.193593253 0.239004644 -0.619301143 14.89848155 -56.12652853
580.388 0 0 0 0 0 0 0 0 0 0 0.331632862 0.327550457 0.315597385 0.301041898 0.29407175 0.289972452 0.284632732 0.272371018 0.264538884 0.246550456 0.249321657 0.237974078 0.145028323 0.017672389 0.009479035 0.008323257 0.00993094 0.009079502 0.008477748 0.007138699 0.012038537 0.01132225 0.013372163 0.00921066 0.014147122 0.013109348 0.014564932 0.016177252 0.016397117 0.019346289 0.020042458 0.022218408 0.020993406 0.023589455 0.024324275 0.025540688 0.029817016 0.030755073 0.032380901 0.03441516 0.035146116 0.041454594 0.04104021 0.040947761 0.044575436 0.048776846 0.048253709 0.051253504 0.053229378 0.056455937 0.056441026 0.058389387 0.063929757 0.063604957 0.067892603 0.066837555 0.065958518 0.070757457 0.068765241 0.077572278 0.074861582 0.07646751 0.076872604 0.082897513 0.081798467 0.078784729 0.08209197 0.082457275 0.083583203 0.080967761 0.084070232 0.085237538 0.084721329 0.087001461 0.087781762 0.090716456 0.090102205 0.091233881 0.097661354 0.095229503 0.101640284 0.100544324 0 0 0 0 0 0 0.136998109 0.143372067 0.147670025 0.165532028 0.182651022 0.172187462 0.182493116 0.18432128 0.180469268 0.191308296 0.19465214 0.182633037 0.228743904 0.222196841 0.159587825 -0.383587748 0.20710963 39.33880545 20.13497208
583.727 0 0 0 0 0 0 0 0 0 0.42727989 0.420779591 0.401899868 0.39867379 0.377208509 0.374569348 0.373193397 0.34867055 0.339344345 0.325210649 0.323640821 0.313540783 0.29892824 0.191294538 0.01484244 0.006132722 0.008179224 0.00746128 0.0101077 0.009702755 0.008736443 0.009834347 0.011291263 0.010959285 0.011054135 0.014017097 0.013306632 0.015099807 0.014703174 0.016215238 0.019118754 0.018754017 0.019959602 0.023651412 0.022144145 0.026193553 0.027006169 0.027771821 0.028358156 0.031782263 0.034709827 0.034555218 0.037111283 0.040612694 0.039959536 0.042991494 0.043890858 0.047176854 0.049765974 0.048659867 0.053056409 0.05400034 0.057931159 0.060720789 0.05829542 0.05856692 0.064781629 0.06659324 0.069324198 0.067728244 0.067718947 0.072754186 0.073100576 0.073744666 0.076172752 0.074525027 0.076007825 0.077613705 0.075263888 0.077042337 0.077543052 0.081571102 0.081701292 0.080445372 0.079628458 0.080993623 0.084013821 0.081666032 0.087831363 0.088960126 0.09109521 0.093399512 0.095913835 0 0 0 0 0 0 0.127792349 0.132484527 0.138827693 0.149402049 0.158300537 0.162632755 0.175931749 0.180997599 0.188627956 0.158721397 0.188106697 0.174733633 0.152629185 0.223527923 0.315794939 0.098548639 3.754410623 -61.73046403 -20.30201988
587.066 0 0 0 0 0 0 0 0 0.451003102 0.440480496 0.429454366 0.425761623 0.415739591 0.393564996 0.383019813 0.375282237 0.364326069 0.35319437 0.343969272 0.331932755 0.318291847 0.313255402 0.193948399 0.022336555 0.006528048 0.011746353 0.006728926 0.010107143 0.011158486 0.011649181 0.00962383 0.00703589 0.009227568 0.015305987 0.012593895 0.01386654 0.013788295 0.013284458 0.013873782 0.016532995 0.017338063 0.01844436 0.01983931 0.023623055 0.022761789 0.023173297 0.024819446 0.026150117 0.03080974 0.032685194 0.03416926 0.034825608 0.033975955 0.038621197 0.039120868 0.038801108 0.042807888 0.045330048 0.045047574 0.045120516 0.05283913 0.049253221 0.054907029 0.055300646 0.061864656 0.058647986 0.059882024 0.062357678 0.062882078 0.068755135 0.065317555 0.065540613 0.067168672 0.069395193 0.067952456 0.070033394 0.07267825 0.070534715 0.071273595 0.072138472 0.074083069 0.075068785 0.075302383 0.073535715 0.080154325 0.075764094 0.076484933 0.080528979 0.080320676 0.083031461 0.086079594 0 0 0 0 0 0 0.115058582 0.113613282 0.123959061 0.135516942 0.140829032 0.143069552 0.155398957 0.160296329 0.153114924 0.163455359 0.17760284 0.179562973 0.168229534 0.254671263 0.219647999 0.119428997 0.320890625 -1.196023221 1.524288217 -2.619274396
590.406 0 0 0 0 0 0 0.398942717 0.383373543 0.372346436 0.370959098 0.358026002 0.343026615 0.332407945 0.328880225 0.313217067 0.308055141 0.302210632 0.294569098 0.27978561 0.274786051 0.271664304 0.254830411 0.155111434 0.016398332 0.008341672 0.007482488 0.0117373 0.015310493 0.011843205 0.010346199 0.01390549 0.013207799 0.012550935 0.014947242 0.013570705 0.01271992 0.015917934 0.014924389 0.01736513 0.017703716 0.017861265 0.017864407 0.018288664 0.021361041 0.023281418 0.023220852 0.02690461 0.026803339 0.029054993 0.029733607 0.032355959 0.034639771 0.03432327 0.038225722 0.03922917 0.041319551 0.041690534 0.042625746 0.047507204 0.048829786 0.048807775 0.050560093 0.050697836 0.053414391 0.05536875 0.056825568 0.058930664 0.058896106 0.061289399 0.060124052 0.06055271 0.061916548 0.064238192 0.065757795 0.064132846 0.067306774 0.06683362 0.065906473 0.070693741 0.067184097 0.071254976 0.069613187 0.070999763 0.072836043 0.071475847 0.07358764 0.076162667 0.073686571 0.079089361 0.081215354 0.085435892 0 0 0 0 0 0 0.108579861 0.11877191 0.12560072 0.124227961 0.128634989 0.137986631 0.147008309 0.143765516 0.151072288 0.175859808 0.178754028 0.195171491 0.178906461 0.232525264 0.270464393 0.211827155 0.398509321 2.637356075 19.59039705 -1.522344448
593.746 0 0 0 0 0 0.290430217 0.278342979 0.282941236 0.2765862 0.268599857 0.263499849 0.257407684 0.247630676 0.235044971 0.234657631 0.228118758 0.220500867 0.21642603 0.207774257 0.206510853 0.196085274 0.19356388 0.122378336 0.012868165 0.004475403 0.009110876 0.009342267 0.010536604 0.008156289 0.012638815 0.010233746 0.014740488 0.012663298 0.007895642 0.011381873 0.01323846 0.015761658 0.017011474 0.015332838 0.015278534 0.016324804 0.017443256 0.01966547 0.021498821 0.020861225 0.024501736 0.025570796 0.026423057 0.025139592 0.025775305 0.026666553 0.028163492 0.035005124 0.035886458 0.035402872 0.03801849 0.038539001 0.042669925 0.041866608 0.047992169 0.046202444 0.047034675 0.051411374 0.050567892 0.051683753 0.055705287 0.054806953 0.056361008 0.055453546 0.058141623 0.058903793 0.059365183 0.05909126 0.06174965 0.059667539 0.061314394 0.063970741 0.062415478 0.066050322 0.064776037 0.067780853 0.068285142 0.066667126 0.065639071 0.065009607 0.068543126 0.070256013 0.073468837 0.074300903 0.079539554 0 0 0 0 0 0 0.091989214 0.099416767 0.113431851 0.113258579 0.120652944 0.127175702 0.134725482 0.141210832 0.145384335 0.158012758 0.14925352 0.157270495 0.161156811 0.168648636 0.192175327 0.223616298 0.284708111 0.075007465 2.008816368 25.1972655 16.16456745
597.086 0 0 0 0 0.229443882 0.224656345 0.22699556 0.222517634 0.213688164 0.204094649 0.197952063 0.195106606 0.195605545 0.185734295 0.187674318 0.166209805 0.168616437 0.164650377 0.161471487 0.158335602 0.155251359 0.145712824 0.094318944 0.012404558 0.003566515 0.006696531 0.005280295 0.007010138 0.007309887 0.008098949 0.007348807 0.004093134 0.007611005 0.009356758 0.010698944 0.011137745 0.012220267 0.013578126 0.011849264 0.014499135 0.017565468 0.017147215 0.018400311 0.018588486 0.018324575 0.018721894 0.021777686 0.022708162 0.021219481 0.025402917 0.027619036 0.02768781 0.029809779 0.029748519 0.032518277 0.034783826 0.035699779 0.035575595 0.037072139 0.041594331 0.043424216 0.04341058 0.044170204 0.047029644 0.045954677 0.048611159 0.050010399 0.050881073 0.051517425 0.056676799 0.058504137 0.055922647 0.055899443 0.054626194 0.055216662 0.059859097 0.057378357 0.057626189 0.057209633 0.059943109 0.059334006 0.060191702 0.062134628 0.060674211 0.064014206 0.064272687 0.06453826 0.066454404 0.068381632 0.068412513 0 0 0 0 0 0 0.093019538 0.100229574 0.09857099 0.108839333 0.109830149 0.114114668 0.120445017 0.130447887 0.120575384 0.129060799 0.130106735 0.129655855 0.125749348 0.165083708 0.140040927 0.113829215 -0.069564939 1.110750531 -1.306239862 1.8936558 -18.01220568
600.427 0 0 0 0.225030766 0.217458831 0.207485945 0.186093456 0.193601921 0.191480098 0.179166403 0.181295605 0.18211272 0.174851029 0.166152873 0.158756544 0.154768937 0.161983463 0.148666445 0.145427832 0.138215058 0.133246979 0.130973086 0.087126083 0.008391125 -0.001104582 0.008521197 0.004844658 0.003428386 0.00564756 0.006079746 0.006592157 0.008794933 0.007339348 0.009222426 0.009630327 0.008558226 0.011790158 0.011406877 0.013648209 0.015056166 0.013739492 0.01432572 0.015412605 0.01495811 0.016620206 0.019316991 0.021458863 0.020490838 0.023924458 0.024331039 0.024800768 0.026418319 0.028648303 0.031076298 0.031494932 0.031772903 0.031734214 0.033346748 0.037069921 0.037173869 0.040662141 0.039699763 0.041150597 0.041700481 0.04585962 0.041827322 0.045339603 0.049277092 0.050657871 0.054244306 0.049718541 0.053123205 0.052621218 0.052028394 0.053734607 0.054060949 0.056732053 0.056773883 0.054923664 0.054948843 0.055563624 0.058192413 0.056749237 0.058100014 0.062420996 0.059633601 0.06250835 0.06464274 0.061462509 0 0 0 0 0 0 0.084995014 0.086545685 0.08948285 0.093285257 0.102672173 0.107079562 0.105833852 0.117330568 0.113581305 0.125114779 0.116155263 0.124410228 0.156289146 0.12744153 0.130545386 0.100856449 0.136921648 0.303437338 0.47248076 0.352391254 51.49348404 -3.871922152
603.768 0 0 0.183496028 0.179995953 0.182105713 0.165259479 0.167690244 0.170770622 0.166258585 0.149225874 0.151132431 0.149192578 0.143872453 0.133872586 0.138951426 0.127397754 0.129999153 0.126262884 0.11756443 0.119355374 0.111909784 0.109297342 0.072232261 0.003071951 0.003087406 0.003636352 -0.000242 0.006325679 0.002625554 0.004557384 0.007214603 0.005663597 0.009725176 0.007885329 0.009201226 0.011504147 0.010609344 0.011228567 0.011668392 0.012486677 0.013215592 0.012974299 0.01458258 0.014838094 0.015830578 0.018738631 0.015103672 0.020062422 0.020117087 0.021852623 0.023558641 0.023311068 0.02571652 0.026006386 0.026070285 0.028709113 0.030937428 0.033440003 0.033102875 0.033330623 0.036136449 0.03422777 0.036435035 0.04002591 0.040465661 0.039828173 0.043698828 0.042990562 0.043350061 0.046540667 0.047298213 0.04853303 0.047483422 0.048261583 0.050176049 0.04932199 0.050891842 0.049646459 0.050836526 0.05292294 0.054098995 0.051123038 0.054741951 0.0575986 0.054576937 0.05616113 0.060779308 0.057784997 0.060248358 0 0 0 0 0 0 0.077359031 0.077273269 0.078547115 0.089743623 0.090033111 0.098076172 0.095669272 0.107418222 0.116922149 0.110656887 0.11075258 0.130357605 0.103916757 0.132487947 0.098909904 0.113190217 0.139877648 -0.025419124 -0.738072928 0.27703256 3.792525099 -56.33589767
607.109 0 0.536798736 0.519099094 0.490344755 0.47206549 0.449480081 0.449718371 0.435690674 0.431654972 0.414879108 0.407249138 0.406555269 0.394294264 0.377058196 0.36808431 0.346479516 0.336157996 0.329930383 0.332733604 0.307213095 0.301491454 0.293740177 0.191242316 0.024984696 0.008883363 0.003787872 0.005953989 0.007092543 0.009084024 0.00720795 0.009332493 0.010085525 0.007450901 0.01143621 0.011028599 0.010382368 0.010509602 0.012339717 0.012348332 0.012843724 0.015253057 0.014100313 0.016130291 0.015585281 0.017552414 0.01791766 0.019948351 0.021871612 0.024131481 0.023514692 0.021835997 0.026269392 0.026085791 0.029159553 0.028567821 0.029654648 0.032076642 0.032388263 0.031633166 0.037764304 0.03603805 0.040233747 0.037348796 0.042540062 0.0390269 0.045367356 0.042372625 0.043215961 0.045448209 0.045936489 0.045040692 0.045259663 0.047212647 0.04793066 0.048619108 0.047919776 0.052669236 0.049119264 0.050094993 0.052766068 0.05136348 0.053263743 0.051794559 0.053183499 0.056607858 0.052247006 0.057364327 0.056536983 0 0 0 0 0 0 0.070862336 0.075032316 0.078102531 0.082399694 0.089340994 0.088530831 0.091501737 0.09913144 0.113959936 0.115379739 0.118956687 0.111311292 0.105336352 0.142848911 0.133107391 0.140468171 0.150177555 0.1858475 0.236142333 0.552722014 3.617651521 23.84986145 19.91692321
610.451 1.527219073 1.479544251 1.440925398 1.365511832 1.338373195 1.301944962 1.281595161 1.232187921 1.211434069 1.168113575 1.152277602 1.128088009 1.087356955 1.04801112 0.995954316 0.988028095 0.944689197 0.920127731 0.904848009 0.877715453 0.8505403 0.818817636 0.500557731 0.037853669 0.000861 0.006563509 0.006547125 0.002529136 0.004726787 0.007630633 0.005659976 0.003509773 0.00840495 0.007915774 0.009881162 0.01227626 0.011940748 0.009272473 0.010727272 0.011910363 0.013991393 0.012460979 0.014805731 0.016756321 0.015213607 0.016771503 0.018137349 0.018652747 0.017796136 0.020447734 0.021714606 0.021620656 0.021576148 0.024198212 0.02739095 0.027301057 0.027713325 0.02901307 0.030379016 0.030877313 0.034365436 0.034655191 0.034329066 0.036520711 0.039416037 0.040094839 0.037746324 0.038343358 0.041723273 0.040869702 0.042653189 0.042831253 0.044304856 0.04536474 0.042637057 0.044244487 0.045421171 0.043943168 0.04512726 0.047338782 0.048077335 0.047583484 0.047485173 0.046770665 0.04971262 0.05137972 0.049046591 0.051843753 0 0 0 0 0 0 0.069493457 0.066328027 0.071417775 0.074346372 0.074844426 0.082846526 0.094428802 0.094889888 0.098267621 0.098204667 0.09629243 0.089284851 0.106402803 0.100722895 0.09793562 0.097496913 0.092942251 0.216873818 0.110298761 0.35917483 1.027156989 13.80622948 8.829513417
613.792 1.330775706 1.293110102 1.228503008 1.203081328 1.166040589 1.126963603 1.104013536 1.075232408 1.036279469 1.002890467 0.98229423 0.978102888 0.935276681 0.890492398 0.863468449 0.853412236 0.827592526 0.809252688 0.773141699 0.762138001 0.732737114 0.707503246 0.433229932 0.028661561 0.00564696 0.005683767 0.005837746 0.006741807 0.001812717 0.007212229 0.005710628 0.007669005 0.006870794 0.009275986 0.009694339 0.010213683 0.009196262 0.010610782 0.012283108 0.010334065 0.010741355 0.012841155 0.014028518 0.013351635 0.015427135 0.016081286 0.017670524 0.019034731 0.017706279 0.023857048 0.023431303 0.020109555 0.023143239 0.02132212 0.024530279 0.023771597 0.025564091 0.027681877 0.023133902 0.029151684 0.03431346 0.029709054 0.031171496 0.032171489 0.032855597 0.0330122 0.03466788 0.036769262 0.037564164 0.037691319 0.038888535 0.038431182 0.038067926 0.04293037 0.040905623 0.040415584 0.042956463 0.044011921 0.040926831 0.041047534 0.045245391 0.04224012 0.042776218 0.046706974 0.046065753 0.045887109 0.046337312 0 0 0 0 0 0 0.058887205 0.063484946 0.060342336 0.066016424 0.066996588 0.073059604 0.073750276 0.083968191 0.08458084 0.07977083 0.088310268 0.094977622 0.097977023 0.098159442 0.097724156 0.108721795 0.089952014 0.106903523 0.119144431 0.173495897 0.171759137 1.511001526 -27.73904499 -16.97072758
617.135 0.697658531 0.660408648 0.644668004 0.617872506 0.617650897 0.59422208 0.572916968 0.557132629 0.543832128 0.528657668 0.512841444 0.501844811 0.495788562 0.479909432 0.454622898 0.448215985 0.433076961 0.416422125 0.406735233 0.398714269 0.385985919 0.366605152 0.22208837 0.022823626 0.010376378 0.004979306 0.005961796 0.006508814 0.009776699 0.007474507 0.005045023 0.005043535 0.007710128 0.010304096 0.009813467 0.009054704 0.008684111 0.012299003 0.012542864 0.011452165 0.011290081 0.012861938 0.013741864 0.014381606 0.013465476 0.014953518 0.015432187 0.016054847 0.017736653 0.015666234 0.017846541 0.018059261 0.02079715 0.023863268 0.025216511 0.024935617 0.024037034 0.024617483 0.026992697 0.02697953 0.029669404 0.03044598 0.029804088 0.033229597 0.032411526 0.034244675 0.033492956 0.035939077 0.035823472 0.037324228 0.037014303 0.038724914 0.03995531 0.037101265 0.041342442 0.037898647 0.039255718 0.037691265 0.039896201 0.041118797 0.041029719 0.041773662 0.041339369 0.045345695 0.042400162 0.04582716 0.046885451 0 0 0 0 0 0 0.056546453 0.056212235 0.063773922 0.063374346 0.06812263 0.07051845 0.070507099 0.079217596 0.083386517 0.091546868 0.097128628 0.096649977 0.096267402 0.088203249 0.112645976 0.123946021 0.106775348 0.144550706 0.25005375 0.026945895 -0.132737998 0.792992496 -22.40100025 -7.8249876
