NaN 600 596.73 593.46 590.19 586.92 583.65 580.38 577.11 573.84 570.57 567.3 564.03 560.76 557.49 554.22 550.95 547.68 544.41 541.14 537.87 534.6 531.33 528.06 524.79 521.52 518.25 514.98 511.71 508.44 505.17 501.9 498.63 495.36 492.09 488.82 485.55 482.28 479.01 475.74 472.47 469.2 465.93 462.66 459.39 456.12 452.85 449.58 446.31 443.04 439.77 436.5 433.23 429.96 426.69 423.42 420.15 416.88 413.61 410.34 407.07 403.8 400.53 397.26 393.99 390.72 387.45 384.18 380.91 377.64 374.37 371.1 367.83 364.56 361.29 358.02 354.75 351.48 348.21 344.94 341.67 338.4 335.13 331.86 328.59 325.32 322.05 318.78 315.51 312.24 308.97 305.7 302.43 299.16 295.89 292.62 289.35 286.08 282.81 279.54 276.27 273 269.73 266.46 263.19 259.92 256.65 253.38 250.11 246.84 243.57 240.3 237.03 233.76 230.49 227.22 223.95 220.68
NaN NaN NaN NaN NaN NaN NaN NaN NaN NaN NaN NaN NaN NaN NaN NaN NaN NaN NaN NaN NaN NaN NaN NaN NaN NaN NaN NaN NaN NaN NaN NaN NaN NaN NaN NaN NaN NaN NaN NaN NaN NaN NaN NaN NaN NaN NaN NaN NaN NaN NaN NaN NaN NaN NaN NaN NaN NaN NaN NaN NaN NaN NaN NaN NaN NaN NaN NaN NaN NaN NaN NaN NaN NaN NaN NaN NaN NaN NaN NaN NaN NaN NaN NaN NaN NaN NaN NaN NaN NaN NaN NaN NaN NaN NaN NaN NaN NaN NaN NaN NaN NaN NaN NaN NaN NaN NaN NaN NaN NaN NaN NaN NaN NaN NaN NaN NaN NaN
NaN NaN NaN NaN NaN NaN NaN NaN NaN NaN NaN NaN NaN NaN NaN NaN NaN NaN NaN NaN NaN NaN NaN NaN NaN NaN NaN NaN NaN NaN NaN NaN NaN NaN NaN NaN NaN NaN NaN NaN NaN NaN NaN NaN NaN NaN NaN NaN NaN NaN NaN NaN NaN NaN NaN NaN NaN NaN NaN NaN NaN NaN NaN NaN NaN NaN NaN NaN NaN NaN NaN NaN NaN NaN NaN NaN NaN NaN NaN NaN NaN NaN NaN NaN NaN NaN NaN NaN NaN NaN NaN NaN NaN NaN NaN NaN NaN NaN NaN NaN NaN NaN NaN NaN NaN NaN NaN NaN NaN NaN NaN NaN NaN NaN NaN NaN NaN NaN
210.901 0 0 0 0 0 0 0 0 0 0 0 0 0 0 0 0 0 0 0 0 0 0 0 0 0 0 0 0 0 0 0 0 0 0 0 0 0 0 0 0 0 0 0 0 0 0 0 0 0 0 0 0 0 0 0 0 0 0 0 0 0 0 0 0 0 0 0 0 0 0 0 0 0 0 0 0 0 0 0 0 0 0 0 0 0 0 0 0 0 0 0 0 0 0 0 0 0 0 0 0 0 0 0 0 0 0 0 0 0 0 0 0 0 0 0 0 0
214.065 0 0 0 0 0 0 0 0 0 0 0 0 0 0 0 0 0 0 0 0 0 0 0 0 0 0 0 0 0 0 0 0 0 0 0 0 0 0 0 0 0 0 0 0 0 0 0 0 0 0 0 0 0 0 0 0 0 0 0 0 0 0 0 0 0 0 0 0 0 0 0 0 0 0 0 0 0 0 0 0 0 0 0 0 0 0 0 0 0 0 0 0 0 0 0 0 0 0 0 0 0 0 0 0 0 0 0 0 0 0 0 0 0 0 0 0 0
217.232 0 0 0 0 0 0 0 0 0 0 0 0 0 0 0 0 0 0 0 0 0 0 0 0 0 0 0 0 0 0 0 0 0 0 0 0 0 0 0 0 0 0 0 0 0 0 0 0 0 0 0 0 0 0 0 0 0 0 0 0 0 0 0 0 0 0 0 0 0 0 0 0 0 0 0 0 0 0 0 0 0 0 0 0 0 0 0 0 0 0 0 0 0 0 0 0 0 0 0 0 0 0 0 0 0 0 0 0 0 0 0 0 0 0 0 0 0
220.402 0 0 0 0 0 0 0 0 0 0 0 0 0 0 0 0 0 0 0 0 0 0 0 0 0 0 0 0 0 0 0 0 0 0 0 0 0 0 0 0 0 0 0 0 0 0 0 0 0 0 0 0 0 0 0 0 0 0 0 0 0 0 0 0 0 0 0 0 0 0 0 0 0 0 0 0 0 0 0 0 0 0 0 0 0 0 0 0 0 0 0 0 0 0 0 0 0 0 0 0 0 0 0 0 0 0 0 0 0 0 0 0 0 0 0 0 0
223.574 0 0 0 0 0 0 0 0 0 0 0 0 0 0 0 0 0 0 0 0 0 0 0 0 0 0 0 0 0 0 0 0 0 0 0 0 0 0 0 0 0 0 0 0 0 0 0 0 0 0 0 0 0 0 0 0 0 0 0 0 0 0 0 0 0 0 0 0 0 0 0 0 0 0 0 0 0 0 0 0 0 0 0 0 0 0 0 0 0 0 0 0 0 0 0 0 0 0 0 0 0 0 0 0 0 0 0 0 0 0 0 0 0 0 0 0 0
226.748 0 0 0 0 0 0 0 0 0 0 0 0 0 0 0 0 0 0 0 0 0 0 0 0 0 0 0 0 0 0 0 0 0 0 0 0 0 0 0 0 0 0 0 0 0 0 0 0 0 0 0 0 0 0 0 0 0 0 0 0 0 0 0 0 0 0 0 0 0 0 0 0 0 0 0 0 0 0 0 0 0 0 0 0 0 0 0 0 0 0 0 0 0 0 0 0 0 0 0 0 0 0 0 0 0 0 0 0 0 0 0 0 0 0 0 0 0
229.925 0 0 0 0 0 0 0 0 0 0 0 0 0 0 0 0 0 0 0 0 0 0 0 0 0 0 0 0 0 0 0 0 0 0 0 0 0 0 0 0 0 0 0 0 0 0 0 0 0 0 0 0 0 0 0 0 0 0 0 0 0 0 0 0 0 0 0 0 0 0 0 0 0 0 0 0 0 0 0 0 0 0 0 0 0 0 0 0 0 0 0 0 0 0 0 0 0 0 0 0 0 0 0 0 0 0 0 0 0 0 0 0 0 0 0 0 0
233.104 0 0 0 0 0 0 0 0 0 0 0 0 0 0 0 0 0 0 0 0 0 0 0 0 0 0 0 0 0 0 0 0 0 0 0 0 0 0 0 0 0 0 0 0 0 0 0 0 0 0 0 0 0 0 0 0 0 0 0 0 0 0 0 0 0 0 0 0 0 0 0 0 0 0 0 0 0 0 0 0 0 0 0 0 0 0 0 0 0 0 0 0 0 0 0 0 0 0 0 0 0 0 0 0 0 0 0 0 0 0 0 0 0 0 0 0 36.0313441
236.285 0 0 0 0 0 0 0 0 0 0 0 0 0 0 0 0 0 0 0 0 0 0 0 0 0 0 0 0 0 0 0 0 0 0 0 0 0 0 0 0 0 0 0 0 0 0 0 0 0 0 0 0 0 0 0 0 0 0 0 0 0 0 0 0 0 0 0 0 0 0 0 0 0 0 0 0 0 0 0 0 0 0 0 0 0 0 0 0 0 0 0 0 0 0 0 0 0 0 0 0 0 0 0 0 0 0 0 0 0 0 0 0 0 0 0 -1.519522498 -3.0697361
239.469 0 0 0 0 0 0 0 0 0 0 0 0 0 0 0 0 0 0 0 0 0 0 0 0 0 0 0 0 0 0 0 0 0 0 0 0 0 0 0 0 0 0 0 0 0 0 0 0 0 0 0 0 0 0 0 0 0 0 0 0 0 0 0 0 0 0 0 0 0 0 0 0 0 0 0 0 0 0 0 0 0 0 0 0 0 0 0 0 0 0 0 0 0 0 0 0 0 0 0 0 0 0 0 0 0 0 0 0 0 0 0 0 0 0 -2.855371659 -5.240433554 33.79350026
242.655 0 0 0 0 0 0 0 0 0 0 0 0 0 0 0 0 0 0 0 0 0 0 0 0 0 0 0 0 0 0 0 0 0 0 0 0 0 0 0 0 0 0 0 0 0 0 0 0 0 0 0 0 0 0 0 0 0 0 0 0 0 0 0 0 0 0 0 0 0 0 0 0 0 0 0 0 0 0 0 0 0 0 0 0 0 0 0 0 0 0 0 0 0 0 0 0 0 0 0 0 0 0 0 0 0 0 0 0 0 0 0 0 0 0.176712106 0.938231656 1.529949703 13.15163752
245.844 0 0 0 0 0 0 0 0 0 0 0 0 0 0 0 0 0 0 0 0 0 0 0 0 0 0 0 0 0 0 0 0 0 0 0 0 0 0 0 0 0 0 0 0 0 0 0 0 0 0 0 0 0 0 0 0 0 0 0 0 0 0 0 0 0 0 0 0 0 0 0 0 0 0 0 0 0 0 0 0 0 0 0 0 0 0 0 0 0 0 0 0 0 0 0 0 0 0 0 0 0 0 0 0 0 0 0 0 0 0 0 0 0.006957755 0.174737341 0.11474621 2.626341115 9.84086923
249.035 0 0 0 0 0 0 0 0 0 0 0 0 0 0 0 0 0 0 0 0 0 0 0 0 0 0 0 0 0 0 0 0 0 0 0 0 0 0 0 0 0 0 0 0 0 0 0 0 0 0 0 0 0 0 0 0 0 0 0 0 0 0 0 0 0 0 0 0 0 0 0 0 0 0 0 0 0 0 0 0 0 0 0 0 0 0 0 0 0 0 0 0 0 0 0 0 0 0 0 0 0 0 0 0 0 0 0 0 0 0 0 0.051784201 -0.046735445 0.267618511 0.778330024 -1.110791378 13.7777266
252.228 0 0 0 0 0 0 0 0 0 0 0 0 0 0 0 0 0 0 0 0 0 0 0 0 0 0 0 0 0 0 0 0 0 0 0 0 0 0 0 0 0 0 0 0 0 0 0 0 0 0 0 0 0 0 0 0 0 0 0 0 0 0 0 0 0 0 0 0 0 0 0 0 0 0 0 0 0 0 0 0 0 0 0 0 0 0 0 0 0 0 0 0 0 0 0 0 0 0 0 0 0 0 0 0 0 0 0 0 0 0 -0.01405396 -0.009887282 -0.057333512 -0.244942965 0.444315807 -2.253594505 -1.90685001
255.423 0 0 0 0 0 0 0 0 0 0 0 0 0 0 0 0 0 0 0 0 0 0 0 0 0 0 0 0 0 0 0 0 0 0 0 0 0 0 0 0 0 0 0 0 0 0 0 0 0 0 0 0 0 0 0 0 0 0 0 0 0 0 0 0 0 0 0 0 0 0 0 0 0 0 0 0 0 0 0 0 0 0 0 0 0 0 0 0 0 0 0 0 0 0 0 0 0 0 0 0 0 0 0 0 0 0 0 0 0 -0.017990704 0.01792449 -0.154115663 -0.06873782 -0.296599419 -0.584739629 -6.269418536 -18.23206621
258.621 0 0 0 0 0 0 0 0 0 0 0 0 0 0 0 0 0 0 0 0 0 0 0 0 0 0 0 0 0 0 0 0 0 0 0 0 0 0 0 0 0 0 0 0 0 0 0 0 0 0 0 0 0 0 0 0 0 0 0 0 0 0 0 0 0 0 0 0 0 0 0 0 0 0 0 0 0 0 0 0 0 0 0 0 0 0 0 0 0 0 0 0 0 0 0 0 0 0 0 0 0 0 0 0 0 0 0 0 0.010258178 -0.004413028 -0.045581587 -0.059078066 -0.10052573 -0.221244841 -0.832233103 -1.833888796 -22.07453788
261.821 0 0 0 0 0 0 0 0 0 0 0 0 0 0 0 0 0 0 0 0 0 0 0 0 0 0 0 0 0 0 0 0 0 0 0 0 0 0 0 0 0 0 0 0 0 0 0 0 0 0 0 0 0 0 0 0 0 0 0 0 0 0 0 0 0 0 0 0 0 0 0 0 0 0 0 0 0 0 0 0 0 0 0 0 0 0 0 0 0 0 0 0 0 0 0 0 0 0 0 0 0 0 0 0 0 0 0 -0.005269697 0.000762 0.00087 -0.080756203 -0.010997569 -0.227214698 -0.137533808 0.251767621 -2.089044851 -13.51381456
265.023 0 0 0 0 0 0 0 0 0 0 0 0 0 0 0 0 0 0 0 0 0 0 0 0 0 0 0 0 0 0 0 0 0 0 0 0 0 0 0 0 0 0 0 0 0 0 0 0 0 0 0 0 0 0 0 0 0 0 0 0 0 0 0 0 0 0 0 0 0 0 0 0 0 0 0 0 0 0 0 0 0 0 0 0 0 0 0 0 0 0 0 0 0 0 0 0 0 0 0 0 0 0 0 0 0 0 0.010295006 0.020476244 -0.013548781 -0.013429035 -0.048816001 -0.067269118 -0.03150022 -0.016427483 -1.017825195 3.837207992 3.64009089
268.228 0 0 0 0 0 0 0 0 0 0 0 0 0 0 0 0 0 0 0 0 0 0 0 0 0 0 0 0 0 0 0 0 0 0 0 0 0 0 0 0 0 0 0 0 0 0 0 0 0 0 0 0 0 0 0 0 0 0 0 0 0 0 0 0 0 0 0 0 0 0 0 0 0 0 0 0 0 0 0 0 0 0 0 0 0 0 0 0 0 0 0 0 0 0 0 0 0 0 0 0 0 0 0 0 0 -0.001024206 0.003653216 0.005499552 -0.033220702 -0.036596978 -0.010821252 -0.017973978 -0.083852684 -0.097975696 -0.360042197 -4.544910614 -22.27144424
271.434 0 0 0 0 0 0 0 0 0 0 0 0 0 0 0 0 0 0 0 0 0 0 0 0 0 0 0 0 0 0 0 0 0 0 0 0 0 0 0 0 0 0 0 0 0 0 0 0 0 0 0 0 0 0 0 0 0 0 0 0 0 0 0 0 0 0 0 0 0 0 0 0 0 0 0 0 0 0 0 0 0 0 0 0 0 0 0 0 0 0 0 0 0 0 0 0 0 0 0 0 0 0 0 0 0.006705125 0.010342114 -0.009399435 0.003360192 -0.02219147 -0.056204119 -0.003194046 0.02801426 0.059145982 -0.099325888 -0.154525727 0.21239191 10.31924209
274.643 0 0 0 0 0 0 0 0 0 0 0 0 0 0 0 0 0 0 0 0 0 0 0 0 0 0 0 0 0 0 0 0 0 0 0 0 0 0 0 0 0 0 0 0 0 0 0 0 0 0 0 0 0 0 0 0 0 0 0 0 0 0 0 0 0 0 0 0 0 0 0 0 0 0 0 0 0 0 0 0 0 0 0 0 0 0 0 0 0 0 0 0 0 0 0 0 0 0 0 0 0 0 0 0.006718253 0.004794838 -0.00144677 -0.016924344 -0.009310441 0.004106945 0.035570943 0.017347249 -0.022035192 -0.046723073 0.186405464 1.276788853 0.824046997 5.341861048
277.854 0 0 0 0 0 0 0 0 0 0 0 0 0 0 0 0 0 0 0 0 0 0 0 0 0 0 0 0 0 0 0 0 0 0 0 0 0 0 0 0 0 0 0 0 0 0 0 0 0 0 0 0 0 0 0 0 0 0 0 0 0 0 0 0 0 0 0 0 0 0 0 0 0 0 0 0 0 0 0 0 0 0 0 0 0 0 0 0 0 0 0 0 0 0 0 0 0 0 0 0 0 0 0.015002653 0.00598757 0.004963441 -0.000954 -0.029080357 0.012454141 0.003812025 -0.018242382 -0.005124273 0.041312973 0.120702064 0.001033131 -0.797310462 -0.602438985 -8.662978708
281.068 0 0 0 0 0 0 0 0 0 0 0 0 0 0 0 0 0 0 0 0 0 0 0 0 0 0 0 0 0 0 0 0 0 0 0 0 0 0 0 0 0 0 0 0 0 0 0 0 0 0 0 0 0 0 0 0 0 0 0 0 0 0 0 0 0 0 0 0 0 0 0 0 0 0 0 0 0 0 0 0 0 0 0 0 0 0 0 0 0 0 0 0 0 0 0 0 0 0 0 0 0 0.017473568 0.008424161 0.008427111 0.013681041 -0.014335125 -0.048124059 -0.012721141 0.006599835 -0.009582266 -0.038043875 0.009419132 -0.05983515 -0.186565486 -0.259889099 -3.157239546 11.99499851
284.283 0 0 0 0 0 0 0 0 0 0 0 0 0 0 0 0 0 0 0 0 0 0 0 0 0 0 0 0 0 0 0 0 0 0 0 0 0 0 0 0 0 0 0 0 0 0 0 0 0 0 0 0 0 0 0 0 0 0 0 0 0 0 0 0 0 0 0 0 0 0 0 0 0 0 0 0 0 0 0 0 0 0 0 0 0 0 0 0 0 0 0 0 0 0 0 0 0 0 0 0 0.013538306 0.01606153 0.011383403 0.002643217 -0.007746788 -0.009720845 0.005388342 0.005853859 0.020161014 0.026442199 -0.005230652 0.068017893 -0.098623274 -0.102486513 1.364636524 0.811430284 -11.88789327
287.501 0 0 0 0 0 0 0 0 0 0 0 0 0 0 0 0 0 0 0 0 0 0 0 0 0 0 0 0 0 0 0 0 0 0 0 0 0 0 0 0 0 0 0 0 0 0 0 0 0 0 0 0 0 0 0 0 0 0 0 0 0 0 0 0 0 0 0 0 0 0 0 0 0 0 0 0 0 0 0 0 0 0 0 0 0 0 0 0 0 0 0 0 0 0 0 0 0 0 0 0.024671554 0.024093396 0.017220556 0.016459305 0.012828336 -0.002826648 0.022043768 0.015875212 0.01787107 0.012857606 0.001174992 -0.010059711 0.095183163 0.09773736 0.234097463 -0.044829598 5.664627705 1.679947308
290.72 0 0 0 0 0 0 0 0 0 0 0 0 0 0 0 0 0 0 0 0 0 0 0 0 0 0 0 0 0 0 0 0 0 0 0 0 0 0 0 0 0 0 0 0 0 0 0 0 0 0 0 0 0 0 0 0 0 0 0 0 0 0 0 0 0 0 0 0 0 0 0 0 0 0 0 0 0 0 0 0 0 0 0 0 0 0 0 0 0 0 0 0 0 0 0 0 0 0 0.033226103 0.033306624 0.034685056 0.030474451 0.017621067 0.005798499 -0.000544 0.02371669 0.015585532 0.024236855 0.039229869 0.019628457 0.034920511 0.117465568 0.076890641 0.358552903 1.482044827 4.276748472 -3.778245095
293.942 0 0 0 0 0 0 0 0 0 0 0 0 0 0 0 0 0 0 0 0 0 0 0 0 0 0 0 0 0 0 0 0 0 0 0 0 0 0 0 0 0 0 0 0 0 0 0 0 0 0 0 0 0 0 0 0 0 0 0 0 0 0 0 0 0 0 0 0 0 0 0 0 0 0 0 0 0 0 0 0 0 0 0 0 0 0 0 0 0 0 0 0 0 0 0 0 0 0.038354688 0.03807859 0.039423422 0.035168113 0.027400237 0.029907855 0.032622433 0.027856781 0.0160059 0.023221354 0.027426665 0.042075793 0.02844057 0.034430674 -0.020613405 0.219497529 -0.144671965 2.27039859 -0.615584902 -17.25839485
297.166 0 0 0 0 0 0 0 0 0 0 0 0 0 0 0 0 0 0 0 0 0 0 0 0 0 0 0 0 0 0 0 0 0 0 0 0 0 0 0 0 0 0 0 0 0 0 0 0 0 0 0 0 0 0 0 0 0 0 0 0 0 0 0 0 0 0 0 0 0 0 0 0 0 0 0 0 0 0 0 0 0 0 0 0 0 0 0 0 0 0 0 0 0 0 0 0 0.03364858 0.04568967 0.047903498 0.047785406 0.042626709 0.016237974 0.015454237 0.029887974 0.028119252 0.023720746 0.025268495 0.0125727 0.033404063 -0.00192642 0.000111 0.099688276 0.192302948 0.079901957 -0.74534964 1.965584982 -13.38085499
300.392 0 0 0 0 0 0 0 0 0 0 0 0 0 0 0 0 0 0 0 0 0 0 0 0 0 0 0 0 0 0 0 0 0 0 0 0 0 0 0 0 0 0 0 0 0 0 0 0 0 0 0 0 0 0 0 0 0 0 0 0 0 0 0 0 0 0 0 0 0 0 0 0 0 0 0 0 0 0 0 0 0 0 0 0 0 0 0 0 0 0 0 0 0 0 0 0.037725171 0.045636989 0.060778196 0.068151483 0.062299401 0.057411694 0.042864414 0.046545796 0.05329184 0.03887593 0.041795398 0.049805365 0.038873609 0.048072837 0.048839983 0.106167981 0.139903226 0.13591761 0.12615148 1.242285325 1.631934328 31.91543155
303.62 0 0 0 0 0 0 0 0 0 0 0 0 0 0 0 0 0 0 0 0 0 0 0 0 0 0 0 0 0 0 0 0 0 0 0 0 0 0 0 0 0 0 0 0 0 0 0 0 0 0 0 0 0 0 0 0 0 0 0 0 0 0 0 0 0 0 0 0 0 0 0 0 0 0 0 0 0 0 0 0 0 0 0 0 0 0 0 0 0 0 0 0 0 0 0.026542758 0.037943439 0.049355761 0.061418617 0.066684677 0.0591333 0.048774012 0.052666386 0.054136297 0.044226939 0.040004183 0.025946517 0.036502386 0.047115465 0.051207257 0.01492561 0.033635235 0.156400191 0.092015853 0.078160005 -1.229553595 -0.228748417 -3.033694888
306.85 0 0 0 0 0 0 0 0 0 0 0 0 0 0 0 0 0 0 0 0 0 0 0 0 0 0 0 0 0 0 0 0 0 0 0 0 0 0 0 0 0 0 0 0 0 0 0 0 0 0 0 0 0 0 0 0 0 0 0 0 0 0 0 0 0 0 0 0 0 0 0 0 0 0 0 0 0 0 0 0 0 0 0 0 0 0 0 0 0 0 0 0 0 0.019602366 0.028622077 0.043431074 0.055816897 0.066770851 0.069494495 0.077399066 0.066742049 0.061802013 0.057281508 0.05697762 0.044689925 0.039875977 0.038195158 0.027408769 0.027746546 0.05377501 0.065915493 0.084418398 0.147765315 -0.204203934 0.538785012 -4.117051699 2.141398646
310.082 0 0 0 0 0 0 0 0 0 0 0 0 0 0 0 0 0 0 0 0 0 0 0 0 0 0 0 0 0 0 0 0 0 0 0 0 0 0 0 0 0 0 0 0 0 0 0 0 0 0 0 0 0 0 0 0 0 0 0 0 0 0 0 0 0 0 0 0 0 0 0 0 0 0 0 0 0 0 0 0 0 0 0 0 0 0 0 0 0 0 0 0 0.018219277 0.024114859 0.033941134 0.045490101 0.061761583 0.074470288 0.081607968 0.0808278 0.0826154 0.071920228 0.073006654 0.068313162 0.060633166 0.060859492 0.054721077 0.064657767 0.058806064 0.064636856 0.10916291 0.151089845 0.271093866 0.363052838 0.893148329 1.198449936 5.127881105
313.316 0 0 0 0 0 0 0 0 0 0 0 0 0 0 0 0 0 0 0 0 0 0 0 0 0 0 0 0 0 0 0 0 0 0 0 0 0 0 0 0 0 0 0 0 0 0 0 0 0 0 0 0 0 0 0 0 0 0 0 0 0 0 0 0 0 0 0 0 0 0 0 0 0 0 0 0 0 0 0 0 0 0 0 0 0 0 0 0 0 0 0 0.012090294 0.014220408 0.023155971 0.03277883 0.051290096 0.057226348 0.069282965 0.07171357 0.081881714 0.080371967 0.066423419 0.058957612 0.043394333 0.048869696 0.039069795 0.034851794 0.033511959 0.012264355 -0.002898731 0.027557966 -0.099002517 -0.277816919 -1.010455629 -1.583337102 -14.57587417 -39.99766231
316.553 0 0 0 0 0 0 0 0 0 0 0 0 0 0 0 0 0 0 0 0 0 0 0 0 0 0 0 0 0 0 0 0 0 0 0 0 0 0 0 0 0 0 0 0 0 0 0 0 0 0 0 0 0 0 0 0 0 0 0 0 0 0 0 0 0 0 0 0 0 0 0 0 0 0 0 0 0 0 0 0 0 0 0 0 0 0 0 0 0 0 0.014488156 0.016839235 0.0227149 0.03333524 0.047028919 0.058372023 0.07028642 0.072022166 0.088167167 0.094502844 0.091223307 0.083175159 0.076266267 0.06466139 0.061835874 0.059900371 0.058709562 0.044972687 0.065203653 0.036421129 0.092961655 0.227350977 0.162847739 0.336023634 2.155855424 5.202794304 -0.621935659
319.791 0 0 0 0 0 0 0 0 0 0 0 0 0 0 0 0 0 0 0 0 0 0 0 0 0 0 0 0 0 0 0 0 0 0 0 0 0 0 0 0 0 0 0 0 0 0 0 0 0 0 0 0 0 0 0 0 0 0 0 0 0 0 0 0 0 0 0 0 0 0 0 0 0 0 0 0 0 0 0 0 0 0 0 0 0 0 0 0 0 0.009852445 0.016226365 0.018810943 0.02445185 0.03889053 0.042729377 0.05543914 0.076803726 0.083505933 0.090552523 0.091849495 0.090246901 0.086411303 0.071930967 0.065179805 0.057211007 0.056318405 0.060542112 0.051773166 0.022768987 0.063974212 0.039348807 0.038834891 0.188380776 0.241275652 -0.899005542 -2.367072858 -23.9739429
323.031 0 0 0 0 0 0 0 0 0 0 0 0 0 0 0 0 0 0 0 0 0 0 0 0 0 0 0 0 0 0 0 0 0 0 0 0 0 0 0 0 0 0 0 0 0 0 0 0 0 0 0 0 0 0 0 0 0 0 0 0 0 0 0 0 0 0 0 0 0 0 0 0 0 0 0 0 0 0 0 0 0 0 0 0 0 0 0 0 0.014282951 0.018008051 0.021271665 0.025615456 0.032542514 0.044420674 0.055604648 0.067886227 0.078975659 0.096605417 0.098650219 0.10006842 0.098099966 0.084574398 0.08149706 0.076231539 0.076698704 0.067189091 0.080119515 0.063406268 0.063540764 0.095569597 0.075500121 0.070024501 0.180155581 0.75572891 1.395483462 5.543509184 13.63518759
326.273 0 0 0 0 0 0 0 0 0 0 0 0 0 0 0 0 0 0 0 0 0 0 0 0 0 0 0 0 0 0 0 0 0 0 0 0 0 0 0 0 0 0 0 0 0 0 0 0 0 0 0 0 0 0 0 0 0 0 0 0 0 0 0 0 0 0 0 0 0 0 0 0 0 0 0 0 0 0 0 0 0 0 0 0 0 0 0 0.013608737 0.017261511 0.017179421 0.025264734 0.032537568 0.040262073 0.046396066 0.057757944 0.078547131 0.08921261 0.104205367 0.103104403 0.105440391 0.093047075 0.085181395 0.083177475 0.073736687 0.072124261 0.074336157 0.075194195 0.072519624 0.089822335 0.070381582 0.09640759 0.189999048 0.19168356 0.118850733 1.325773823 -2.941485049 11.7332009
329.517 0 0 0 0 0 0 0 0 0 0 0 0 0 0 0 0 0 0 0 0 0 0 0 0 0 0 0 0 0 0 0 0 0 0 0 0 0 0 0 0 0 0 0 0 0 0 0 0 0 0 0 0 0 0 0 0 0 0 0 0 0 0 0 0 0 0 0 0 0 0 0 0 0 0 0 0 0 0 0 0 0 0 0 0 0 0 0.011084455 0.019619949 0.020649622 0.021657622 0.026873175 0.031708059 0.042766645 0.047240749 0.073396522 0.083139199 0.096026664 0.101370663 0.102204161 0.108515727 0.096930211 0.092413622 0.07824534 0.079269269 0.067738826 0.075461814 0.066147909 0.068524326 0.064280757 0.070732931 0.086018927 0.130191315 0.19525422 0.343741712 0.209322133 1.475477616 2.362371316
332.763 0 0 0 0 0 0 0 0 0 0 0 0 0 0 0 0 0 0 0 0 0 0 0 0 0 0 0 0 0 0 0 0 0 0 0 0 0 0 0 0 0 0 0 0 0 0 0 0 0 0 0 0 0 0 0 0 0 0 0 0 0 0 0 0 0 0 0 0 0 0 0 0 0 0 0 0 0 0 0 0 0 0 0 0 0 0.012738859 0.01751882 0.019635836 0.023113002 0.031335895 0.038958529 0.040601144 0.042429144 0.058883736 0.074471994 0.088843305 0.098387794 0.102708933 0.102963298 0.110776929 0.098956806 0.090094592 0.088238013 0.080827914 0.076602495 0.0698479 0.080678596 0.071640104 0.080846581 0.120057133 0.097898421 0.112905163 0.197849039 0.349816255 1.91401064 9.145117923 18.88788169
336.011 0 0 0 0 0 0 0 0 0 0 0 0 0 0 0 0 0 0 0 0 0 0 0 0 0 0 0 0 0 0 0 0 0 0 0 0 0 0 0 0 0 0 0 0 0 0 0 0 0 0 0 0 0 0 0 0 0 0 0 0 0 0 0 0 0 0 0 0 0 0 0 0 0 0 0 0 0 0 0 0 0 0 0 0 0.011765848 0.017978433 0.019202454 0.026713917 0.029289989 0.03586029 0.036207773 0.044834362 0.049929788 0.066082087 0.081499923 0.094576646 0.105991339 0.105689688 0.105791377 0.114285546 0.103562194 0.091390788 0.089877592 0.089323625 0.088650924 0.091661641 0.068068782 0.092273242 0.090844745 0.101635462 0.128391642 0.225945129 0.478331491 0.804958293 0.883810974 -1.106192257 19.58630109
339.261 0 0 0 0 0 0 0 0 0 0 0 0 0 0 0 0 0 0 0 0 0 0 0 0 0 0 0 0 0 0 0 0 0 0 0 0 0 0 0 0 0 0 0 0 0 0 0 0 0 0 0 0 0 0 0 0 0 0 0 0 0 0 0 0 0 0 0 0 0 0 0 0 0 0 0 0 0 0 0 0 0 0 0 0.011988315 0.015492014 0.020548736 0.023415797 0.027527937 0.031813569 0.03654565 0.044648998 0.047058886 0.062049686 0.073121421 0.083529829 0.102124054 0.10763495 0.113682399 0.109445527 0.10730275 0.105865939 0.101048465 0.086923829 0.092990521 0.075660887 0.082989116 0.062112372 0.101718532 0.09387896 0.106127953 0.146311449 0.239074059 0.06193179 0.332505374 -0.758444754 2.385414051 4.02668285
342.512 0 0 0 0 0 0 0 0 0 0 0 0 0 0 0 0 0 0 0 0 0 0 0 0 0 0 0 0 0 0 0 0 0 0 0 0 0 0 0 0 0 0 0 0 0 0 0 0 0 0 0 0 0 0 0 0 0 0 0 0 0 0 0 0 0 0 0 0 0 0 0 0 0 0 0 0 0 0 0 0 0 0 0.012852976 0.019307075 0.022275854 0.027649846 0.029593686 0.035394867 0.039394928 0.0472771 0.057021012 0.055151414 0.065510116 0.07478763 0.092205924 0.101935607 0.109003348 0.110451115 0.11478386 0.114934769 0.102867661 0.103298088 0.099517007 0.10033148 0.097328616 0.092742123 0.104452586 0.09710183 0.13791494 0.158575105 0.132590809 0.188096772 0.39131686 0.649552962 0.993838404 11.20269987 26.22718055
345.766 0 0 0 0 0 0 0 0 0 0 0 0 0 0 0 0 0 0 0 0 0 0 0 0 0 0 0 0 0 0 0 0 0 0 0 0 0 0 0 0 0 0 0 0 0 0 0 0 0 0 0 0 0 0 0 0 0 0 0 0 0 0 0 0 0 0 0 0 0 0 0 0 0 0 0 0 0 0 0 0 0 0.015042604 0.016546277 0.020834577 0.02527331 0.02972634 0.030879658 0.039068732 0.046519544 0.047481179 0.054547264 0.064502393 0.073456717 0.083165402 0.091129304 0.1061239 0.112699306 0.120012826 0.11323937 0.115270651 0.107592605 0.107824972 0.102519941 0.097573889 0.095499351 0.093572448 0.105387162 0.110278699 0.117866102 0.11979133 0.178863383 0.193051435 0.269981953 0.160585929 0.553769602 3.528133054 12.26853948
349.021 0 0 0 0 0 0 0 0 0 0 0 0 0 0 0 0 0 0 0 0 0 0 0 0 0 0 0 0 0 0 0 0 0 0 0 0 0 0 0 0 0 0 0 0 0 0 0 0 0 0 0 0 0 0 0 0 0 0 0 0 0 0 0 0 0 0 0 0 0 0 0 0 0 0 0 0 0 0 0 0 0.014926042 0.015925917 0.022270591 0.026088415 0.028079642 0.034222049 0.040704692 0.044250868 0.05333988 0.058685615 0.065172204 0.071037653 0.076860832 0.088647391 0.095575305 0.104119034 0.113845874 0.115977674 0.113397499 0.11719528 0.109815385 0.10264718 0.100347403 0.103657809 0.093148105 0.10485427 0.101984667 0.115749491 0.125650957 0.119141553 0.163046272 0.172550819 0.126525597 0.340741173 1.63577042 -5.592011335 -20.22264217
352.278 0 0 0 0 0 0 0 0 0 0 0 0 0 0 0 0 0 0 0 0 0 0 0 0 0 0 0 0 0 0 0 0 0 0 0 0 0 0 0 0 0 0 0 0 0 0 0 0 0 0 0 0 0 0 0 0 0 0 0 0 0 0 0 0 0 0 0 0 0 0 0 0 0 0 0 0 0 0 0 0.017620676 0.020317483 0.023837712 0.026812806 0.031948806 0.036841771 0.041639036 0.046708791 0.057971437 0.05776885 0.068817016 0.074838094 0.081353498 0.089353028 0.097372062 0.102205253 0.116989716 0.120750574 0.116651416 0.121972652 0.113645007 0.119595794 0.11462616 0.127374722 0.114556857 0.122473987 0.129116059 0.126330638 0.15378356 0.156304281 0.202271134 0.21650053 0.260157072 0.343062146 0.201765845 1.321088508 -0.471323299 19.53383213
355.537 0 0 0 0 0 0 0 0 0 0 0 0 0 0 0 0 0 0 0 0 0 0 0 0 0 0 0 0 0 0 0 0 0 0 0 0 0 0 0 0 0 0 0 0 0 0 0 0 0 0 0 0 0 0 0 0 0 0 0 0 0 0 0 0 0 0 0 0 0 0 0 0 0 0 0 0 0 0 0.018786143 0.022323614 0.026554998 0.031906151 0.034774063 0.042724893 0.046812293 0.053317218 0.056008726 0.062931326 0.070174271 0.07445943 0.08481742 0.089452426 0.096379706 0.106999575 0.115689096 0.121706843 0.127214751 0.131238585 0.128067806 0.133312161 0.124965063 0.142472949 0.131472767 0.143149333 0.146290463 0.158070057 0.154581594 0.173684042 0.207238155 0.253341158 0.278385215 0.294834809 0.580742358 1.001836163 2.095330471 6.977679079 33.15720932
358.798 0 0 0 0 0 0 0 0 0 0 0 0 0 0 0 0 0 0 0 0 0 0 0 0 0 0 0 0 0 0 0 0 0 0 0 0 0 0 0 0 0 0 0 0 0 0 0 0 0 0 0 0 0 0 0 0 0 0 0 0 0 0 0 0 0 0 0 0 0 0 0 0 0 0 0 0 0 0.017016602 0.021886281 0.027346996 0.031323689 0.033902747 0.042895627 0.044412615 0.051363105 0.057081301 0.063169577 0.069929227 0.073831726 0.083274002 0.084947398 0.09125192 0.104345454 0.108862095 0.120714092 0.118298391 0.126974737 0.128850956 0.133399276 0.126020812 0.134679805 0.13088995 0.137438018 0.145066412 0.146363739 0.149398564 0.159121844 0.195869236 0.21772745 0.244467153 0.260618867 0.211888325 0.308467394 0.583713864 0.943709366 6.109454581 27.31609401
362.061 0 0 0 0 0 0 0 0 0 0 0 0 0 0 0 0 0 0 0 0 0 0 0 0 0 0 0 0 0 0 0 0 0 0 0 0 0 0 0 0 0 0 0 0 0 0 0 0 0 0 0 0 0 0 0 0 0 0 0 0 0 0 0 0 0 0 0 0 0 0 0 0 0 0 0 0 0.01223613 0.01643562 0.022254868 0.027633489 0.034755999 0.042794272 0.046876934 0.051016606 0.0568689 0.059281646 0.067711338 0.076109224 0.076588987 0.085336938 0.094048526 0.100810527 0.105237524 0.113971652 0.122100643 0.125610254 0.124470653 0.129039585 0.13382519 0.127697318 0.142423184 0.139505656 0.131612499 0.148549387 0.143084536 0.150214544 0.160800615 0.185947279 0.16789764 0.213516175 0.189884244 0.133556961 0.052206919 -0.189013522 -0.952757687 -4.031537042 -47.97270799
365.325 0 0 0 0 0 0 0 0 0 0 0 0 0 0 0 0 0 0 0 0 0 0 0 0 0 0 0 0 0 0 0 0 0 0 0 0 0 0 0 0 0 0 0 0 0 0 0 0 0 0 0 0 0 0 0 0 0 0 0 0 0 0 0 0 0 0 0 0 0 0 0 0 0 0 0 0.012095723 0.01614825 0.022248031 0.027284724 0.034837698 0.04257739 0.051224701 0.053316871 0.057780505 0.06306045 0.072731131 0.075787304 0.083080664 0.090901698 0.092602972 0.103954282 0.107169181 0.111779172 0.119677047 0.124147212 0.129356426 0.129679567 0.131639912 0.13698566 0.138982688 0.140866296 0.150880284 0.152887596 0.16645585 0.165015017 0.17937934 0.172608642 0.226359678 0.23784987 0.204036329 0.214417637 0.240108124 0.187063456 0.420964474 -2.28049516 -7.161471286 -4.371359834
368.591 0 0 0 0 0 0 0 0 0 0 0 0 0 0 0 0 0 0 0 0 0 0 0 0 0 0 0 0 0 0 0 0 0 0 0 0 0 0 0 0 0 0 0 0 0 0 0 0 0 0 0 0 0 0 0 0 0 0 0 0 0 0 0 0 0 0 0 0 0 0 0 0 0 0 0.0140567 0.01893436 0.02289678 0.028867036 0.036109573 0.040358647 0.049169914 0.055191832 0.060916854 0.066166726 0.075162224 0.082332755 0.089835444 0.093547045 0.09982714 0.106035681 0.114615713 0.11733138 0.126300441 0.128877651 0.134545876 0.136937338 0.146615573 0.143050117 0.148820439 0.150196313 0.150918419 0.169128591 0.16265784 0.170876803 0.182968521 0.184843016 0.197470859 0.21551296 0.238498352 0.231200658 0.257988266 0.311526848 0.337258943 0.517472611 -0.063920494 4.049431995 13.33414212
371.859 0 0 0 0 0 0 0 0 0 0 0 0 0 0 0 0 0 0 0 0 0 0 0 0 0 0 0 0 0 0 0 0 0 0 0 0 0 0 0 0 0 0 0 0 0 0 0 0 0 0 0 0 0 0 0 0 0 0 0 0 0 0 0 0 0 0 0 0 0 0 0 0 0 0.014530356 0.0193448 0.024043655 0.028482014 0.035648925 0.042161225 0.051544406 0.058202514 0.065877803 0.073594506 0.072670576 0.084637366 0.093820416 0.098608497 0.10692501 0.109921538 0.117471033 0.123096193 0.12483176 0.137032751 0.140581468 0.134755848 0.15089963 0.148980521 0.157566981 0.155898975 0.163807618 0.171128514 0.183970125 0.182303073 0.212999205 0.205828552 0.215923938 0.232738574 0.256673595 0.270404657 0.309333235 0.315340861 0.39364271 0.653113815 1.037232112 2.588230781 11.5075454 17.0924858
375.128 0 0 0 0 0 0 0 0 0 0 0 0 0 0 0 0 0 0 0 0 0 0 0 0 0 0 0 0 0 0 0 0 0 0 0 0 0 0 0 0 0 0 0 0 0 0 0 0 0 0 0 0 0 0 0 0 0 0 0 0 0 0 0 0 0 0 0 0 0 0 0 0 0.013658707 0.016521886 0.021116261 0.026030064 0.032371917 0.040400947 0.046245479 0.058024273 0.06359414 0.067055207 0.071960588 0.08230349 0.088032409 0.097133768 0.101086197 0.109752981 0.114868669 0.127050725 0.129445813 0.130014214 0.138528002 0.144647837 0.144184916 0.149193851 0.152180154 0.153663813 0.164493345 0.164731218 0.165266502 0.16803183 0.184195561 0.197213135 0.195438683 0.213968002 0.231183486 0.26487255 0.257280095 0.237479227 0.249772905 0.231427933 0.06043963 0.404388791 0.90705713 -6.010857026 7.173624317
378.399 0 0 0 0 0 0 0 0 0 0 0 0 0 0 0 0 0 0 0 0 0 0 0 0 0 0 0 0 0 0 0 0 0 0 0 0 0 0 0 0 0 0 0 0 0 0 0 0 0 0 0 0 0 0 0 0 0 0 0 0 0 0 0 0 0 0 0 0 0 0 0 0.013947079 0.015598082 0.022147924 0.027658708 0.035637099 0.039690447 0.048763106 0.059056667 0.065499771 0.078074046 0.079117939 0.086882818 0.091642875 0.102898401 0.112318982 0.114318989 0.12279839 0.128597124 0.129665634 0.140472101 0.146297927 0.149062913 0.147262706 0.158042689 0.158917636 0.158723688 0.162833555 0.167167155 0.173111808 0.185772718 0.188316647 0.204913017 0.210173104 0.233557777 0.239452283 0.257375923 0.287191992 0.289177194 0.305708645 0.336779415 0.413498158 0.548978562 0.873377102 0.591416776 5.927486774 27.46518148
381.672 0 0 0 0 0 0 0 0 0 0 0 0 0 0 0 0 0 0 0 0 0 0 0 0 0 0 0 0 0 0 0 0 0 0 0 0 0 0 0 0 0 0 0 0 0 0 0 0 0 0 0 0 0 0 0 0 0 0 0 0 0 0 0 0 0 0 0 0 0 0 0.014210438 0.015440647 0.020360006 0.02677329 0.033136948 0.039252312 0.046942752 0.055508466 0.067187577 0.070028898 0.077609428 0.089834161 0.098483961 0.104538783 0.11305765 0.11824477 0.125844225 0.132709172 0.135179362 0.138104496 0.145783341 0.149068668 0.151044423 0.158237051 0.158344483 0.165673546 0.161630839 0.169691382 0.169152307 0.192246439 0.192385271 0.202697487 0.212553656 0.213734158 0.237619364 0.250383732 0.277355678 0.289120553 0.309845823 0.335112338 0.349848721 0.381414121 0.555403762 0.946711543 1.187138668 4.708389703 -5.305341616
384.947 0 0 0 0 0 0 0 0 0 0 0 0 0 0 0 0 0 0 0 0 0 0 0 0 0 0 0 0 0 0 0 0 0 0 0 0 0 0 0 0 0 0 0 0 0 0 0 0 0 0 0 0 0 0 0 0 0 0 0 0 0 0 0 0 0 0 0 0 0 0.014922778 0.017704948 0.020167624 0.026149924 0.031547137 0.039220545 0.048010243 0.054175512 0.063226046 0.078443256 0.084939255 0.090516588 0.099306816 0.105434758 0.112533936 0.122649762 0.126374516 0.126930097 0.139394138 0.148430185 0.152502599 0.155952858 0.161464101 0.16674312 0.161326763 0.165923951 0.171764458 0.180223074 0.177759642 0.187231878 0.183261605 0.197016103 0.205636218 0.232791553 0.242099527 0.240482687 0.264443263 0.283721798 0.297708507 0.356711359 0.347626809 0.357563354 0.504558238 0.611940866 0.981651473 2.016431465 6.160687344 33.59305361
388.223 0 0 0 0 0 0 0 0 0 0 0 0 0 0 0 0 0 0 0 0 0 0 0 0 0 0 0 0 0 0 0 0 0 0 0 0 0 0 0 0 0 0 0 0 0 0 0 0 0 0 0 0 0 0 0 0 0 0 0 0 0 0 0 0 0 0 0 0 0.012656059 0.015572074 0.018241888 0.023794925 0.029113171 0.035461386 0.04535041 0.050855335 0.059454818 0.071775133 0.078077785 0.089745466 0.094971708 0.103870156 0.113671959 0.120052787 0.12711654 0.130037063 0.139552434 0.14279644 0.145663288 0.156836038 0.156642651 0.160262842 0.168722656 0.16670152 0.167642159 0.17546247 0.171322938 0.171036611 0.186398162 0.184032512 0.196973248 0.200158163 0.217575894 0.224427089 0.239560761 0.25872032 0.275290417 0.314621843 0.296194318 0.347523267 0.310123179 0.437429917 0.510626224 0.540249666 -0.292126027 1.870675395 8.584154232
391.5 0 0 0 0 0 0 0 0 0 0 0 0 0 0 0 0 0 0 0 0 0 0 0 0 0 0 0 0 0 0 0 0 0 0 0 0 0 0 0 0 0 0 0 0 0 0 0 0 0 0 0 0 0 0 0 0 0 0 0 0 0 0 0 0 0 0 0 0.011555262 0.014452359 0.022235717 0.024476181 0.031220276 0.036427912 0.045301128 0.049826111 0.058197873 0.068985015 0.077958937 0.087755772 0.096619435 0.10471434 0.11152531 0.122238781 0.130939286 0.130042322 0.135376956 0.144731317 0.154375581 0.159200117 0.157032583 0.165585981 0.168912876 0.172612776 0.170574896 0.176476235 0.175301946 0.180721647 0.184818844 0.188034819 0.20281445 0.207800435 0.210992385 0.229397267 0.239372992 0.257305531 0.27316022 0.28844818 0.325432476 0.340824252 0.368671976 0.408665908 0.35485052 0.736479976 0.970433493 1.718769537 7.775286977 23.35615615
394.78 0 0 0 0 0 0 0 0 0 0 0 0 0 0 0 0 0 0 0 0 0 0 0 0 0 0 0 0 0 0 0 0 0 0 0 0 0 0 0 0 0 0 0 0 0 0 0 0 0 0 0 0 0 0 0 0 0 0 0 0 0 0 0 0 0 0 0.014664357 0.018796551 0.02167968 0.021119652 0.030188498 0.034314541 0.042552515 0.049269864 0.058160474 0.06754823 0.073704827 0.083810336 0.093562037 0.104036154 0.113101529 0.118433225 0.12766732 0.131933463 0.138374906 0.148689734 0.153522743 0.1591302 0.164812306 0.164000993 0.169770976 0.173457102 0.172385795 0.177794374 0.176959226 0.17740159 0.18396016 0.182029033 0.188910903 0.198265406 0.202403038 0.223119195 0.234662067 0.238649266 0.264571074 0.280793471 0.321238921 0.328338707 0.347638621 0.3506322 0.395343537 0.420108217 0.540629878 1.091382661 1.597330672 -0.450241059 35.81238483
398.061 0 0 0 0 0 0 0 0 0 0 0 0 0 0 0 0 0 0 0 0 0 0 0 0 0 0 0 0 0 0 0 0 0 0 0 0 0 0 0 0 0 0 0 0 0 0 0 0 0 0 0 0 0 0 0 0 0 0 0 0 0 0 0 0 0 0.010386785 0.013741598 0.017263924 0.0219942 0.027220544 0.031157703 0.038915552 0.045448905 0.052649707 0.05885325 0.071355538 0.077805326 0.086720425 0.100510224 0.105811113 0.114523872 0.125885029 0.13099327 0.135593137 0.140204986 0.148348193 0.151653883 0.16096535 0.166155941 0.166066408 0.171716271 0.173751229 0.175787785 0.177032683 0.176286736 0.178091709 0.176042862 0.181423675 0.183632429 0.188881431 0.204663868 0.213416782 0.23406808 0.236660552 0.252046416 0.291866491 0.287558518 0.301787887 0.32045094 0.301206753 0.341308308 0.352414703 0.492790341 0.218806545 -0.223466884 -3.586429731 5.98343717
401.343 0 0 0 0 0 0 0 0 0 0 0 0 0 0 0 0 0 0 0 0 0 0 0 0 0 0 0 0 0 0 0 0 0 0 0 0 0 0 0 0 0 0 0 0 0 0 0 0 0 0 0 0 0 0 0 0 0 0 0 0 0 0 0 0 0.010877963 0.011036037 0.015438587 0.018648965 0.023788507 0.031087883 0.035678372 0.042799412 0.049414248 0.059924819 0.068040662 0.073898319 0.087147216 0.093922329 0.106634821 0.113936442 0.121989031 0.126108104 0.136646563 0.140954353 0.149829632 0.153444838 0.162163302 0.163161157 0.167217144 0.172268069 0.17574269 0.172195563 0.176143661 0.177605435 0.175946922 0.177851505 0.184924736 0.17440747 0.183483887 0.193677198 0.200005794 0.21647953 0.236045124 0.243906826 0.264164957 0.279625187 0.286402258 0.3083997 0.301462971 0.307795236 0.277551594 0.302116802 0.160187912 0.035663599 -0.451004996 -4.890608851 4.043378162
404.627 0 0 0 0 0 0 0 0 0 0 0 0 0 0 0 0 0 0 0 0 0 0 0 0 0 0 0 0 0 0 0 0 0 0 0 0 0 0 0 0 0 0 0 0 0 0 0 0 0 0 0 0 0 0 0 0 0 0 0 0 0 0 0 0.010654156 0.012012167 0.017177664 0.017002506 0.024167022 0.032693605 0.036585337 0.043133661 0.049841869 0.058226881 0.064403575 0.071619777 0.08183335 0.090367333 0.0993099 0.109310464 0.116208931 0.124978905 0.131282808 0.139180732 0.148062496 0.14922173 0.154953656 0.161267202 0.169047142 0.170999854 0.175912744 0.176874698 0.18234325 0.181516094 0.177877515 0.180407069 0.176790281 0.181580579 0.182135007 0.187576359 0.19898795 0.202237514 0.222975166 0.225505529 0.253636738 0.264595778 0.295436757 0.304321104 0.320564841 0.313930487 0.314388261 0.314395695 0.360029916 0.332569305 0.248421907 -0.831753117 1.554275066 -13.26756734
407.912 0 0 0 0 0 0 0 0 0 0 0 0 0 0 0 0 0 0 0 0 0 0 0 0 0 0 0 0 0 0 0 0 0 0 0 0 0 0 0 0 0 0 0 0 0 0 0 0 0 0 0 0 0 0 0 0 0 0 0 0 0 0 0.014042676 0.013151189 0.018360088 0.021131343 0.027150429 0.032332996 0.036525396 0.043802624 0.04940011 0.057457527 0.065182917 0.071475196 0.083093068 0.090807405 0.100616252 0.109689414 0.116963313 0.123363791 0.133022656 0.139038801 0.147813017 0.151525879 0.154157593 0.162029086 0.165984126 0.171451338 0.176256417 0.176935745 0.181182054 0.181381461 0.180743571 0.184783125 0.183743455 0.179321787 0.183538012 0.191551925 0.188031235 0.207497434 0.216798342 0.225899819 0.238612295 0.260491161 0.273457824 0.287698882 0.321408246 0.349106323 0.3517505 0.368454021 0.352310236 0.413534659 0.489368544 0.476467543 1.608398188 -0.883898763 6.728792307
411.2 0 0 0 0 0 0 0 0 0 0 0 0 0 0 0 0 0 0 0 0 0 0 0 0 0 0 0 0 0 0 0 0 0 0 0 0 0 0 0 0 0 0 0 0 0 0 0 0 0 0 0 0 0 0 0 0 0 0 0 0 0 0.013442051 0.015141674 0.018238042 0.023043097 0.024068491 0.028451495 0.037319497 0.043210289 0.049206911 0.056998444 0.061174715 0.068670522 0.074622691 0.086500997 0.093917735 0.106990572 0.11282425 0.123317843 0.126998549 0.136066475 0.1465486 0.146148277 0.155276058 0.161912172 0.164027932 0.167450152 0.172067692 0.175980228 0.180308395 0.182275413 0.185458222 0.185212891 0.180909511 0.186440757 0.186227377 0.186631045 0.191500812 0.191280408 0.198523082 0.215921105 0.239229059 0.250744955 0.267242966 0.282695333 0.30529157 0.323009705 0.33338126 0.361129647 0.372220125 0.365270975 0.394570584 0.407714744 0.416761414 2.396584017 8.02791474 16.17112499
414.488 0 0 0 0 0 0 0 0 0 0 0 0 0 0 0 0 0 0 0 0 0 0 0 0 0 0 0 0 0 0 0 0 0 0 0 0 0 0 0 0 0 0 0 0 0 0 0 0 0 0 0 0 0 0 0 0 0 0 0 0 0.009610954 0.013405087 0.017241717 0.021736919 0.023907792 0.028908399 0.032729815 0.036494658 0.045423056 0.052752867 0.056888748 0.06644953 0.074340026 0.082071339 0.090363132 0.09920532 0.109239478 0.113698277 0.122216802 0.132897454 0.139012393 0.144653693 0.149186878 0.155202596 0.162182981 0.166492367 0.168255093 0.172575563 0.177700847 0.179939483 0.182272054 0.182828578 0.185043184 0.176182428 0.180358772 0.183677381 0.181601322 0.181578623 0.190155184 0.202860422 0.216965603 0.218598238 0.244877886 0.264605431 0.278403852 0.3001633 0.321818606 0.341296988 0.339434654 0.335222678 0.339188816 0.346852932 0.464826895 0.448853726 -0.212818985 0.202389101 -7.307757436
417.778 0 0 0 0 0 0 0 0 0 0 0 0 0 0 0 0 0 0 0 0 0 0 0 0 0 0 0 0 0 0 0 0 0 0 0 0 0 0 0 0 0 0 0 0 0 0 0 0 0 0 0 0 0 0 0 0 0 0 0 0.008949752 0.009469847 0.013371337 0.017460176 0.021266073 0.026717397 0.030092333 0.035154675 0.041733905 0.047584672 0.055571207 0.059988302 0.069330404 0.079202659 0.085592187 0.092206045 0.100421934 0.10843901 0.116909643 0.125816995 0.13300417 0.135326343 0.142656925 0.14824385 0.153059427 0.158385606 0.162144107 0.167668463 0.173140694 0.172477418 0.179501074 0.176562236 0.17821563 0.180128923 0.179057762 0.173356659 0.178272805 0.182131778 0.19117674 0.180403222 0.198743149 0.20190755 0.220644857 0.236569007 0.24540076 0.271445017 0.279505706 0.300888904 0.316458402 0.324994541 0.318538251 0.322171757 0.385485261 0.259252559 -0.151078285 2.187274052 -5.308163661 -4.695583485
421.069 0 0 0 0 0 0 0 0 0 0 0 0 0 0 0 0 0 0 0 0 0 0 0 0 0 0 0 0 0 0 0 0 0 0 0 0 0 0 0 0 0 0 0 0 0 0 0 0 0 0 0 0 0 0 0 0 0 0 0.00839293 0.010974078 0.012748177 0.016467346 0.019934622 0.027817941 0.029209778 0.034941476 0.04154364 0.046629934 0.053385419 0.062992576 0.067709157 0.074785391 0.083890233 0.091429689 0.099617496 0.103734566 0.109815141 0.118322306 0.125674659 0.134776857 0.14085793 0.147404531 0.152250778 0.158699417 0.15955258 0.166184664 0.166610461 0.172116682 0.175075532 0.17643118 0.17847912 0.183462097 0.175098117 0.176334666 0.178557382 0.171455662 0.181382491 0.184374924 0.188237038 0.193396011 0.205515286 0.235096185 0.243543562 0.252912216 0.273302333 0.293825951 0.319302046 0.312781571 0.306622196 0.302650329 0.281254985 0.233173514 0.230649483 0.118914476 -0.953736981 -3.370186064 -19.73394504
424.362 0 0 0 0 0 0 0 0 0 0 0 0 0 0 0 0 0 0 0 0 0 0 0 0 0 0 0 0 0 0 0 0 0 0 0 0 0 0 0 0 0 0 0 0 0 0 0 0 0 0 0 0 0 0 0 0 0 0.00654881 0.009893206 0.013965387 0.019113377 0.019400754 0.026294229 0.028232059 0.033301242 0.041471586 0.046762736 0.052866617 0.061225049 0.066286123 0.073888552 0.079565583 0.084968534 0.09791054 0.101703826 0.108580878 0.115750928 0.123523271 0.130847399 0.139190443 0.144664224 0.150169612 0.149781026 0.155329113 0.162619744 0.166047794 0.16679906 0.172071485 0.177610823 0.179066318 0.179493692 0.177301605 0.178103937 0.183039615 0.175236968 0.179769912 0.177806192 0.182723364 0.190499639 0.198147264 0.210553498 0.225718977 0.254851105 0.263011431 0.281033658 0.292469533 0.324460981 0.313268671 0.336744393 0.336397902 0.345630964 0.360747767 0.404926334 0.285037737 -0.732308841 -0.791887413 0
427.657 0 0 0 0 0 0 0 0 0 0 0 0 0 0 0 0 0 0 0 0 0 0 0 0 0 0 0 0 0 0 0 0 0 0 0 0 0 0 0 0 0 0 0 0 0 0 0 0 0 0 0 0 0 0 0 0 0.004938035 0.005733767 0.009541913 0.012360494 0.017831131 0.019718117 0.025285606 0.030646362 0.036914526 0.042456946 0.048327004 0.053350035 0.058820507 0.066314581 0.070820515 0.081064621 0.085744655 0.095240356 0.102960535 0.108764731 0.115899834 0.123455851 0.130454521 0.134155678 0.140507492 0.145471936 0.147248717 0.153760932 0.159395357 0.158057431 0.163589239 0.160791487 0.17421028 0.169349041 0.168456802 0.169533526 0.176553192 0.170373592 0.172604108 0.174419453 0.176440295 0.176560512 0.184940809 0.194612005 0.203185214 0.222762599 0.232164364 0.253704478 0.271729168 0.288243118 0.307179627 0.31725449 0.288070039 0.283385212 0.287707324 0.256158456 0.142296152 -0.163907081 -1.702692343 -4.736607083 0
430.952 0 0 0 0 0 0 0 0 0 0 0 0 0 0 0 0 0 0 0 0 0 0 0 0 0 0 0 0 0 0 0 0 0 0 0 0 0 0 0 0 0 0 0 0 0 0 0 0 0 0 0 0 0 0 0 0.00867532 0.009964806 0.011710611 0.015860372 0.018101886 0.02442233 0.029724521 0.034457252 0.03867909 0.043451611 0.047375148 0.055861979 0.062614044 0.067408723 0.076263938 0.080739933 0.089922083 0.096029326 0.102672046 0.107607633 0.116170536 0.122581305 0.125376332 0.134151397 0.139856556 0.146125928 0.149003619 0.151388248 0.158445731 0.162950245 0.161549223 0.170776615 0.17576307 0.173999884 0.171385498 0.172874521 0.172016507 0.172351493 0.177894457 0.178620726 0.178176219 0.184846048 0.192590603 0.188073834 0.199302155 0.223673718 0.228858611 0.248714775 0.277350936 0.280024052 0.305009565 0.311079499 0.321067637 0.359371043 0.327737415 0.42019229 0.372901473 0.494062285 0.65684002 3.350304436 0 0
434.249 0 0 0 0 0 0 0 0 0 0 0 0 0 0 0 0 0 0 0 0 0 0 0 0 0 0 0 0 0 0 0 0 0 0 0 0 0 0 0 0 0 0 0 0 0 0 0 0 0 0 0 0 0 0 0.007351322 0.007927843 0.0084511 0.01461458 0.015222654 0.020450581 0.025987013 0.029834854 0.033033971 0.038691993 0.04483509 0.050187838 0.058294024 0.060563696 0.071459878 0.077171671 0.081943096 0.08934178 0.095748569 0.101035798 0.108398683 0.114961837 0.121904126 0.124574909 0.132976063 0.137279783 0.14174572 0.148265683 0.151271241 0.155223754 0.155315916 0.162131336 0.162110713 0.165302577 0.168672264 0.172293596 0.171041132 0.173086865 0.171806494 0.168907818 0.169043983 0.169929352 0.173224574 0.172117491 0.184968282 0.189060989 0.209025937 0.222799858 0.243329902 0.26988317 0.279277595 0.286540194 0.317800179 0.306575192 0.320124736 0.308600244 0.319401129 0.381510833 0.295269889 0.427283897 -1.277231682 0 0
437.548 0 0 0 0 0 0 0 0 0 0 0 0 0 0 0 0 0 0 0 0 0 0 0 0 0 0 0 0 0 0 0 0 0 0 0 0 0 0 0 0 0 0 0 0 0 0 0 0 0 0 0 0 0 0.009989088 0.009325452 0.011652127 0.012664888 0.017304875 0.020255893 0.024869645 0.028050644 0.03366556 0.039382794 0.045030331 0.047269493 0.055433724 0.061244925 0.066414467 0.072855843 0.080710876 0.087580226 0.09289169 0.098269952 0.106209688 0.112003244 0.115652131 0.123841054 0.128833172 0.133950547 0.139822213 0.146811842 0.153348154 0.151409808 0.152406849 0.160516833 0.162923984 0.163225301 0.163528317 0.173283772 0.173736098 0.173190971 0.173800249 0.170270337 0.169518468 0.171355533 0.172625687 0.171603036 0.18167946 0.189578845 0.191745305 0.215033345 0.225564891 0.252866897 0.268466404 0.288199469 0.301008174 0.313144654 0.323420004 0.324101893 0.32076762 0.34085553 0.344938371 0.550901823 0.492394035 0 0 0
440.848 0 0 0 0 0 0 0 0 0 0 0 0 0 0 0 0 0 0 0 0 0 0 0 0 0 0 0 0 0 0 0 0 0 0 0 0 0 0 0 0 0 0 0 0 0 0 0 0 0 0 0 0 0.009827098 0.010535429 0.011536789 0.010365933 0.015355168 0.01916342 0.01975635 0.027741528 0.029752262 0.034616546 0.042785157 0.048780023 0.050216163 0.05599087 0.063772288 0.06913694 0.076821844 0.081634261 0.08986404 0.095439963 0.101827697 0.107395451 0.113824176 0.119781216 0.122332829 0.127496179 0.131822387 0.140316485 0.143593689 0.145622556 0.152175741 0.15452286 0.156920398 0.161675565 0.158817159 0.163119823 0.164691364 0.165752417 0.166182412 0.170581816 0.169307055 0.167049477 0.170224054 0.170704416 0.174786654 0.179043451 0.185003764 0.201688521 0.208980157 0.231926178 0.240482006 0.264292149 0.289540678 0.303322992 0.312094568 0.306211482 0.325505029 0.361314786 0.335056904 0.392420796 0.517617029 1.127879038 0 0 0
444.149 0 0 0 0 0 0 0 0 0 0 0 0 0 0 0 0 0 0 0 0 0 0 0 0 0 0 0 0 0 0 0 0 0 0 0 0 0 0 0 0 0 0 0 0 0 0 0 0 0 0 0 0.005788144 0.008154442 0.007268669 0.012091084 0.010953855 0.014037306 0.018308934 0.022803251 0.024571028 0.032249621 0.038823784 0.040236034 0.045589787 0.051963551 0.056699351 0.062865319 0.071841363 0.074823824 0.082031138 0.086990087 0.09484975 0.10027356 0.105933355 0.111428021 0.118070939 0.121497246 0.127272875 0.135428654 0.135237266 0.141524625 0.143463239 0.146855147 0.149685726 0.150981687 0.153021671 0.160041414 0.158299369 0.158720789 0.164463667 0.163108987 0.167076276 0.164743378 0.164718133 0.167125247 0.164971434 0.167022524 0.178066564 0.184012091 0.193620478 0.208582017 0.227430375 0.249114315 0.263920246 0.278229963 0.295748509 0.29327707 0.292337172 0.318424766 0.299453945 0.34605347 0.275969775 0.298808166 0 0 0 0
447.451 0 0 0 0 0 0 0 0 0 0 0 0 0 0 0 0 0 0 0 0 0 0 0 0 0 0 0 0 0 0 0 0 0 0 0 0 0 0 0 0 0 0 0 0 0 0 0 0 0 0 0.007629341 0.009707822 0.00996396 0.01233817 0.013474327 0.019167923 0.017651788 0.024184749 0.027353032 0.029669466 0.035789995 0.040165975 0.045929676 0.046228223 0.056913774 0.062179128 0.065910498 0.071339685 0.079557506 0.083237145 0.092079809 0.095694511 0.102598731 0.106087777 0.112502342 0.119033637 0.1205512 0.127120966 0.132225113 0.135937724 0.13980809 0.140316137 0.141997435 0.150309732 0.146409372 0.154635805 0.153151056 0.157011014 0.158856612 0.161330223 0.157906774 0.166511988 0.158224304 0.162923424 0.162379053 0.167701296 0.172211657 0.174011558 0.184134554 0.19675958 0.212509352 0.224890419 0.240547071 0.268943257 0.271282524 0.29255071 0.324108345 0.337677866 0.333321744 0.331459593 0.358941505 0.435238333 0.448100884 0 0 0 0
450.755 0 0 0 0 0 0 0 0 0 0 0 0 0 0 0 0 0 0 0 0 0 0 0 0 0 0 0 0 0 0 0 0 0 0 0 0 0 0 0 0 0 0 0 0 0 0 0 0 0 0.00401632 0.006472572 0.01016826 0.010461942 0.012000851 0.012937698 0.014594325 0.020053214 0.02179172 0.025056591 0.029218723 0.035290645 0.040947865 0.044697438 0.048724787 0.051948804 0.060779722 0.068112363 0.073933029 0.078016029 0.086455855 0.089417544 0.093705528 0.100934394 0.105065154 0.110957146 0.117334153 0.118785483 0.123733474 0.127034179 0.128688466 0.138359404 0.136070728 0.139457851 0.137288986 0.143262696 0.14797572 0.145029657 0.15131437 0.154465424 0.153511259 0.152519091 0.153899594 0.156284455 0.159279372 0.156786607 0.16216256 0.163673241 0.168666938 0.172647859 0.189630473 0.199750422 0.214226521 0.234536518 0.246835961 0.273349245 0.265470696 0.278171688 0.282055345 0.293059141 0.284517927 0.286110502 0.231125756 0 0 0 0 0
454.06 0 0 0 0 0 0 0 0 0 0 0 0 0 0 0 0 0 0 0 0 0 0 0 0 0 0 0 0 0 0 0 0 0 0 0 0 0 0 0 0 0 0 0 0 0 0 0 0 0.006313766 0.003868176 0.005085757 0.009551905 0.011771885 0.012286386 0.013162366 0.019314965 0.020148366 0.022249116 0.026128612 0.030322884 0.036475509 0.037799259 0.045350569 0.049794967 0.058795354 0.06179916 0.065916953 0.069710504 0.077993411 0.082088898 0.089927043 0.093893201 0.098509528 0.103611947 0.105609812 0.113889681 0.118734719 0.121808056 0.125330232 0.128207661 0.132212809 0.13176463 0.136398481 0.140372015 0.140927078 0.140806966 0.145895319 0.146501295 0.14642144 0.149757988 0.149215216 0.149077365 0.14961941 0.149041753 0.153148886 0.156028766 0.159676782 0.161954228 0.16808269 0.182679408 0.191807061 0.208871837 0.227766399 0.244243383 0.257409283 0.265276757 0.268239914 0.285543371 0.280812348 0.289985041 0.26764303 0.268872406 0 0 0 0 0
457.366 0 0 0 0 0 0 0 0 0 0 0 0 0 0 0 0 0 0 0 0 0 0 0 0 0 0 0 0 0 0 0 0 0 0 0 0 0 0 0 0 0 0 0 0 0 0 0 0.003175337 0.003048019 0.006121743 0.008177909 0.009020594 0.011326952 0.012349193 0.017030183 0.019705251 0.02048155 0.024888117 0.030309706 0.03233485 0.038119747 0.038725438 0.044829426 0.053119909 0.054467691 0.062987894 0.066585242 0.071850288 0.077232322 0.081023946 0.088196411 0.09468541 0.098149329 0.10474736 0.107971994 0.108855246 0.115063559 0.117207734 0.12241086 0.12403319 0.128944326 0.131462952 0.132555399 0.133303328 0.137996294 0.141704097 0.14425827 0.144311873 0.144330138 0.144374347 0.144449554 0.148091453 0.149194599 0.144438887 0.148954749 0.151637428 0.155884107 0.160110399 0.170954262 0.183443373 0.190429396 0.209055675 0.234314034 0.238334171 0.249282714 0.262736387 0.271772596 0.277459016 0.287010125 0.270822064 0.249723008 0 0 0 0 0 0
460.673 0 0 0 0 0 0 0 0 0 0 0 0 0 0 0 0 0 0 0 0 0 0 0 0 0 0 0 0 0 0 0 0 0 0 0 0 0 0 0 0 0 0 0 0 0 0 0.006069953 0.005131144 0.007405622 0.00860347 0.010380624 0.011141344 0.014215587 0.018161769 0.017421458 0.021976584 0.023526852 0.027924453 0.033313887 0.034520217 0.037729632 0.046125695 0.048679296 0.051847478 0.058005877 0.064392084 0.068501267 0.074049673 0.080169679 0.08763183 0.086794298 0.091803669 0.098806501 0.100725658 0.103790451 0.108769324 0.1140099 0.112553744 0.121020512 0.12140222 0.125380217 0.130900376 0.130571677 0.1325564 0.133183195 0.138233239 0.136653913 0.141398901 0.141674975 0.145629979 0.145229161 0.142357612 0.143242559 0.148225032 0.146903409 0.146337735 0.155373287 0.159378089 0.165566624 0.174865254 0.197821462 0.208941756 0.216098952 0.238286573 0.253952754 0.254783947 0.273600875 0.283285522 0.284545085 0.277138438 0 0 0 0 0 0 0
463.982 0 0 0 0 0 0 0 0 0 0 0 0 0 0 0 0 0 0 0 0 0 0 0 0 0 0 0 0 0 0 0 0 0 0 0 0 0 0 0 0 0 0 0 0 0 0.004293824 0.003503733 0.006343589 0.006449358 0.00987506 0.010592733 0.015140913 0.015507812 0.018605577 0.017012532 0.021141262 0.025887625 0.027692361 0.031497872 0.036081922 0.040991163 0.043431551 0.051036258 0.053897859 0.057879595 0.064838648 0.067246479 0.072533068 0.076689362 0.081918963 0.086413867 0.089525315 0.096921067 0.10232339 0.103772909 0.105361703 0.10960468 0.112593361 0.116624413 0.116223519 0.120364376 0.123094592 0.12478988 0.126514435 0.125698466 0.128382234 0.134667398 0.133725771 0.136948433 0.136576199 0.135828402 0.13958088 0.139521486 0.136388527 0.144167293 0.146201314 0.148849278 0.158087796 0.166093156 0.175970163 0.1857871 0.200730025 0.220274686 0.229668003 0.240453281 0.25363025 0.269697573 0.257679246 0.251041957 0.276539149 0 0 0 0 0 0 -3.583669748
467.292 0 0 0 0 0 0 0 0 0 0 0 0 0 0 0 0 0 0 0 0 0 0 0 0 0 0 0 0 0 0 0 0 0 0 0 0 0 0 0 0 0 0 0 0 0.003261224 0.004579565 0.007645095 0.006556366 0.009951853 0.010906096 0.012938445 0.013921541 0.01725462 0.0191333 0.021228534 0.024555597 0.02725792 0.030911838 0.035801056 0.036196783 0.040146644 0.044082679 0.051529457 0.052779862 0.059392815 0.061986524 0.066284837 0.075359596 0.075744276 0.082412902 0.086798112 0.087062102 0.094362861 0.098456123 0.101722321 0.105491447 0.108899516 0.109809407 0.114090483 0.117892287 0.119058996 0.119686394 0.124099307 0.125633983 0.125284105 0.126277007 0.127098628 0.132154088 0.133370761 0.132160234 0.139102739 0.134340563 0.137308275 0.137851076 0.13981709 0.137387344 0.149706474 0.156063819 0.163913967 0.175418385 0.186774187 0.194946494 0.213452647 0.235598613 0.237864777 0.249543178 0.253083222 0.270119565 0.274045848 0 0 0 0 0 0 0 4.296157979
470.603 0 0 0 0 0 0 0 0 0 0 0 0 0 0 0 0 0 0 0 0 0 0 0 0 0 0 0 0 0 0 0 0 0 0 0 0 0 0 0 0 0 0 0 0.00204671 0.004697577 0.004345959 0.005503946 0.007102653 0.008098576 0.008650778 0.011461371 0.015011793 0.016977725 0.0171633 0.020080333 0.021950242 0.024971975 0.029424632 0.035098227 0.033970764 0.038633598 0.043167286 0.046555848 0.049885561 0.055961609 0.062125462 0.067819812 0.070719781 0.073045956 0.07836188 0.082712787 0.088736201 0.088383314 0.092925388 0.099046883 0.099614661 0.101265309 0.103541156 0.107892962 0.110089146 0.115057069 0.116276257 0.116050953 0.116624895 0.11538942 0.118479678 0.125099412 0.124537041 0.123194927 0.126652995 0.122238282 0.127356003 0.130195886 0.127512155 0.130042906 0.138349803 0.139758769 0.141800841 0.147711457 0.159533201 0.176397573 0.192223008 0.1966747 0.22027613 0.219175553 0.220829222 0.240647837 0.228737465 0.239095636 0 0 0 0 0 0 -5.293203612 -23.58488374
473.915 0 0 0 0 0 0 0 0 0 0 0 0 0 0 0 0 0 0 0 0 0 0 0 0 0 0 0 0 0 0 0 0 0 0 0 0 0 0 0 0 0 0 0.003397796 0.004849554 0.003434855 0.006593714 0.007086963 0.008775847 0.008091675 0.011320109 0.013798373 0.016618751 0.01986631 0.020703454 0.020493395 0.024724595 0.028523049 0.03100538 0.035802564 0.033875257 0.040135648 0.047331128 0.05382362 0.051899128 0.055788148 0.059324775 0.06543293 0.071937668 0.073989044 0.07971822 0.083203348 0.086184365 0.087386704 0.094204304 0.093517112 0.097152629 0.099779554 0.100637362 0.103095522 0.109446127 0.107801197 0.112136367 0.111924999 0.112790158 0.11505865 0.113301308 0.11468054 0.119194389 0.121519328 0.123722045 0.122472016 0.12759586 0.128939797 0.127872355 0.132748374 0.131083816 0.138149478 0.152975348 0.147087835 0.161669855 0.172584277 0.188390839 0.197770932 0.215995156 0.219305696 0.233745391 0.232481603 0.223185615 0 0 0 0 0 0 0 -1.757993392 -8.530164111
477.228 0 0 0 0 0 0 0 0 0 0 0 0 0 0 0 0 0 0 0 0 0 0 0 0 0 0 0 0 0 0 0 0 0 0 0 0 0 0 0 0 0 0.000279 0.002303503 0.002796482 0.002752523 0.005535986 0.005998668 0.004893997 0.008974234 0.009655545 0.012037322 0.015298578 0.016934146 0.019466193 0.022218325 0.020501765 0.026407328 0.028870439 0.029492008 0.033209816 0.04037117 0.042987311 0.044570424 0.051387516 0.053345666 0.058952431 0.061288383 0.06739656 0.06996589 0.07567416 0.078003043 0.079451767 0.087174942 0.088405206 0.08875252 0.091912699 0.094897558 0.097116354 0.098424004 0.103646196 0.102580273 0.106589724 0.104727118 0.107965989 0.107923269 0.10961653 0.112265461 0.11067111 0.113682526 0.114521837 0.116461631 0.11471135 0.120595674 0.122635532 0.123236526 0.127576264 0.131501332 0.136916893 0.147756133 0.158258292 0.163247588 0.174686595 0.189213178 0.192390155 0.20759171 0.213477887 0.220268486 0.218379913 0 0 0 0 0 0 -2.143066219 -3.469379203 -23.15576513
480.542 0 0 0 0 0 0 0 0 0 0 0 0 0 0 0 0 0 0 0 0 0 0 0 0 0 0 0 0 0 0 0 0 0 0 0 0 0 0 0 0 0.003336755 0.003686879 0.003055941 0.005416964 0.00700359 0.007572418 0.011432152 0.011205687 0.014358835 0.013352486 0.016044731 0.015875754 0.020688164 0.023425297 0.024640647 0.027836196 0.028153743 0.032263406 0.035587072 0.036655896 0.04074244 0.044471379 0.049174931 0.050529462 0.055401882 0.061021841 0.062378892 0.06807666 0.072855675 0.074862876 0.079849827 0.083050992 0.085571237 0.088562512 0.090344373 0.090581362 0.094649962 0.096811635 0.099994204 0.100876403 0.101922826 0.102745018 0.105126344 0.107381534 0.107511386 0.107048898 0.109747509 0.114484447 0.11083274 0.118538611 0.114115023 0.114287141 0.116393027 0.123141004 0.122467446 0.128447636 0.130603193 0.13581141 0.145205808 0.156881689 0.16723774 0.177635335 0.195542241 0.196488351 0.21203741 0.210326165 0.213737009 0 0 0 0 0 0 0 1.126138871 -7.555980122 -5.059439063
483.858 0 0 0 0 0 0 0 0 0 0 0 0 0 0 0 0 0 0 0 0 0 0 0 0 0 0 0 0 0 0 0 0 0 0 0 0 0 0 0 0.002245466 0.003900691 0.003431154 0.00619635 0.006038568 0.007638822 0.009523274 0.009974877 0.011805782 0.011960145 0.015035795 0.018314948 0.020021974 0.020280273 0.022990638 0.024758333 0.02548396 0.027385109 0.031518774 0.03577301 0.037979264 0.041498018 0.044868948 0.048369369 0.051037175 0.054413689 0.062482563 0.058576705 0.066919568 0.070708506 0.073869315 0.082004966 0.081981751 0.082349885 0.085346436 0.087300151 0.089631766 0.091394167 0.092721701 0.095508636 0.094979251 0.098760431 0.099938406 0.097925038 0.101170418 0.102029098 0.104116329 0.108870047 0.110308247 0.109587471 0.11208752 0.110432512 0.116973165 0.116316786 0.117218997 0.120366148 0.120964869 0.131112036 0.12885008 0.140771515 0.148113081 0.16239643 0.171441171 0.189109754 0.196531281 0.204829746 0.217166276 0.215282483 0 0 0 0 0 0 0.07851298 -1.081262421 -1.77611116 -3.661563262
487.174 0 0 0 0 0 0 0 0 0 0 0 0 0 0 0 0 0 0 0 0 0 0 0 0 0 0 0 0 0 0 0 0 0 0 0 0 0 0 0.003815927 0.003797435 0.00507313 0.006026213 0.005321196 0.007348962 0.008285961 0.010224269 0.011763109 0.011372157 0.014697793 0.017136117 0.018550522 0.020838551 0.022739704 0.022002775 0.027436341 0.029610215 0.030436912 0.032904508 0.035178007 0.041841545 0.041802518 0.047361848 0.048601272 0.051908361 0.056390137 0.056695702 0.062090846 0.065512671 0.069647421 0.07184603 0.072496305 0.076862401 0.08178585 0.081691276 0.084089654 0.085536932 0.088008544 0.089686034 0.092179397 0.096881128 0.095554662 0.097150821 0.094021244 0.100091688 0.099663412 0.105247786 0.10396424 0.103909353 0.107080268 0.105713413 0.111409152 0.111768368 0.111873312 0.114508267 0.116927388 0.119974778 0.126085957 0.136321334 0.13633233 0.142513345 0.162686448 0.177933147 0.175566764 0.188065993 0.201995652 0.213793877 0 0 0 0 0 0 0 0.298767082 0.348919141 -2.135772777 -2.841915148
490.492 0 0 0 0 0 0 0 0 0 0 0 0 0 0 0 0 0 0 0 0 0 0 0 0 0 0 0 0 0 0 0 0 0 0 0 0 0 0.004361458 0.003163698 0.005035384 0.005258556 0.006373311 0.007417677 0.008185608 0.010274327 0.009678903 0.012437776 0.014024354 0.014752723 0.016506931 0.021395989 0.019413579 0.022012603 0.024034462 0.026495731 0.029974484 0.03035141 0.033238631 0.03626709 0.040017342 0.041651343 0.045723112 0.05009888 0.051107758 0.05660269 0.059901592 0.060613195 0.062884665 0.067658091 0.070138944 0.072403606 0.077031618 0.080785225 0.082232729 0.082429371 0.083088702 0.087995817 0.086351538 0.090281189 0.092320175 0.09398049 0.094718236 0.095048026 0.094644722 0.096428955 0.09906359 0.097479131 0.101135475 0.101082919 0.104903085 0.107056476 0.107159478 0.106282228 0.110843955 0.114550523 0.118919022 0.120073675 0.126775403 0.133880261 0.148031619 0.159247703 0.165263569 0.178724393 0.185282094 0.192915326 0.200146399 0 0 0 0 0 0 0.289813057 0.094662575 1.980946934 0.231540202 3.779121822
493.81 0 0 0 0 0 0 0 0 0 0 0 0 0 0 0 0 0 0 0 0 0 0 0 0 0 0 0 0 0 0 0 0 0 0 0 0 0.0029219 0.004724769 0.004494107 0.005972758 0.006384008 0.007505471 0.008259817 0.008360498 0.00933873 0.011207865 0.01323363 0.013819607 0.016701126 0.018160822 0.017932226 0.020446365 0.022497068 0.026273445 0.026050109 0.029767559 0.031175329 0.033920057 0.036832908 0.040145169 0.041625628 0.04425788 0.048462049 0.050718439 0.056287909 0.057828921 0.060577155 0.062656102 0.066552258 0.067687143 0.072176435 0.073865013 0.076459263 0.078894456 0.077960978 0.080154635 0.085473694 0.085094228 0.085967217 0.088902819 0.091584217 0.088651281 0.089979844 0.091043137 0.093617013 0.095541532 0.096020486 0.095107149 0.096765375 0.099989289 0.098778654 0.100284752 0.107663469 0.106242042 0.108094297 0.117236521 0.119780425 0.125612824 0.130843781 0.141762617 0.149841242 0.162349192 0.17176166 0.190288027 0.19145837 0 0 0 0 0 0 0 0.252371163 0.330923729 0.596783309 0.012478576 11.14682154
497.13 0 0 0 0 0 0 0 0 0 0 0 0 0 0 0 0 0 0 0 0 0 0 0 0 0 0 0 0 0 0 0 0 0 0 0 0.002928707 0.002491144 0.005037401 0.004670833 0.004901902 0.005728406 0.006139523 0.008024372 0.008063718 0.011026191 0.010597246 0.012860347 0.01358888 0.015688368 0.017644286 0.017904775 0.020360538 0.022166109 0.024263586 0.028509176 0.026885104 0.030257306 0.031813667 0.036767662 0.037638562 0.040018663 0.044280243 0.045644191 0.047690952 0.053543723 0.056932744 0.058008565 0.060557031 0.064506648 0.063133714 0.068247087 0.069397461 0.073591676 0.072649627 0.075802248 0.074379718 0.076975365 0.079421806 0.081025594 0.083006016 0.085392632 0.084374602 0.087364265 0.088771988 0.088242326 0.090251814 0.093073661 0.092147884 0.09683879 0.098240721 0.100330464 0.09758221 0.100690178 0.106388562 0.10607241 0.114069556 0.116962741 0.12322696 0.121021683 0.130584325 0.145088645 0.153856073 0.156524608 0.168093221 0.183341881 0 0 0 0 0 0 0.116753089 0.314874111 0.142667243 1.631468344 4.358832923 -2.286263959
500.451 0 0 0 0 0 0 0 0 0 0 0 0 0 0 0 0 0 0 0 0 0 0 0 0 0 0 0 0 0 0 0 0 0 0 0.005011407 0.007647645 0.004785775 0.005523373 0.00584409 0.007858915 0.006463657 0.009121017 0.009351444 0.011425898 0.011933635 0.015313975 0.014502797 0.017692185 0.019319819 0.020497711 0.020832457 0.025401392 0.022582125 0.027103861 0.027561059 0.030869688 0.032691488 0.035345225 0.03886334 0.040575833 0.042621366 0.045660457 0.048780213 0.051072285 0.053677228 0.055878074 0.058280895 0.059184226 0.06277331 0.06804444 0.065997478 0.072797507 0.069485303 0.073291792 0.073063702 0.075447541 0.077603739 0.077289473 0.081170939 0.080704281 0.082668468 0.083870203 0.08295435 0.088291051 0.084977843 0.089199947 0.092978413 0.090053198 0.093985522 0.093663066 0.097971612 0.096300138 0.102683702 0.104348985 0.104614617 0.11097673 0.114621618 0.121693125 0.133459656 0.129811121 0.14403197 0.163287374 0.167636492 0.167960615 0 0 0 0 0 0 0 0.203298658 0.336605507 0.940579524 0.251401311 2.785962451 20.13478238
503.772 0 0 0 0 0 0 0 0 0 0 0 0 0 0 0 0 0 0 0 0 0 0 0 0 0 0 0 0 0 0 0 0 0 0.001709415 0.0016174 0.003073746 0.004026104 0.003169096 0.004674722 0.006333488 0.007590262 0.008132162 0.009318671 0.00979501 0.010906005 0.012933273 0.013895787 0.014205482 0.016950963 0.017740165 0.02045254 0.023431804 0.024647915 0.025447674 0.026839038 0.027188015 0.029416587 0.034723219 0.03340304 0.04071833 0.039698182 0.041761635 0.04606441 0.044375493 0.051974317 0.054131787 0.057265488 0.058568451 0.059281106 0.061198067 0.065677479 0.067600681 0.068334231 0.070046538 0.069977335 0.073738684 0.074583413 0.076742855 0.0787271 0.078466303 0.075370165 0.078405809 0.079681912 0.081161548 0.082417311 0.083084282 0.086022518 0.084608946 0.086256809 0.091022479 0.091319299 0.094498162 0.093696512 0.096683081 0.101071662 0.10426606 0.107877195 0.115435595 0.122053069 0.125864573 0.140297467 0.141026164 0.156270418 0.165228092 0 0 0 0 0 0 0.17346608 0.152584367 0.101441906 0.033198546 -0.400423255 2.838962551 -16.60046013
507.095 0 0 0 0 0 0 0 0 0 0 0 0 0 0 0 0 0 0 0 0 0 0 0 0 0 0 0 0 0 0 0 0 0.002268915 0.001959234 0.004478579 0.003395387 0.004726652 0.00510643 0.006412572 0.006806671 0.008686964 0.009630956 0.008909958 0.011466112 0.013491117 0.013211651 0.013477747 0.014863634 0.016515325 0.019338458 0.021493629 0.020807592 0.026655833 0.025706513 0.027632057 0.027005357 0.029727617 0.033050231 0.034599 0.0377534 0.039005819 0.042220425 0.042858288 0.047023304 0.050389849 0.05065647 0.053619999 0.054671844 0.058806996 0.061408022 0.062465213 0.064598336 0.067420611 0.066971252 0.070819049 0.070726926 0.070583772 0.074207438 0.073390604 0.076222443 0.076464525 0.07526404 0.077529836 0.07871778 0.082046673 0.080835878 0.08151098 0.08667323 0.085085216 0.088725195 0.089895186 0.08668368 0.092260305 0.096359655 0.100908074 0.10131446 0.103087781 0.113272695 0.116905431 0.127186395 0.130109604 0.140881185 0.153109297 0 0 0 0 0 0 0 0.16398362 0.23325523 0.071013371 0.394528761 -0.351250991 1.245103331 -1.456025219
510.418 0 0 0 0 0 0 0 0 0 0 0 0 0 0 0 0 0 0 0 0 0 0 0 0 0 0 0 0 0 0 0 0.003093937 0.001872567 0.003561858 0.003299175 0.004551874 0.005595264 0.005258833 0.007431665 0.007282713 0.009473271 0.008532087 0.011035453 0.011616453 0.012482329 0.012499687 0.015823236 0.015140717 0.016813743 0.01957398 0.0211054 0.025216306 0.025618563 0.026464618 0.025131835 0.028210713 0.029803739 0.029758595 0.034922187 0.035786507 0.038954949 0.039973769 0.041464679 0.042856351 0.04764091 0.050406908 0.05209254 0.053070047 0.056018385 0.058025528 0.061751433 0.061586641 0.064767612 0.068162314 0.066969304 0.068177561 0.068707529 0.069594014 0.070499788 0.070353324 0.073288744 0.074824762 0.074777595 0.072283558 0.078674974 0.078041431 0.079343919 0.077921176 0.080118912 0.084563932 0.088127622 0.087958216 0.090944917 0.091532893 0.096097182 0.10244172 0.100948162 0.107744745 0.11199383 0.119120807 0.132877591 0.140792389 0.147980301 0 0 0 0 0 0 0.204008337 0.163076063 0.118861527 0.116269057 0.016895515 -0.002337189 3.073915261 -2.937609612
513.742 0 0 0 0 0 0 0 0 0 0 0 0 0 0 0 0 0 0 0 0 0 0 0 0 0 0 0 0 0 0 0.002223776 0.004164524 0.002858554 0.003190445 0.003832226 0.004416912 0.006648365 0.007239385 0.006632633 0.009321272 0.009755367 0.010848595 0.010039378 0.012348991 0.012099479 0.013193709 0.014956924 0.016746291 0.019120481 0.020340445 0.021366638 0.023972 0.024503919 0.024482582 0.027957372 0.027332734 0.031517632 0.032770167 0.034768511 0.038022392 0.037909671 0.041727552 0.044771522 0.043099963 0.04327978 0.048307659 0.049932755 0.051581697 0.053454396 0.058089603 0.058056268 0.061284178 0.06017626 0.061658106 0.063337419 0.065486483 0.06651205 0.068305883 0.069630526 0.070267173 0.069523672 0.06806561 0.070906362 0.07118633 0.071629455 0.074800063 0.078197056 0.077715918 0.080763194 0.078316088 0.087015097 0.082968718 0.08652642 0.09303858 0.092373865 0.098241358 0.098752002 0.103166431 0.10786874 0.115745538 0.126619837 0.130868766 0 0 0 0 0 0 0.168748745 0.146099857 0.171869277 0.170975235 0.174411373 0.594745145 -0.256808203 1.056194627 11.60931658
517.068 0 0 0 0 0 0 0 0 0 0 0 0 0 0 0 0 0 0 0 0 0 0 0 0 0 0 0 0 0 -0.002048169 -0.001400185 -0.000183 0.001229179 0.000684 0.003929497 0.004730852 0.005442777 0.00433772 0.007195863 0.006149347 0.007786219 0.008214451 0.009917729 0.010664969 0.01056977 0.010814433 0.012261232 0.01560353 0.018931034 0.019137594 0.019061066 0.020389894 0.023068456 0.021545003 0.024165332 0.029042496 0.028175639 0.029476451 0.032485918 0.033098748 0.033004676 0.038216881 0.039330812 0.039214908 0.043747894 0.045285816 0.045292809 0.049117768 0.051844863 0.052103575 0.055882594 0.056127547 0.057449643 0.058108462 0.057628357 0.058622748 0.063199511 0.061981553 0.063352002 0.065597936 0.066463655 0.066130945 0.069380622 0.067719428 0.068790069 0.070147012 0.07110107 0.074141855 0.070832701 0.073892331 0.07471577 0.078055548 0.079793451 0.082968209 0.085766026 0.085100819 0.092941456 0.097754771 0.098552721 0.108616065 0.113594472 0.127454877 0 0 0 0 0 0 0.134786324 0.116514235 0.113602692 0.125829973 -0.109722408 -0.19880066 -1.561429055 -4.121071942 -24.92849857
520.394 0 0 0 0 0 0 0 0 0 0 0 0 0 0 0 0 0 0 0 0 0 0 0 0 0 0 0 0 0.004600766 0.004013166 0.005730845 0.006288555 0.005136282 0.006855117 0.007544499 0.007660001 0.00799791 0.008819123 0.009376803 0.011796493 0.009488476 0.010692398 0.012064697 0.01294632 0.014861163 0.015506429 0.017531283 0.014958815 0.018329298 0.021790886 0.020427191 0.023880883 0.025235229 0.025845076 0.02513494 0.027497289 0.03068909 0.032390562 0.033049154 0.034567613 0.035798833 0.036742741 0.041728761 0.041409877 0.045940146 0.046649683 0.048159198 0.050516715 0.055772597 0.052965111 0.055278436 0.054202127 0.057389699 0.058308812 0.06302126 0.060240335 0.06094206 0.060387169 0.063597279 0.063704671 0.065174849 0.066454066 0.065826369 0.06743807 0.067161951 0.06766558 0.07031269 0.074106678 0.072172248 0.07607186 0.076381613 0.078139551 0.08005181 0.085411909 0.089920309 0.093582303 0.094594838 0.098124703 0.102031533 0.106415351 0.125446247 0 0 0 0 0 0 0.136464191 0.165975787 0.139623582 0.172502809 0.176420855 0.1833925 -0.016419085 1.420556607 0.832087231 8.667176426
523.721 0 0 0 0 0 0 0 0 0 0 0 0 0 0 0 0 0 0 0 0 0 0 0 0 0 0 0 -0.00333325 9.61e-05 -1.02e-06 -0.000286 -9.57e-05 0.001500687 0.002873503 -5.35e-06 0.004078835 0.003058963 0.005190001 0.00588706 0.007814546 0.008943169 0.007654185 0.009492148 0.011178735 0.011426362 0.012579077 0.012396327 0.015578418 0.016090984 0.016337744 0.018791208 0.019047921 0.020510336 0.020142297 0.023248108 0.02629505 0.025062344 0.025898984 0.029792006 0.028830076 0.031154483 0.032847787 0.036147992 0.036733549 0.038931916 0.038237792 0.042516921 0.042953517 0.04660117 0.047602961 0.050082116 0.050238105 0.051967151 0.052832636 0.054963562 0.055451702 0.056798827 0.055504788 0.057243572 0.055630557 0.058340647 0.060847549 0.060376491 0.062601713 0.061913995 0.062222218 0.062209875 0.06627605 0.064770755 0.068452105 0.070508774 0.06847695 0.074301378 0.076911409 0.077821581 0.080255403 0.081519558 0.082372093 0.090377126 0.1010294 0.107137359 0 0 0 0 0 0 0.099274403 0.11744275 0.110993804 0.070851032 0.056303482 -0.210664599 -0.723916041 -2.858847808 -5.492315023 -34.00328149
527.048 0 0 0 0 0 0 0 0 0 0 0 0 0 0 0 0 0 0 0 0 0 0 0 0 0 0 0.001234216 0.000966 0.001439377 0.001679587 0.006639321 0.003716115 0.00242314 0.003186114 0.005153861 0.007514935 0.008141367 0.006564447 0.008215885 0.010244985 0.010430846 0.010186607 0.011136176 0.012588284 0.013220393 0.012872226 0.01492356 0.016220693 0.018284527 0.01777106 0.022290598 0.020467173 0.02086378 0.024268528 0.024916279 0.026389412 0.025436282 0.029011148 0.030607489 0.031468559 0.034573209 0.036123303 0.036179997 0.037070534 0.040014555 0.038859956 0.044955391 0.043608838 0.048792899 0.047115263 0.048754097 0.051055649 0.051697128 0.052443485 0.053024284 0.055129814 0.053214398 0.05531011 0.059272452 0.058167545 0.059775755 0.061030928 0.05938485 0.061030588 0.060354211 0.062789624 0.06512556 0.063790127 0.066566419 0.067783647 0.070659851 0.070719187 0.07346722 0.07698172 0.079305819 0.082599985 0.084778515 0.090895419 0.093353237 0.103735599 0 0 0 0 0 0 0.13779042 0.117501502 0.100139635 0.131363921 0.148337998 0.103207667 0.079233129 0.068285798 -1.747062709 -1.481697873 -6.256885042
530.377 0 0 0 0 0 0 0 0 0 0 0 0 0 0 0 0 0 0 0 0 0 0 0 0 0 0.000581 0.004034098 0.006128252 0.006816682 0.003853276 0.006261016 0.00725725 0.007449419 0.007388796 0.008696336 0.006346736 0.009079301 0.010859066 0.01012386 0.010499663 0.010432789 0.012192999 0.013230684 0.01288013 0.01611046 0.013323737 0.017569444 0.020284747 0.018669437 0.018969274 0.021933886 0.021805197 0.021472142 0.025449395 0.024462007 0.028871853 0.028674705 0.027738262 0.031563293 0.031314258 0.033590408 0.037595211 0.035877113 0.038075033 0.038977104 0.039671239 0.044262987 0.044785901 0.045113864 0.047460479 0.048441299 0.048172392 0.051265238 0.049932618 0.05266626 0.053040955 0.051383169 0.053296659 0.057314263 0.053522048 0.057596017 0.05696251 0.05861403 0.057920621 0.060443742 0.061570215 0.060180501 0.062728931 0.066035045 0.067563099 0.067234225 0.068478785 0.069398538 0.073473104 0.07640356 0.076142653 0.085511448 0.088061324 0.092659213 0.096299191 0 0 0 0 0 0 0.124175282 0.126069528 0.135007664 0.191152735 0.16383017 0.159339028 0.297382668 0.32092635 0.533707681 2.775209158 -2.239828324
533.706 0 0 0 0 0 0 0 0 0 0 0 0 0 0 0 0 0 0 0 0 0 0 0 0 -0.000122 0.001055595 0.001232982 0.000643 0.002996053 0.003267696 0.003515412 0.006088327 0.003100087 0.007090155 0.007475849 0.007015372 0.009496838 0.007746787 0.006859113 0.009454189 0.009777635 0.009769249 0.010382885 0.014640721 0.01340003 0.01362508 0.012483029 0.013029728 0.016975021 0.018851121 0.016803872 0.018749369 0.022111354 0.019934472 0.02311337 0.021962028 0.025903892 0.02604515 0.027423797 0.027186468 0.031736921 0.028546109 0.032480838 0.033157774 0.035809703 0.036299716 0.0390989 0.041494814 0.040409333 0.045343534 0.045832566 0.043217196 0.044831286 0.046790997 0.048248009 0.048785633 0.04917973 0.050421256 0.051216327 0.051800505 0.0537217 0.051166286 0.053189749 0.055361006 0.053908654 0.057366622 0.056657085 0.058807569 0.059582498 0.060176036 0.064233434 0.063965006 0.065506797 0.068620479 0.071879125 0.074425053 0.075128892 0.080002211 0.081670444 0 0 0 0 0 0 0.111050796 0.11234342 0.119310351 0.111944012 0.108090994 0.100202874 0.056364453 0.119285148 0.084815763 0.003201714 -6.781347546 25.2362981
537.037 0 0 0 0 0 0 0 0 0 0 0 0 0 0 0 0 0 0 0 0 0 0 0 0.008212463 0.004932658 0.00531608 0.004980994 0.004775819 0.004276853 0.00539119 0.007186862 0.007695174 0.007436713 0.007696813 0.006136595 0.003900222 0.008222601 0.00958555 0.010947792 0.009380242 0.010717718 0.010906352 0.012811857 0.014127214 0.012767569 0.015515803 0.0158836 0.016674605 0.019012924 0.020436393 0.018119129 0.019544484 0.022834603 0.023265187 0.022308827 0.023257221 0.025767754 0.027938825 0.03076246 0.02948017 0.028577598 0.030590004 0.034178288 0.035443544 0.035959595 0.037344904 0.04007026 0.039768786 0.039797392 0.040837233 0.045161207 0.045269856 0.046753483 0.045146965 0.044679674 0.047132161 0.046108058 0.048792661 0.049338828 0.051355895 0.050682132 0.050757073 0.054894858 0.052806599 0.057207908 0.053657489 0.056221231 0.05829035 0.060727917 0.058217262 0.060445225 0.060282831 0.065691863 0.068232483 0.068714785 0.070468189 0.073377448 0.081070144 0.078128314 0 0 0 0 0 0 0.116071659 0.105349793 0.104134684 0.119493389 0.11657024 0.128927467 0.094962894 0.34731175 0.444803854 0.697836189 5.941278553 12.22370952
540.367 0 0 0 0 0 0 0 0 0 0 0 0 0 0 0 0 0 0 0 0 0 0 0.002836738 0.005331086 0.002874303 0.003712407 0.004703718 0.006050091 0.004438006 0.006883011 0.004855406 0.00510424 0.008479368 0.004696363 0.005670967 0.008443453 0.008745759 0.006319963 0.010363614 0.011109182 0.009534309 0.012435494 0.011124182 0.011598456 0.012024761 0.012764429 0.014342494 0.018190158 0.016120915 0.017667587 0.017916446 0.021601747 0.019033853 0.021775368 0.024160992 0.024978076 0.024315288 0.025383001 0.027784125 0.025860018 0.031926144 0.032497353 0.033114905 0.034277114 0.034985161 0.032923077 0.034538673 0.039603997 0.039717624 0.038944301 0.040616495 0.040473835 0.041834671 0.045305031 0.045922265 0.044218926 0.044017062 0.045922151 0.045830838 0.047848553 0.047894415 0.048108098 0.048922027 0.050459066 0.051423942 0.050653789 0.053665266 0.055280504 0.054687439 0.055757481 0.059631205 0.061630727 0.061551941 0.06426782 0.069125306 0.067992383 0.071469144 0.074315173 0 0 0 0 0 0 0.109993891 0.11901627 0.116932045 0.102264583 0.115893585 0.123564857 0.116537761 0.140753101 0.189538586 0.173916449 -0.868574363 -1.073258118 10.48417825
543.699 0 0 0 0 0 0 0 0 0 0 0 0 0 0 0 0 0 0 0 0 0 0.003556568 0.004107898 0.001841464 0.002908049 0.001453093 -0.000232 0.002338963 0.003102233 0.003993701 0.002455378 0.004790857 0.005459404 0.007250083 0.007170777 0.00650049 0.007121037 0.010641158 0.00943676 0.013069686 0.011223429 0.009964648 0.011585107 0.01168187 0.01178557 0.012390543 0.014895574 0.015359817 0.015921895 0.015252146 0.017824426 0.018877097 0.019118642 0.020879266 0.021234195 0.023847846 0.02183382 0.021933196 0.026801661 0.027347005 0.028443951 0.028504505 0.031230677 0.030243927 0.031978774 0.032776578 0.033699584 0.035812519 0.036217783 0.0394683 0.038992813 0.040148806 0.039220864 0.042048027 0.041806185 0.042941279 0.044341883 0.043781797 0.04169727 0.044609057 0.04585313 0.045494612 0.046984268 0.046271704 0.04838077 0.048911069 0.050478383 0.049697583 0.051822909 0.055900522 0.054239505 0.057124326 0.060862096 0.062647455 0.059913292 0.066775148 0.069008026 0.075320132 0 0 0 0 0 0 0.104768341 0.10086051 0.100295461 0.094604465 0.09996393 0.100624267 0.091070516 0.071295239 -0.054484216 0.086634346 -0.329367294 0.193781151 -9.841585063
547.031 0 0 0 0 0 0 0 0 0 0 0 0 0 0 0 0 0 0 0 0 0.005064124 0.000857 0.001235532 0.001323149 0.001401626 0.001342608 0.002924346 0.004261916 0.007443152 0.004025015 0.006733027 0.004541301 0.005851348 0.00560101 0.007469132 0.008913656 0.008290903 0.00800518 0.008889088 0.010748279 0.010747165 0.010724142 0.011299575 0.009356415 0.013031344 0.014092496 0.01546576 0.013362698 0.015263817 0.01692663 0.017056428 0.018954035 0.019131071 0.020705707 0.02030177 0.022098209 0.021934469 0.023287084 0.022154578 0.023468301 0.026942332 0.029578297 0.028370784 0.02737223 0.029181901 0.029532613 0.036177665 0.033736067 0.036087313 0.03652949 0.037527825 0.038919917 0.040729877 0.037838517 0.043504068 0.042829282 0.039097623 0.041110524 0.039900369 0.042692128 0.043722967 0.041522642 0.044138276 0.047700987 0.044208675 0.045196145 0.046714838 0.048156692 0.051655689 0.050405535 0.053440913 0.057942263 0.05546703 0.05706724 0.05901849 0.064709464 0.068200383 0 0 0 0 0 0 0.097467038 0.100520885 0.102013919 0.110167955 0.093136318 0.082592023 0.081387881 0.091806369 0.097879197 0.089601356 -0.176491276 -0.273938291 -0.645863842 4.917483136
550.364 0 0 0 0 0 0 0 0 0 0 0 0 0 0 0 0 0 0 0 -0.000928 0.00045 -0.000292 0.004585133 0.001465752 -0.000642 0.004179795 0.001649504 0.006778976 0.003690512 0.003115024 0.00349001 0.00285885 0.003692835 0.006785974 0.004933764 0.005753234 0.006734577 0.009159994 0.007886935 0.010081212 0.01039789 0.008784368 0.011428769 0.010286878 0.010423494 0.012225295 0.010726998 0.015223835 0.013638348 0.01360526 0.016871588 0.017466319 0.01940679 0.016873977 0.021553981 0.021243357 0.021866832 0.020678729 0.0191593 0.02475016 0.023480349 0.024752089 0.023713489 0.025556726 0.027261019 0.026905355 0.030126174 0.031887535 0.032881038 0.035255033 0.032158272 0.033779556 0.0359226 0.035984316 0.035677892 0.039099251 0.037884318 0.039072525 0.039208595 0.039988307 0.040666971 0.040810626 0.042931955 0.042825482 0.045341145 0.041462538 0.044593596 0.046229641 0.049867748 0.050761977 0.051172102 0.050120103 0.052797211 0.052452722 0.055412457 0.059492682 0.063970496 0 0 0 0 0 0 0.078979314 0.085604695 0.087500805 0.078753694 0.093225741 0.075541536 0.052844626 0.085191544 0.078802633 0.027821976 -0.51456886 -0.445767479 0.186642686 -27.43220318
553.698 0 0 0 0 0 0 0 0 0 0 0 0 0 0 0 0 0 0 0.011368682 0.004670383 0.008139645 0.00798161 0.0060014 0.008188891 0.009931142 0.008775619 0.007817882 0.009655254 0.00807578 0.007941256 0.009121265 0.010735201 0.010078693 0.00986267 0.010084621 0.009409607 0.009945886 0.011403661 0.01044362 0.012637252 0.011487787 0.012001724 0.011867879 0.012329542 0.015410731 0.014866426 0.015651972 0.019807728 0.019808223 0.018076055 0.02025303 0.020441521 0.019573602 0.019989098 0.022496001 0.02229184 0.021899906 0.024363572 0.025172074 0.026513664 0.028490327 0.028733375 0.026892477 0.029639121 0.031274448 0.031047759 0.029230597 0.032552312 0.035032329 0.034588909 0.034872446 0.037621796 0.03663992 0.03856575 0.037108793 0.038703783 0.038657907 0.039526356 0.04090386 0.042156921 0.039144519 0.041757453 0.043079064 0.039666071 0.045715995 0.047438181 0.044181577 0.048006573 0.048198621 0.04809392 0.050898141 0.053307921 0.055470737 0.060685334 0.060052563 0.059442821 0 0 0 0 0 0 0.097027393 0.092832562 0.097521463 0.095050295 0.097940892 0.091979109 0.124182311 0.108283676 0.132927938 0.148368683 0.223265236 0.607137023 -0.276392391 5.780082141 31.76383984
557.032 0 0 0 0 0 0 0 0 0 0 0 0 0 0 0 0 0 0.000489 0.005608822 0.003271917 0.001358932 -0.000876 0.002095078 0.003624153 0.004521309 0.003712453 0.001184711 0.002045566 0.006011888 0.005020077 0.004114766 0.00470049 0.006552168 0.006089307 0.00610408 0.007875037 0.005931103 0.00646427 0.008376978 0.008488912 0.009510027 0.009855222 0.008999238 0.011177288 0.011381755 0.012486631 0.01066649 0.011176777 0.010472845 0.013142161 0.012679841 0.013796873 0.017552309 0.017674221 0.016742478 0.018472753 0.019408102 0.018341922 0.022624289 0.019550461 0.024684471 0.022250857 0.022044937 0.024833384 0.024425673 0.026694675 0.026886817 0.027605125 0.030114554 0.029454417 0.030847306 0.032978499 0.032245652 0.03475337 0.033731427 0.031626954 0.035981731 0.034703554 0.035741151 0.034527641 0.036546189 0.035331314 0.037873594 0.037068525 0.038933247 0.03872924 0.042499265 0.040079444 0.038677918 0.041973401 0.044757826 0.043081615 0.046899853 0.046841744 0.052361259 0.055531807 0 0 0 0 0 0 0.07758393 0.068670688 0.079516015 0.086287132 0.087586365 0.082529232 0.062194082 0.053171563 0.052984789 0.102323355 -0.020644211 -0.23074202 -0.727633337 -7.593862861 5.094988038
560.367 0 0 0 0 0 0 0 0 0 0 0 0 0 0 0 0 0.006152142 0.008290788 0.003549076 0.010522648 0.009116641 0.006145817 0.00745844 0.002300566 0.007411099 0.006354254 0.005850282 0.00801466 0.006711275 0.009586327 0.008790317 0.007439624 0.010607297 0.006957079 0.007294128 0.00707576 0.009241629 0.009347467 0.00976228 0.010532456 0.010477037 0.010615911 0.011039168 0.011919523 0.011512195 0.013354625 0.014141867 0.012441767 0.014776773 0.017034261 0.016162884 0.017023201 0.017310345 0.020427328 0.020571288 0.021228828 0.018560417 0.019824911 0.021258326 0.021678116 0.023963106 0.021875614 0.026192436 0.025075029 0.025461296 0.027261073 0.029393013 0.028731975 0.02988274 0.028939282 0.033135478 0.032438174 0.034153236 0.03437753 0.033423785 0.036117352 0.03503465 0.033161322 0.034526159 0.036076232 0.036250945 0.039102545 0.036862886 0.035068446 0.038739475 0.038595956 0.038531499 0.040093706 0.042377011 0.042593798 0.046750611 0.051150841 0.048272011 0.050912764 0.051844904 0 0 0 0 0 0 0.078522876 0.072879146 0.078695379 0.087670068 0.076436241 0.085947814 0.089862301 0.112024992 0.088664642 0.089906169 0.083134348 0.169019371 0.251415367 -0.000851 2.452713328 0.910181177
563.703 0 0 0 0 0 0 0 0 0 0 0 0 0 0 0 0.003196567 0.0039656 0.005514918 0.006349311 0.011724251 0.004906993 0.006495753 0.004686985 0.001501417 0.00328019 0.00326712 0.00855461 0.004620471 0.005993443 0.007547153 0.007034422 0.006530494 0.006925845 0.004177145 0.008683589 0.007688644 0.007963298 0.009218219 0.009082784 0.007643605 0.008456387 0.009684751 0.011140164 0.009124234 0.009530402 0.011158441 0.011562447 0.011278266 0.0117666 0.014790582 0.015141268 0.015822479 0.01646191 0.014306015 0.016367516 0.015733896 0.019183872 0.016281083 0.021199145 0.021613422 0.021426919 0.020767311 0.021466018 0.02144364 0.024003814 0.025393948 0.025640816 0.025903364 0.02777656 0.02785155 0.026695156 0.031697748 0.030149289 0.030016222 0.030040161 0.028066112 0.031712619 0.031943542 0.030927634 0.033065965 0.031249705 0.032595527 0.032831235 0.034224162 0.033646568 0.037462816 0.038397828 0.039881844 0.038697573 0.040889983 0.041944534 0.040862949 0.043926108 0.044916308 0.047008599 0 0 0 0 0 0 0.072098499 0.066351515 0.077543685 0.072775996 0.075688798 0.078729961 0.074627618 0.067064869 0.062001721 0.087110192 -0.053277409 0.241623316 0.163672855 -0.111786245 -6.569914474 -4.318745171
567.039 0 0 0 0 0 0 0 0 0 0 0 0 0 0 0.004960149 0.006778341 0.004502685 0.003695739 0.001956967 0.000469 0.007701014 0.002815171 0.006414574 0.002876648 0.005535058 0.006944746 0.008713862 0.008704249 0.009143573 0.003837742 0.002558429 0.008619122 0.00388174 0.004782144 0.005396653 0.007641143 0.007341168 0.008339526 0.00841146 0.009312716 0.008161374 0.007660167 0.008833884 0.010205727 0.011442079 0.011331052 0.010284882 0.010950191 0.014086876 0.011803603 0.011680529 0.01377314 0.01725749 0.013101346 0.01601275 0.016768484 0.017219964 0.019281721 0.019759625 0.020384647 0.018128076 0.021647948 0.022321877 0.02104443 0.023219433 0.023140252 0.023695816 0.02343004 0.026086075 0.024897805 0.026742697 0.026206916 0.027458491 0.028377068 0.029231769 0.027054906 0.030989031 0.033615931 0.03086363 0.030798119 0.030776124 0.032740993 0.031775181 0.031882939 0.035621404 0.03487831 0.033369495 0.03189201 0.038446002 0.037118563 0.039046353 0.039444386 0.042061794 0.047071397 0 0 0 0 0 0 0.058375484 0.061735946 0.063994099 0.070336819 0.064149746 0.065832711 0.080863586 0.07380718 0.072081052 0.065714352 0.018677988 0.006907519 -0.09956362 0.073432436 1.314510525 -3.415947822 11.15576587
570.375 0 0 0 0 0 0 0 0 0 0 0 0 0 0.007270233 0.013736269 0.00649313 0.008225687 0.00711903 0.007600908 0.00707396 0.004202971 0.002692698 0.005474995 0.005955609 0.009855487 0.008806593 0.009294018 0.006330433 0.005851811 0.004744824 0.009728791 0.008215583 0.006844942 0.009078793 0.008058057 0.007958555 0.009823975 0.006222371 0.009150202 0.008861933 0.009277828 0.007503692 0.009026823 0.009471886 0.009387516 0.011697635 0.012475061 0.012515827 0.012106154 0.012576113 0.012992875 0.012236278 0.015250641 0.014591907 0.014599763 0.016944972 0.015180081 0.018170039 0.01712796 0.01730138 0.019492867 0.018864972 0.019993966 0.020265948 0.024119178 0.024024338 0.021250695 0.02539679 0.023212557 0.026245607 0.024957347 0.025991571 0.027541654 0.028540696 0.026815816 0.026193651 0.028225215 0.029739675 0.02734931 0.030309347 0.029596072 0.029044696 0.030034153 0.032738039 0.031466633 0.032627909 0.034708782 0.033493042 0.034894891 0.034762817 0.036627856 0.041859639 0.041515938 0.042147992 0 0 0 0 0 0 0.060197508 0.059082642 0.061027855 0.061810166 0.071358462 0.074255093 0.080816071 0.073993743 0.079165249 0.060617903 0.095904912 0.156660217 0.288315985 0.313658428 0.180224704 -3.679123086 21.62761365
573.713 0 0 0 0 0 0 0 0 0 0 0 0 0.006513941 0.002112472 0.014882364 0.007772177 0.013859269 0.009361533 0.007454897 0.004994748 0.004837077 0.006756542 0.007944713 0.00402504 0.008810714 0.007676363 0.00293991 0.006110225 0.007904892 0.006161624 0.008817673 0.008925837 0.003659203 0.007738638 0.004962014 0.004860556 0.005896459 0.006233686 0.00800219 0.007173504 0.006753248 0.0089506 0.008600203 0.009599831 0.010500439 0.008933201 0.009949565 0.009408478 0.012055231 0.011631265 0.011911153 0.014794845 0.01257982 0.015196526 0.013841353 0.01660992 0.012834582 0.016811706 0.018203688 0.016359765 0.017277212 0.018643401 0.019783893 0.020230371 0.019996138 0.020969703 0.02338588 0.021037543 0.022606434 0.0246405 0.024015227 0.025699591 0.022795095 0.022746694 0.026538566 0.026390643 0.027011592 0.027317643 0.029845482 0.026777003 0.027193022 0.029184621 0.029605185 0.029397632 0.028385372 0.030794859 0.030183134 0.031968958 0.031784487 0.033423314 0.033315622 0.039580566 0.037641804 0 0 0 0 0 0 0.050970337 0.04958616 0.05218225 0.063602439 0.061952437 0.058411829 0.069269189 0.066524646 0.072414566 0.089656431 0.073550752 0.11873897 0.075150778 0.021898705 0.315437239 1.043255689 -3.660562831 10.31490858
577.05 0 0 0 0 0 0 0 0 0 0 0 0.014258244 0.008698742 0.009602836 0.010432931 0.008686759 0.010891251 0.006295349 0.011944337 0.012106329 0.01218792 0.011582008 0.013172797 0.007231091 0.007754714 0.010762776 0.008717354 0.007652741 0.00576311 0.006822954 0.00706434 0.008347829 0.007973271 0.007919973 0.009016591 0.009183059 0.009709369 0.010739139 0.008735315 0.008512193 0.008238045 0.009250411 0.009608716 0.009509209 0.010401228 0.01211685 0.010771859 0.009729759 0.010429597 0.012952653 0.014473879 0.013589621 0.015529365 0.013719372 0.014656725 0.017539436 0.016085698 0.016012292 0.017540648 0.017905515 0.016397902 0.017783175 0.020758206 0.022854927 0.021258215 0.021963228 0.022726992 0.023472705 0.023671577 0.023807439 0.025913895 0.024259279 0.023180376 0.024579627 0.024530297 0.025550873 0.025704212 0.025743305 0.02644232 0.029951576 0.026203568 0.028180331 0.027714554 0.029747444 0.029511844 0.030685434 0.031548879 0.030755111 0.032443326 0.036770334 0.032906967 0.035154993 0.040089512 0 0 0 0 0 0 0.051584715 0.056059104 0.060221303 0.062247324 0.0669777 0.066653724 0.071970244 0.068437053 0.08714242 0.069139219 0.088869385 0.058567296 0.061657875 0.151735443 0.461786137 1.449671468 5.341547069 13.77021205
580.388 0 0 0 0 0 0 0 0 0 0 0.003139044 -0.004671889 -2.91e-06 0.003064803 0.000191 0.003252523 0.001921999 0.004758248 0.000321 0.001448434 0.00187124 0.000297 0.000864 0.00041 0.0004 0.003577433 -0.000492 0.005283175 0.006094571 0.003348005 0.000206 0.002174631 0.004021898 0.003054056 0.005962353 0.002928651 0.004577675 0.004033863 0.005528095 0.005679736 0.005721593 0.006421614 0.005613306 0.004478487 0.00796876 0.005638574 0.006579805 0.0099362 0.005242142 0.009671722 0.008252553 0.008042093 0.009645286 0.010338061 0.01037276 0.010137122 0.013897798 0.011446073 0.011378974 0.014022907 0.014280711 0.013572559 0.018484836 0.015285218 0.01572204 0.016572127 0.015885897 0.018327804 0.017894506 0.018755134 0.017996917 0.018573969 0.018946534 0.021144092 0.020517507 0.0206218 0.018843374 0.020908066 0.022466333 0.020847514 0.023875987 0.022321117 0.021842227 0.024034583 0.022673334 0.023132735 0.024980436 0.026549267 0.028240742 0.026284314 0.028603219 0.029273441 0 0 0 0 0 0 0.037045565 0.04084308 0.042820224 0.042010569 0.048453799 0.05235685 0.047432805 0.054123478 0.063303454 0.044946109 0.015891344 7.26e-05 0.011379077 -0.081575474 -0.396263949 -0.073132815 -1.851456901 -6.03017146 -24.20934081
583.727 0 0 0 0 0 0 0 0 0 -0.002567588 0.003550907 0.004862256 0.009635496 0.009549149 0.007968854 0.010798124 0.006113753 0.008136524 0.007426242 0.009311216 0.006371724 0.002689079 0.004317253 0.009689667 0.005318962 0.004459708 0.01026035 0.006440754 0.006749673 0.004845568 0.00640651 0.00385088 0.004921385 0.007620786 0.00652879 0.008733454 0.008062073 0.006934888 0.006162236 0.006322281 0.007657068 0.00825242 0.007674795 0.007724001 0.009831621 0.009022859 0.009510048 0.006629665 0.007513495 0.010451275 0.010282186 0.012294215 0.012968161 0.012436326 0.011705041 0.01459899 0.013931256 0.013873183 0.01452363 0.015227552 0.017931083 0.014326153 0.014588417 0.018150305 0.017877547 0.016601143 0.017682449 0.017527016 0.017766551 0.018480605 0.01950785 0.020411097 0.019859452 0.022112225 0.020656556 0.022513841 0.022007614 0.024467788 0.023609294 0.022069845 0.022230007 0.023228688 0.021847693 0.024702493 0.024752889 0.02473136 0.02744903 0.023694993 0.032018544 0.029842213 0.029806095 0.028523785 0 0 0 0 0 0 0.044010472 0.048311148 0.044088783 0.057055496 0.045630179 0.045130197 0.046352357 0.0554315 0.064461265 0.055838915 0.031622508 0.063966108 0.039451334 0.037384539 0.050077691 0.220945854 -1.096720045 -0.44719776 4.339027569
587.066 0 0 0 0 0 0 0 0 0.006839216 0.008139886 0.005005317 0.003040165 0.010825161 0.007834015 0.012788473 0.012778128 0.00734041 0.004741025 0.002474548 0.004655381 0.0088607 0.00433631 0.001581304 0.005811725 0.009045505 0.007394702 0.006962205 0.004216126 0.008558318 0.005172252 0.006098696 0.005336193 0.007476639 0.005248708 0.004599578 0.00579181 0.005666802 0.008786616 0.007396662 0.008195006 0.007367181 0.005740088 0.00807352 0.007989269 0.008233101 0.007604779 0.009914107 0.008460976 0.010377991 0.010861462 0.009178136 0.012833175 0.010860148 0.010592607 0.013647944 0.011981717 0.010720456 0.01453463 0.014872322 0.01638853 0.014061065 0.01583477 0.015020214 0.012745583 0.015106815 0.017482775 0.017612584 0.021190641 0.018284486 0.017475742 0.019015762 0.019927741 0.020354755 0.019369441 0.021755104 0.020431827 0.021278934 0.019711279 0.020723394 0.023704274 0.021076133 0.024561435 0.022358506 0.023675419 0.025145259 0.0237099 0.026145187 0.026984985 0.028930476 0.026926204 0.028530037 0 0 0 0 0 0 0.041184666 0.040570934 0.046383381 0.042125068 0.045199959 0.044428247 0.05493948 0.050449671 0.063158294 0.060873355 0.059927112 0.043487562 0.07907874 0.093909698 0.152730908 0.17991675 0.239678234 1.090552176 -0.678313736 1.736184087
590.406 0 0 0 0 0 0 0.010838638 0.008943223 0.002229603 0.007141371 0.008637973 0.006142011 0.002183656 0.011967383 0.011234654 0.010727431 0.01077205 0.002912742 0.00833946 0.006327181 0.010365512 0.008162515 0.010764411 0.004193452 0.013304277 0.008887158 0.00740663 0.00982115 0.003634678 0.007947047 0.009816578 0.005290593 0.008470378 0.007355682 0.007529928 0.006821551 0.00690505 0.006583604 0.008522784 0.007778827 0.007345482 0.008387619 0.007656268 0.008071308 0.008433404 0.009431405 0.010287343 0.008392953 0.006684594 0.011055268 0.011909619 0.01196121 0.011707042 0.01285542 0.011901418 0.014376214 0.015392213 0.014517827 0.013374575 0.011788568 0.016208563 0.018499071 0.016036582 0.015062153 0.017901486 0.017501303 0.016705035 0.016732209 0.018548059 0.019260254 0.01820378 0.021408069 0.018386514 0.021098094 0.020810775 0.019006057 0.018918927 0.022217858 0.023655638 0.022920678 0.020669246 0.020452564 0.023526148 0.022049668 0.024241847 0.026435398 0.026082761 0.025393655 0.026109925 0.028189467 0.029753285 0 0 0 0 0 0 0.041176732 0.04130583 0.041512095 0.040156567 0.057195699 0.049313636 0.055516363 0.057573488 0.062692426 0.073337529 0.069956591 0.06548393 0.076439236 0.147920421 0.147502898 0.160024819 0.260986169 1.807586482 1.87090154 13.99360926
593.746 0 0 0 0 0 0.001460418 -0.006182505 -0.003705911 -0.001571201 -0.001742636 -0.005304458 0.000621 -0.000206 0.000586 -0.000751 -0.003111625 -0.003925612 -0.000369 -0.000182 -0.002624601 -0.000792 -0.003057515 0.000143 0.0022481 0.000949 -0.000133 0.003233613 0.000714 0.00251726 0.005926417 0.002421074 0.002814198 0.004173004 0.002493794 0.004263822 0.004047187 0.004518801 0.002955988 0.004694533 0.004875888 0.005469009 0.005173382 0.005756516 0.006643244 0.005943142 0.005921416 0.00600597 0.007846221 0.005994687 0.003384509 0.006452905 0.006851026 0.00556845 0.00775504 0.008786182 0.007631751 0.008820162 0.007533075 0.010602077 0.010713599 0.010289474 0.010009036 0.010263754 0.010614654 0.011070467 0.014090702 0.012148994 0.011708245 0.012148308 0.015456954 0.014735821 0.016017917 0.015149734 0.015049276 0.016972226 0.016906363 0.017376668 0.017424108 0.016457056 0.015944572 0.018130985 0.018719275 0.017616685 0.016584054 0.017810791 0.018098712 0.018458297 0.017987072 0.021171966 0.0223862 0 0 0 0 0 0 0.026191505 0.031437019 0.032362564 0.033955778 0.03343404 0.027912378 0.031907359 0.034642365 0.038061286 0.027309334 0.035853411 0.017227202 0.022583313 0.013123878 -0.045784101 -0.103685884 -0.168434368 -0.505487888 -0.401182088 -5.408192757 -18.43943901
597.086 0 0 0 0 -0.00177288 0.00590134 0.008388325 0.009558806 0.007255114 -0.003959806 0.002146275 0.005415808 0.006467747 0.002750848 0.005905742 0.010360849 0.009163975 0.010627314 0.004242089 0.0090795 0.004474205 0.001530406 0.004436757 0.002130544 0.009159456 0.007466937 0.007657841 0.005175223 0.006125904 0.003760603 0.006053396 0.005782402 0.004207198 0.005217999 0.005512227 0.006782395 0.004183332 0.005092685 0.007335683 0.004747548 0.00742066 0.005753249 0.007278901 0.008102971 0.007403396 0.007814563 0.007778375 0.00720688 0.010414276 0.006329238 0.008537972 0.01177537 0.009138048 0.010448095 0.010335124 0.012237872 0.009994355 0.011308627 0.011308607 0.014280389 0.01269068 0.013728056 0.015172979 0.015920986 0.017455458 0.015514603 0.012408078 0.013722717 0.016310081 0.014471787 0.015370441 0.015142048 0.018633922 0.016590473 0.016976765 0.020374387 0.020142322 0.017914613 0.018255005 0.017468576 0.019760248 0.01944751 0.021288461 0.018014113 0.018275498 0.024367415 0.019622805 0.021598387 0.022236109 0.0247616 0 0 0 0 0 0 0.031296592 0.030824974 0.031509303 0.033882452 0.03269746 0.042165463 0.043429015 0.036058066 0.046075643 0.050944189 0.046807284 0.03589915 0.059313255 0.055010487 0.03873005 0.129248852 0.148080867 0.548338182 -1.067457847 5.688271775 0.969988584
600.427 0 0 0 -0.002654448 -0.000771 -0.005490889 -0.000243 -0.003077173 0.002988698 0.00692061 -0.00152207 0.003381959 0.002666562 0.003188841 -0.005217241 -0.004501922 0.005467729 0.002827417 0.000686 0.002343513 0.002593584 -3.4e-06 0.005259733 0.002741018 -0.000139 0.002391368 0.001782267 0.006351863 0.003756184 0.004492159 0.006790329 0.005865836 0.005223561 0.003440809 0.00445909 0.00456172 0.004322248 0.002807018 0.004938969 0.005161675 0.00549532 0.005095265 0.006455946 0.006632563 0.0059031 0.006124594 0.005238692 0.01017546 0.007669663 0.006169393 0.008580983 0.007726682 0.008816327 0.009266749 0.009962664 0.009372228 0.008543904 0.008648987 0.009054506 0.01049619 0.014475256 0.01125466 0.013260599 0.010337995 0.010985345 0.008945528 0.015078175 0.012913756 0.013499535 0.012500652 0.013888433 0.013535548 0.013256535 0.014614588 0.016377271 0.01708647 0.015888715 0.014892037 0.017682017 0.014335651 0.015697736 0.016178576 0.017207214 0.019443089 0.019185281 0.017448035 0.018545828 0.019548388 0.019877033 0 0 0 0 0 0 0.025153206 0.027201832 0.029513219 0.03197577 0.030151604 0.032157165 0.029725279 0.027087777 0.028078436 0.024663212 0.03981819 0.031037248 0.047926031 0.042054662 0.041233847 0.017606288 -0.106281965 0.217569387 -0.614155786 -0.428615186 -5.776246766 -9.105284075
603.768 0 0 -0.003611328 -0.007493478 -0.013252476 -0.008320724 -0.005406382 -0.010994608 -0.002093027 -0.007221781 -0.000879 -0.005339904 -0.006220478 -0.002013388 -0.005078361 0.003600603 0.003685446 4.91e-06 0.001744375 0.005757855 0.000328 0.002210235 0.005162958 0.00233523 0.004906636 0.004299014 0.003348099 0.001481053 -0.001548961 -0.000121 0.001957435 0.001239204 0.004702968 0.003214666 0.002032994 0.002179455 0.00245216 0.00507872 0.004102654 0.003651633 0.00380383 0.004949869 0.004489092 0.004043795 0.005302324 0.003777844 0.005646966 0.005864325 0.006975697 0.006748176 0.005669721 0.008694153 0.007218887 0.007117062 0.007797267 0.008840043 0.010004248 0.007442394 0.00815349 0.006477595 0.009403863 0.009136189 0.008274119 0.008251285 0.009466264 0.01105307 0.011833139 0.012186727 0.012023589 0.014383769 0.014635973 0.012125575 0.013397368 0.013681011 0.011533135 0.013714759 0.014784958 0.013565685 0.013898705 0.015987505 0.014422132 0.015911716 0.018519461 0.014424958 0.015185569 0.017298878 0.017015621 0.01931522 0.018008103 0 0 0 0 0 0 0.024183169 0.024375767 0.027291183 0.022533864 0.024701192 0.027069431 0.025894601 0.029432557 0.025220503 0.036754724 0.023606966 0.02946098 0.022696234 0.025816199 -0.010993881 0.017832657 -0.03941065 -0.023020607 -0.350358137 -1.343563086 -9.96864706 -29.22158597
607.109 0 0.011279856 -0.003349221 -0.002693784 -0.002612615 -0.006589114 0.002720107 0.002648186 0.004439997 0.000224 -0.002435919 0.00772967 -0.001248793 0.005665857 0.001570039 0.000185 -0.003516644 0.005575836 0.000174 0.004427717 0.00197566 0.002540363 1.41e-06 0.003084489 0.002395968 0.00081 0.001424464 0.003723293 0.00237977 0.006162398 0.002187997 0.00397608 0.003573821 0.004938754 0.004798601 0.003621458 0.004010017 0.003903191 0.005294053 0.00506952 0.004860257 0.005126919 0.004302961 0.005792487 0.007269698 0.00491298 0.006459061 0.005087911 0.007013679 0.005325191 0.00586736 0.008254747 0.006718239 0.009187131 0.007534065 0.009204088 0.009571217 0.010613663 0.007650428 0.008965166 0.012605081 0.010683852 0.009131696 0.013323024 0.012284467 0.01035441 0.010918581 0.013677579 0.011313395 0.012240962 0.013657245 0.012861238 0.015530524 0.013684052 0.013757888 0.01521651 0.012159976 0.01442115 0.013686753 0.014134999 0.015297366 0.014595211 0.015439433 0.017403349 0.01599798 0.016045885 0.016236724 0.017991386 0 0 0 0 0 0 0.023502907 0.026179065 0.021644093 0.028936852 0.030656453 0.02502615 0.028904008 0.034657762 0.031137525 0.023912919 0.04025611 0.031508344 0.025320398 0.057940992 0.042706208 0.041873232 -0.017922167 -0.075647196 -0.091725617 0.155160091 0.35880968 -0.019875187 -0.093619345
610.451 0.013274035 0.007582196 0.006484575 0.004885822 0.004222147 0.004351482 0.001994891 -0.000731 0.00991442 0.008936225 0.005802292 0.006506484 0.009048506 0.010017244 0.00873013 0.0019303 0.007667676 0.006715018 0.009361468 0.010825901 0.006987093 0.00239581 0.009551489 0.003554273 0.007686098 0.006272437 0.005880839 0.007139518 0.005771367 0.007255272 0.007629656 0.005071785 0.00487534 0.006709747 0.008613438 0.006468397 0.004744547 0.009176016 0.005484344 0.004530756 0.005794237 0.005329837 0.005299893 0.006073605 0.00519953 0.009791823 0.006020472 0.007013761 0.008744635 0.008152452 0.009905984 0.010380371 0.008577818 0.010573651 0.006994797 0.009937002 0.007947671 0.011247117 0.010026435 0.0129619 0.010802086 0.009371406 0.011597169 0.013724524 0.01301926 0.014199226 0.014072437 0.011893143 0.011425289 0.013831655 0.014098313 0.016216347 0.010999535 0.013376844 0.014621046 0.017027504 0.016878749 0.014205431 0.015551823 0.016015529 0.017867169 0.014366061 0.013676922 0.017495548 0.018047633 0.015609301 0.018501976 0.018709289 0 0 0 0 0 0 0.020443647 0.024174455 0.022548087 0.027250711 0.032302076 0.02923111 0.038089851 0.035220807 0.034551228 0.03987012 0.029642759 0.033395547 0.044874398 0.049193891 0.046538935 0.075916999 0.09046102 0.091059717 -0.068992588 0.748787307 0.375440434 9.578357019 13.13946335
613.792 -0.000303 -0.00145274 0.000558 -0.001347646 0.001306398 -0.002283169 -0.006673474 0.000961 0.000701 0.0036313 0.007072593 0.002576879 -0.002713186 -0.000808 0.002555663 0.008007456 0.001663904 0.002876823 0.002970429 0.002041147 0.003129117 0.007455191 0.004120211 0.001906189 -0.000423 -0.000407 0.004917627 0.004589167 0.002010975 0.001359574 0.005474453 0.00439496 0.001931332 0.001706158 0.003907677 0.004128421 0.002618651 0.003823974 0.004949128 0.003437225 0.004496652 0.003165984 0.004670399 0.003340579 0.00551209 0.007403479 0.005535982 0.00573349 0.008311618 0.00841784 0.005197656 0.00509815 0.009806738 0.004895867 0.007153771 0.006346231 0.006165853 0.006959983 0.009107735 0.008492649 0.009262851 0.007966286 0.008860724 0.010941672 0.009689506 0.010776102 0.009206778 0.011778288 0.009453612 0.011093289 0.01131807 0.012934806 0.011259826 0.011716136 0.012171068 0.01128621 0.011306566 0.012358998 0.013686367 0.014135619 0.013703105 0.01260287 0.012561561 0.014266974 0.01290971 0.014533433 0.013631224 0 0 0 0 0 0 0.018830782 0.022571786 0.021441195 0.023007094 0.018438031 0.025650864 0.023897675 0.023871343 0.024627587 0.025472105 0.032564889 0.032333912 0.021782121 0.025799303 0.041303974 0.027647173 0.04189427 0.019947904 0.000179 0.229017951 -0.293070466 -0.123294047 -4.402365993 -9.942801559
617.135 0.007633668 -0.001174013 0.001426998 0.001104918 0.006939367 0.005442408 0.003282196 0.006143991 0.00716125 0.008805479 0.004962968 0.006360855 -0.001488259 0.008064306 0.001804089 0.002530646 0.002838198 0.007529251 0.004465956 0.003649627 0.003197093 0.004049516 0.006548254 0.000146 0.006047464 0.004277806 0.00529085 0.005066843 0.007177539 0.002677114 0.003690922 0.00738394 0.002567414 0.001650034 0.004812054 0.006632976 0.003304867 0.005292864 0.005479626 0.005477038 0.004014332 0.005032725 0.006111346 0.006884762 0.005384514 0.007697074 0.007397373 0.005198129 0.007166035 0.002894149 0.007621902 0.00934354 0.008599695 0.007925681 0.007230843 0.007215688 0.008783583 0.005244289 0.009398212 0.009351361 0.010244179 0.009287535 0.008591343 0.010276566 0.010341348 0.011356724 0.01123796 0.009045666 0.010370101 0.011334241 0.010252871 0.011620261 0.01331139 0.011821957 0.012143251 0.012991702 0.014969083 0.011975811 0.014566571 0.011801945 0.014593907 0.014609463 0.017788819 0.013133407 0.018591481 0.013217942 0.017832402 0 0 0 0 0 0 0.022395957 0.021158942 0.025733699 0.023785468 0.023279967 0.02433368 0.026524478 0.02311659 0.030174287 0.037340765 0.02885652 0.026627233 0.034977255 0.044902403 0.043446632 0.074409117 0.033978004 0.067029764 -0.003536187 0.139886592 0.099058018 1.37243946 -0.990986418 33.43052972
