NaN 600 596.73 593.46 590.19 586.92 583.65 580.38 577.11 573.84 570.57 567.3 564.03 560.76 557.49 554.22 550.95 547.68 544.41 541.14 537.87 534.6 531.33 528.06 524.79 521.52 518.25 514.98 511.71 508.44 505.17 501.9 498.63 495.36 492.09 488.82 485.55 482.28 479.01 475.74 472.47 469.2 465.93 462.66 459.39 456.12 452.85 449.58 446.31 443.04 439.77 436.5 433.23 429.96 426.69 423.42 420.15 416.88 413.61 410.34 407.07 403.8 400.53 397.26 393.99 390.72 387.45 384.18 380.91 377.64 374.37 371.1 367.83 364.56 361.29 358.02 354.75 351.48 348.21 344.94 341.67 338.4 335.13 331.86 328.59 325.32 322.05 318.78 315.51 312.24 308.97 305.7 302.43 299.16 295.89 292.62 289.35 286.08 282.81 279.54 276.27 273 269.73 266.46 263.19 259.92 256.65 253.38 250.11 246.84 243.57 240.3 237.03 233.76 230.49 227.22 223.95 220.68
NaN NaN NaN NaN NaN NaN NaN NaN NaN NaN NaN NaN NaN NaN NaN NaN NaN NaN NaN NaN NaN NaN NaN NaN NaN NaN NaN NaN NaN NaN NaN NaN NaN NaN NaN NaN NaN NaN NaN NaN NaN NaN NaN NaN NaN NaN NaN NaN NaN NaN NaN NaN NaN NaN NaN NaN NaN NaN NaN NaN NaN NaN NaN NaN NaN NaN NaN NaN NaN NaN NaN NaN NaN NaN NaN NaN NaN NaN NaN NaN NaN NaN NaN NaN NaN NaN NaN NaN NaN NaN NaN NaN NaN NaN NaN NaN NaN NaN NaN NaN NaN NaN NaN NaN NaN NaN NaN NaN NaN NaN NaN NaN NaN NaN NaN NaN NaN NaN
NaN NaN NaN NaN NaN NaN NaN NaN NaN NaN NaN NaN NaN NaN NaN NaN NaN NaN NaN NaN NaN NaN NaN NaN NaN NaN NaN NaN NaN NaN NaN NaN NaN NaN NaN NaN NaN NaN NaN NaN NaN NaN NaN NaN NaN NaN NaN NaN NaN NaN NaN NaN NaN NaN NaN NaN NaN NaN NaN NaN NaN NaN NaN NaN NaN NaN NaN NaN NaN NaN NaN NaN NaN NaN NaN NaN NaN NaN NaN NaN NaN NaN NaN NaN NaN NaN NaN NaN NaN NaN NaN NaN NaN NaN NaN NaN NaN NaN NaN NaN NaN NaN NaN NaN NaN NaN NaN NaN NaN NaN NaN NaN NaN NaN NaN NaN NaN NaN
210.901 0 0 0 0 0 0 0 0 0 0 0 0 0 0 0 0 0 0 0 0 0 0 0 0 0 0 0 0 0 0 0 0 0 0 0 0 0 0 0 0 0 0 0 0 0 0 0 0 0 0 0 0 0 0 0 0 0 0 0 0 0 0 0 0 0 0 0 0 0 0 0 0 0 0 0 0 0 0 0 0 0 0 0 0 0 0 0 0 0 0 0 0 0 0 0 0 0 0 0 0 0 0 0 0 0 0 0 0 0 0 0 0 0 0 0 0 0
214.065 0 0 0 0 0 0 0 0 0 0 0 0 0 0 0 0 0 0 0 0 0 0 0 0 0 0 0 0 0 0 0 0 0 0 0 0 0 0 0 0 0 0 0 0 0 0 0 0 0 0 0 0 0 0 0 0 0 0 0 0 0 0 0 0 0 0 0 0 0 0 0 0 0 0 0 0 0 0 0 0 0 0 0 0 0 0 0 0 0 0 0 0 0 0 0 0 0 0 0 0 0 0 0 0 0 0 0 0 0 0 0 0 0 0 0 0 0
217.232 0 0 0 0 0 0 0 0 0 0 0 0 0 0 0 0 0 0 0 0 0 0 0 0 0 0 0 0 0 0 0 0 0 0 0 0 0 0 0 0 0 0 0 0 0 0 0 0 0 0 0 0 0 0 0 0 0 0 0 0 0 0 0 0 0 0 0 0 0 0 0 0 0 0 0 0 0 0 0 0 0 0 0 0 0 0 0 0 0 0 0 0 0 0 0 0 0 0 0 0 0 0 0 0 0 0 0 0 0 0 0 0 0 0 0 0 0
220.402 0 0 0 0 0 0 0 0 0 0 0 0 0 0 0 0 0 0 0 0 0 0 0 0 0 0 0 0 0 0 0 0 0 0 0 0 0 0 0 0 0 0 0 0 0 0 0 0 0 0 0 0 0 0 0 0 0 0 0 0 0 0 0 0 0 0 0 0 0 0 0 0 0 0 0 0 0 0 0 0 0 0 0 0 0 0 0 0 0 0 0 0 0 0 0 0 0 0 0 0 0 0 0 0 0 0 0 0 0 0 0 0 0 0 0 0 0
223.574 0 0 0 0 0 0 0 0 0 0 0 0 0 0 0 0 0 0 0 0 0 0 0 0 0 0 0 0 0 0 0 0 0 0 0 0 0 0 0 0 0 0 0 0 0 0 0 0 0 0 0 0 0 0 0 0 0 0 0 0 0 0 0 0 0 0 0 0 0 0 0 0 0 0 0 0 0 0 0 0 0 0 0 0 0 0 0 0 0 0 0 0 0 0 0 0 0 0 0 0 0 0 0 0 0 0 0 0 0 0 0 0 0 0 0 0 0
226.748 0 0 0 0 0 0 0 0 0 0 0 0 0 0 0 0 0 0 0 0 0 0 0 0 0 0 0 0 0 0 0 0 0 0 0 0 0 0 0 0 0 0 0 0 0 0 0 0 0 0 0 0 0 0 0 0 0 0 0 0 0 0 0 0 0 0 0 0 0 0 0 0 0 0 0 0 0 0 0 0 0 0 0 0 0 0 0 0 0 0 0 0 0 0 0 0 0 0 0 0 0 0 0 0 0 0 0 0 0 0 0 0 0 0 0 0 0
229.925 0 0 0 0 0 0 0 0 0 0 0 0 0 0 0 0 0 0 0 0 0 0 0 0 0 0 0 0 0 0 0 0 0 0 0 0 0 0 0 0 0 0 0 0 0 0 0 0 0 0 0 0 0 0 0 0 0 0 0 0 0 0 0 0 0 0 0 0 0 0 0 0 0 0 0 0 0 0 0 0 0 0 0 0 0 0 0 0 0 0 0 0 0 0 0 0 0 0 0 0 0 0 0 0 0 0 0 0 0 0 0 0 0 0 0 0 0
233.104 0 0 0 0 0 0 0 0 0 0 0 0 0 0 0 0 0 0 0 0 0 0 0 0 0 0 0 0 0 0 0 0 0 0 0 0 0 0 0 0 0 0 0 0 0 0 0 0 0 0 0 0 0 0 0 0 0 0 0 0 0 0 0 0 0 0 0 0 0 0 0 0 0 0 0 0 0 0 0 0 0 0 0 0 0 0 0 0 0 0 0 0 0 0 0 0 0 0 0 0 0 0 0 0 0 0 0 0 0 0 0 0 0 0 0 0 -4.945379311
236.285 0 0 0 0 0 0 0 0 0 0 0 0 0 0 0 0 0 0 0 0 0 0 0 0 0 0 0 0 0 0 0 0 0 0 0 0 0 0 0 0 0 0 0 0 0 0 0 0 0 0 0 0 0 0 0 0 0 0 0 0 0 0 0 0 0 0 0 0 0 0 0 0 0 0 0 0 0 0 0 0 0 0 0 0 0 0 0 0 0 0 0 0 0 0 0 0 0 0 0 0 0 0 0 0 0 0 0 0 0 0 0 0 0 0 0 7.362636383 5.787630761
239.469 0 0 0 0 0 0 0 0 0 0 0 0 0 0 0 0 0 0 0 0 0 0 0 0 0 0 0 0 0 0 0 0 0 0 0 0 0 0 0 0 0 0 0 0 0 0 0 0 0 0 0 0 0 0 0 0 0 0 0 0 0 0 0 0 0 0 0 0 0 0 0 0 0 0 0 0 0 0 0 0 0 0 0 0 0 0 0 0 0 0 0 0 0 0 0 0 0 0 0 0 0 0 0 0 0 0 0 0 0 0 0 0 0 0 -0.846969895 -5.229382032 -12.68963606
242.655 0 0 0 0 0 0 0 0 0 0 0 0 0 0 0 0 0 0 0 0 0 0 0 0 0 0 0 0 0 0 0 0 0 0 0 0 0 0 0 0 0 0 0 0 0 0 0 0 0 0 0 0 0 0 0 0 0 0 0 0 0 0 0 0 0 0 0 0 0 0 0 0 0 0 0 0 0 0 0 0 0 0 0 0 0 0 0 0 0 0 0 0 0 0 0 0 0 0 0 0 0 0 0 0 0 0 0 0 0 0 0 0 0 0.266089379 1.232438831 -3.638931279 29.12433063
245.844 0 0 0 0 0 0 0 0 0 0 0 0 0 0 0 0 0 0 0 0 0 0 0 0 0 0 0 0 0 0 0 0 0 0 0 0 0 0 0 0 0 0 0 0 0 0 0 0 0 0 0 0 0 0 0 0 0 0 0 0 0 0 0 0 0 0 0 0 0 0 0 0 0 0 0 0 0 0 0 0 0 0 0 0 0 0 0 0 0 0 0 0 0 0 0 0 0 0 0 0 0 0 0 0 0 0 0 0 0 0 0 0 0.182933013 -0.224912757 0.129364441 0.000194 4.772380988
249.035 0 0 0 0 0 0 0 0 0 0 0 0 0 0 0 0 0 0 0 0 0 0 0 0 0 0 0 0 0 0 0 0 0 0 0 0 0 0 0 0 0 0 0 0 0 0 0 0 0 0 0 0 0 0 0 0 0 0 0 0 0 0 0 0 0 0 0 0 0 0 0 0 0 0 0 0 0 0 0 0 0 0 0 0 0 0 0 0 0 0 0 0 0 0 0 0 0 0 0 0 0 0 0 0 0 0 0 0 0 0 0 0.096822226 0.174680648 -0.164492718 0.77277084 1.552007195 -21.10013622
252.228 0 0 0 0 0 0 0 0 0 0 0 0 0 0 0 0 0 0 0 0 0 0 0 0 0 0 0 0 0 0 0 0 0 0 0 0 0 0 0 0 0 0 0 0 0 0 0 0 0 0 0 0 0 0 0 0 0 0 0 0 0 0 0 0 0 0 0 0 0 0 0 0 0 0 0 0 0 0 0 0 0 0 0 0 0 0 0 0 0 0 0 0 0 0 0 0 0 0 0 0 0 0 0 0 0 0 0 0 0 0 -0.008151127 -0.067885969 -0.364587117 -0.568460803 0.204908884 -0.827153769 -9.245923021
255.423 0 0 0 0 0 0 0 0 0 0 0 0 0 0 0 0 0 0 0 0 0 0 0 0 0 0 0 0 0 0 0 0 0 0 0 0 0 0 0 0 0 0 0 0 0 0 0 0 0 0 0 0 0 0 0 0 0 0 0 0 0 0 0 0 0 0 0 0 0 0 0 0 0 0 0 0 0 0 0 0 0 0 0 0 0 0 0 0 0 0 0 0 0 0 0 0 0 0 0 0 0 0 0 0 0 0 0 0 0 0.019756245 -0.015074096 -0.135950049 -0.244293985 -0.217521124 -0.52572506 3.167729115 -2.360163297
258.621 0 0 0 0 0 0 0 0 0 0 0 0 0 0 0 0 0 0 0 0 0 0 0 0 0 0 0 0 0 0 0 0 0 0 0 0 0 0 0 0 0 0 0 0 0 0 0 0 0 0 0 0 0 0 0 0 0 0 0 0 0 0 0 0 0 0 0 0 0 0 0 0 0 0 0 0 0 0 0 0 0 0 0 0 0 0 0 0 0 0 0 0 0 0 0 0 0 0 0 0 0 0 0 0 0 0 0 0 0.018782074 0.01185608 -0.141315776 -0.230397912 -0.178962017 0.239456313 -0.758478291 2.390525207 -3.332007621
261.821 0 0 0 0 0 0 0 0 0 0 0 0 0 0 0 0 0 0 0 0 0 0 0 0 0 0 0 0 0 0 0 0 0 0 0 0 0 0 0 0 0 0 0 0 0 0 0 0 0 0 0 0 0 0 0 0 0 0 0 0 0 0 0 0 0 0 0 0 0 0 0 0 0 0 0 0 0 0 0 0 0 0 0 0 0 0 0 0 0 0 0 0 0 0 0 0 0 0 0 0 0 0 0 0 0 0 0 0.012623728 0.008277644 -0.066508634 -0.121415338 -0.10264387 -0.123817275 0.372098539 0.224401983 -2.025106984 0.892139815
265.023 0 0 0 0 0 0 0 0 0 0 0 0 0 0 0 0 0 0 0 0 0 0 0 0 0 0 0 0 0 0 0 0 0 0 0 0 0 0 0 0 0 0 0 0 0 0 0 0 0 0 0 0 0 0 0 0 0 0 0 0 0 0 0 0 0 0 0 0 0 0 0 0 0 0 0 0 0 0 0 0 0 0 0 0 0 0 0 0 0 0 0 0 0 0 0 0 0 0 0 0 0 0 0 0 0 0 0.014177624 0.013216928 -0.013841157 -0.141437074 -0.125196927 -0.07088696 0.021657204 -0.092572285 0.645734581 -0.94280735 -13.99857842
268.228 0 0 0 0 0 0 0 0 0 0 0 0 0 0 0 0 0 0 0 0 0 0 0 0 0 0 0 0 0 0 0 0 0 0 0 0 0 0 0 0 0 0 0 0 0 0 0 0 0 0 0 0 0 0 0 0 0 0 0 0 0 0 0 0 0 0 0 0 0 0 0 0 0 0 0 0 0 0 0 0 0 0 0 0 0 0 0 0 0 0 0 0 0 0 0 0 0 0 0 0 0 0 0 0 0 0.012134028 0.004061858 -0.024419339 -0.079109455 -0.170046066 -0.040016132 -0.031105784 -0.021985231 -0.09441597 0.59834585 5.76657272 8.023912131
271.434 0 0 0 0 0 0 0 0 0 0 0 0 0 0 0 0 0 0 0 0 0 0 0 0 0 0 0 0 0 0 0 0 0 0 0 0 0 0 0 0 0 0 0 0 0 0 0 0 0 0 0 0 0 0 0 0 0 0 0 0 0 0 0 0 0 0 0 0 0 0 0 0 0 0 0 0 0 0 0 0 0 0 0 0 0 0 0 0 0 0 0 0 0 0 0 0 0 0 0 0 0 0 0 0 0.010364262 -0.002953071 -1.4e-05 -0.05722277 -0.110122715 -0.07916375 0.065650329 0.122761892 0.029783996 0.441665437 0.42514802 -3.657508192 5.36774009
274.643 0 0 0 0 0 0 0 0 0 0 0 0 0 0 0 0 0 0 0 0 0 0 0 0 0 0 0 0 0 0 0 0 0 0 0 0 0 0 0 0 0 0 0 0 0 0 0 0 0 0 0 0 0 0 0 0 0 0 0 0 0 0 0 0 0 0 0 0 0 0 0 0 0 0 0 0 0 0 0 0 0 0 0 0 0 0 0 0 0 0 0 0 0 0 0 0 0 0 0 0 0 0 0 0.031033498 0.021636457 0.012118039 -0.032960195 -0.090748958 -0.047057704 0.023081209 0.025381342 0.159644986 0.355136106 0.484810351 1.59672572 -0.000184 27.47459468
277.854 0 0 0 0 0 0 0 0 0 0 0 0 0 0 0 0 0 0 0 0 0 0 0 0 0 0 0 0 0 0 0 0 0 0 0 0 0 0 0 0 0 0 0 0 0 0 0 0 0 0 0 0 0 0 0 0 0 0 0 0 0 0 0 0 0 0 0 0 0 0 0 0 0 0 0 0 0 0 0 0 0 0 0 0 0 0 0 0 0 0 0 0 0 0 0 0 0 0 0 0 0 0 0.029265308 0.033919464 0.023579588 -0.033009624 -0.069826305 -0.049678153 -0.004830256 0.054468447 0.033296595 0.028448337 0.022777372 0.116529341 2.217810256 5.687833102 10.04594417
281.068 0 0 0 0 0 0 0 0 0 0 0 0 0 0 0 0 0 0 0 0 0 0 0 0 0 0 0 0 0 0 0 0 0 0 0 0 0 0 0 0 0 0 0 0 0 0 0 0 0 0 0 0 0 0 0 0 0 0 0 0 0 0 0 0 0 0 0 0 0 0 0 0 0 0 0 0 0 0 0 0 0 0 0 0 0 0 0 0 0 0 0 0 0 0 0 0 0 0 0 0 0 0.043235129 0.044066273 0.030834367 0.013076771 -0.056984313 -0.049423728 0.032297983 0.039870034 0.044409132 0.054415112 0.063554239 0.263196428 0.038663209 1.650394062 0.982523183 19.06431791
284.283 0 0 0 0 0 0 0 0 0 0 0 0 0 0 0 0 0 0 0 0 0 0 0 0 0 0 0 0 0 0 0 0 0 0 0 0 0 0 0 0 0 0 0 0 0 0 0 0 0 0 0 0 0 0 0 0 0 0 0 0 0 0 0 0 0 0 0 0 0 0 0 0 0 0 0 0 0 0 0 0 0 0 0 0 0 0 0 0 0 0 0 0 0 0 0 0 0 0 0 0 0.069777192 0.065133022 0.052864944 0.018914421 -0.010756012 -0.027035292 0.024081319 0.027645001 0.051285608 0.018944523 0.057438678 0.066065159 0.222176775 0.247599377 0.963365634 2.658371337 0.830093356
287.501 0 0 0 0 0 0 0 0 0 0 0 0 0 0 0 0 0 0 0 0 0 0 0 0 0 0 0 0 0 0 0 0 0 0 0 0 0 0 0 0 0 0 0 0 0 0 0 0 0 0 0 0 0 0 0 0 0 0 0 0 0 0 0 0 0 0 0 0 0 0 0 0 0 0 0 0 0 0 0 0 0 0 0 0 0 0 0 0 0 0 0 0 0 0 0 0 0 0 0 0.082198453 0.086753273 0.080527841 0.053353171 0.003741694 0.006387378 0.023456806 0.03457833 0.034276597 0.01347117 0.044441924 0.039711633 -0.010235222 0.182972371 -0.169568843 0.119056637 2.387026725 -3.504498926
290.72 0 0 0 0 0 0 0 0 0 0 0 0 0 0 0 0 0 0 0 0 0 0 0 0 0 0 0 0 0 0 0 0 0 0 0 0 0 0 0 0 0 0 0 0 0 0 0 0 0 0 0 0 0 0 0 0 0 0 0 0 0 0 0 0 0 0 0 0 0 0 0 0 0 0 0 0 0 0 0 0 0 0 0 0 0 0 0 0 0 0 0 0 0 0 0 0 0 0 0.104425477 0.124903915 0.126484821 0.099347475 0.053114952 0.059032578 0.046704095 0.061148012 0.078354235 0.063769531 0.057438829 0.065306537 0.114923248 0.09773043 0.093305839 0.313160549 0.874571394 3.744139716 9.610924667
293.942 0 0 0 0 0 0 0 0 0 0 0 0 0 0 0 0 0 0 0 0 0 0 0 0 0 0 0 0 0 0 0 0 0 0 0 0 0 0 0 0 0 0 0 0 0 0 0 0 0 0 0 0 0 0 0 0 0 0 0 0 0 0 0 0 0 0 0 0 0 0 0 0 0 0 0 0 0 0 0 0 0 0 0 0 0 0 0 0 0 0 0 0 0 0 0 0 0 0.107581325 0.136267891 0.147081105 0.142846139 0.102759287 0.067879489 0.063556477 0.091272529 0.074511831 0.077462247 0.065491579 0.069429826 0.118271777 0.098401206 0.115951669 0.176389815 0.343984513 0.229348455 -2.529211688 14.54763375
297.166 0 0 0 0 0 0 0 0 0 0 0 0 0 0 0 0 0 0 0 0 0 0 0 0 0 0 0 0 0 0 0 0 0 0 0 0 0 0 0 0 0 0 0 0 0 0 0 0 0 0 0 0 0 0 0 0 0 0 0 0 0 0 0 0 0 0 0 0 0 0 0 0 0 0 0 0 0 0 0 0 0 0 0 0 0 0 0 0 0 0 0 0 0 0 0 0 0.105292465 0.135806452 0.163093208 0.172416225 0.152486355 0.108114116 0.108913193 0.116144142 0.109369208 0.111557557 0.103674443 0.108155773 0.079735557 0.10108713 0.088030644 0.25142286 0.340710985 0.696464444 1.017127649 11.7947243 8.476185538
300.392 0 0 0 0 0 0 0 0 0 0 0 0 0 0 0 0 0 0 0 0 0 0 0 0 0 0 0 0 0 0 0 0 0 0 0 0 0 0 0 0 0 0 0 0 0 0 0 0 0 0 0 0 0 0 0 0 0 0 0 0 0 0 0 0 0 0 0 0 0 0 0 0 0 0 0 0 0 0 0 0 0 0 0 0 0 0 0 0 0 0 0 0 0 0 0 0.084500237 0.117128353 0.155449683 0.181509623 0.184026002 0.131708276 0.149564194 0.1537109 0.140347456 0.117757374 0.104440736 0.100687433 0.097400008 0.117091842 0.122233921 0.149643812 0.184563009 0.441299892 0.531234807 -0.280127453 5.173622615 15.11965794
303.62 0 0 0 0 0 0 0 0 0 0 0 0 0 0 0 0 0 0 0 0 0 0 0 0 0 0 0 0 0 0 0 0 0 0 0 0 0 0 0 0 0 0 0 0 0 0 0 0 0 0 0 0 0 0 0 0 0 0 0 0 0 0 0 0 0 0 0 0 0 0 0 0 0 0 0 0 0 0 0 0 0 0 0 0 0 0 0 0 0 0 0 0 0 0 0.066052942 0.089935336 0.134028436 0.171711654 0.186614877 0.177758043 0.16286084 0.175369389 0.161940643 0.145229034 0.124496391 0.115363937 0.12104745 0.125031259 0.140780666 0.116001094 0.11503423 0.144796166 0.411021026 0.721151024 0.389718205 -0.221200503 19.96702235
306.85 0 0 0 0 0 0 0 0 0 0 0 0 0 0 0 0 0 0 0 0 0 0 0 0 0 0 0 0 0 0 0 0 0 0 0 0 0 0 0 0 0 0 0 0 0 0 0 0 0 0 0 0 0 0 0 0 0 0 0 0 0 0 0 0 0 0 0 0 0 0 0 0 0 0 0 0 0 0 0 0 0 0 0 0 0 0 0 0 0 0 0 0 0 0.047521463 0.068205863 0.100865469 0.149948387 0.180057959 0.170674879 0.185729692 0.193853099 0.183229514 0.155147489 0.129922252 0.121035017 0.128314315 0.107441855 0.112816726 0.10772937 0.069201654 0.05498581 0.125836532 0.007209773 -0.459095458 -2.622864929 -7.391646498 -24.03424732
310.082 0 0 0 0 0 0 0 0 0 0 0 0 0 0 0 0 0 0 0 0 0 0 0 0 0 0 0 0 0 0 0 0 0 0 0 0 0 0 0 0 0 0 0 0 0 0 0 0 0 0 0 0 0 0 0 0 0 0 0 0 0 0 0 0 0 0 0 0 0 0 0 0 0 0 0 0 0 0 0 0 0 0 0 0 0 0 0 0 0 0 0 0 0.039829018 0.05201812 0.083780996 0.118693098 0.159702197 0.189659664 0.193105296 0.203950956 0.201886561 0.197802099 0.170935942 0.153804186 0.147626476 0.140639687 0.135770954 0.160380723 0.158585477 0.175066165 0.201777132 0.267062614 0.322194523 0.140295697 1.113642438 7.823043905 15.86898385
313.316 0 0 0 0 0 0 0 0 0 0 0 0 0 0 0 0 0 0 0 0 0 0 0 0 0 0 0 0 0 0 0 0 0 0 0 0 0 0 0 0 0 0 0 0 0 0 0 0 0 0 0 0 0 0 0 0 0 0 0 0 0 0 0 0 0 0 0 0 0 0 0 0 0 0 0 0 0 0 0 0 0 0 0 0 0 0 0 0 0 0 0 0.038805215 0.045627108 0.060614934 0.092079111 0.123328686 0.161060741 0.180696568 0.210936207 0.224573887 0.209624074 0.178423414 0.177868865 0.150070489 0.137433083 0.132935057 0.12023829 0.141335412 0.145790894 0.117591666 0.190082771 0.222828243 0.344013238 0.264660143 0.391212388 -7.177857133 -0.717591793
316.553 0 0 0 0 0 0 0 0 0 0 0 0 0 0 0 0 0 0 0 0 0 0 0 0 0 0 0 0 0 0 0 0 0 0 0 0 0 0 0 0 0 0 0 0 0 0 0 0 0 0 0 0 0 0 0 0 0 0 0 0 0 0 0 0 0 0 0 0 0 0 0 0 0 0 0 0 0 0 0 0 0 0 0 0 0 0 0 0 0 0 0.041532239 0.046121813 0.057126248 0.084295379 0.106971441 0.138929952 0.172629747 0.203671564 0.216423171 0.23443694 0.221649258 0.19740997 0.187122777 0.174785393 0.155482339 0.163984562 0.16572822 0.159248531 0.18625933 0.216235634 0.23141566 0.296701045 0.472267741 0.605765329 2.426532876 -0.225573605 44.67425519
319.791 0 0 0 0 0 0 0 0 0 0 0 0 0 0 0 0 0 0 0 0 0 0 0 0 0 0 0 0 0 0 0 0 0 0 0 0 0 0 0 0 0 0 0 0 0 0 0 0 0 0 0 0 0 0 0 0 0 0 0 0 0 0 0 0 0 0 0 0 0 0 0 0 0 0 0 0 0 0 0 0 0 0 0 0 0 0 0 0 0 0.033624684 0.042763143 0.055055903 0.068781579 0.095584098 0.120730823 0.144383411 0.187115163 0.214372864 0.234793004 0.237230218 0.211886674 0.206328182 0.195301033 0.179730935 0.172772884 0.158303408 0.166730834 0.180258089 0.192184905 0.178069019 0.237625112 0.278094432 0.383226879 0.679637408 1.415690684 -0.679916412 23.67220339
323.031 0 0 0 0 0 0 0 0 0 0 0 0 0 0 0 0 0 0 0 0 0 0 0 0 0 0 0 0 0 0 0 0 0 0 0 0 0 0 0 0 0 0 0 0 0 0 0 0 0 0 0 0 0 0 0 0 0 0 0 0 0 0 0 0 0 0 0 0 0 0 0 0 0 0 0 0 0 0 0 0 0 0 0 0 0 0 0 0 0.043427998 0.049239215 0.056175136 0.075716501 0.08971056 0.109502462 0.133358269 0.173955726 0.212440949 0.241849156 0.252371239 0.252662241 0.244961066 0.224166152 0.203333086 0.196489359 0.195720607 0.176538264 0.189406262 0.18387145 0.192028266 0.202676696 0.27629206 0.408418692 0.385118613 0.951539579 1.738207262 4.187320807 19.96132634
326.273 0 0 0 0 0 0 0 0 0 0 0 0 0 0 0 0 0 0 0 0 0 0 0 0 0 0 0 0 0 0 0 0 0 0 0 0 0 0 0 0 0 0 0 0 0 0 0 0 0 0 0 0 0 0 0 0 0 0 0 0 0 0 0 0 0 0 0 0 0 0 0 0 0 0 0 0 0 0 0 0 0 0 0 0 0 0 0 0.042213602 0.046820313 0.059383676 0.073741728 0.087635794 0.104761758 0.130246791 0.157304962 0.201762228 0.229717717 0.262390048 0.259315594 0.250887812 0.235800916 0.228923545 0.208913641 0.199531165 0.205567563 0.198079078 0.173532292 0.196606702 0.221339686 0.228759423 0.266230705 0.298623899 0.460460789 0.844520653 0.296989894 6.435395116 -1.805515176
329.517 0 0 0 0 0 0 0 0 0 0 0 0 0 0 0 0 0 0 0 0 0 0 0 0 0 0 0 0 0 0 0 0 0 0 0 0 0 0 0 0 0 0 0 0 0 0 0 0 0 0 0 0 0 0 0 0 0 0 0 0 0 0 0 0 0 0 0 0 0 0 0 0 0 0 0 0 0 0 0 0 0 0 0 0 0 0 0.047803633 0.054319153 0.064550983 0.076319745 0.092377696 0.107868129 0.125802743 0.156476926 0.190988403 0.235232976 0.258434114 0.273874678 0.27696785 0.271740814 0.258163927 0.236929207 0.234994493 0.226520866 0.217565003 0.216979302 0.218333495 0.24929365 0.254436159 0.269882288 0.301962972 0.457888412 0.588184066 1.108636439 1.512527185 8.014036045 48.85857023
332.763 0 0 0 0 0 0 0 0 0 0 0 0 0 0 0 0 0 0 0 0 0 0 0 0 0 0 0 0 0 0 0 0 0 0 0 0 0 0 0 0 0 0 0 0 0 0 0 0 0 0 0 0 0 0 0 0 0 0 0 0 0 0 0 0 0 0 0 0 0 0 0 0 0 0 0 0 0 0 0 0 0 0 0 0 0 0.045059972 0.049921235 0.065346971 0.076031366 0.092999425 0.106069201 0.126983759 0.137480297 0.179141709 0.2195627 0.25061378 0.276258912 0.28700424 0.289042537 0.283053543 0.271906217 0.254064632 0.241557907 0.238696093 0.226882249 0.235387724 0.240873894 0.238582451 0.259986519 0.271947383 0.418571747 0.435155142 0.72330883 -0.019668371 1.837095831 0.490495079 19.10602113
336.011 0 0 0 0 0 0 0 0 0 0 0 0 0 0 0 0 0 0 0 0 0 0 0 0 0 0 0 0 0 0 0 0 0 0 0 0 0 0 0 0 0 0 0 0 0 0 0 0 0 0 0 0 0 0 0 0 0 0 0 0 0 0 0 0 0 0 0 0 0 0 0 0 0 0 0 0 0 0 0 0 0 0 0 0 0.051738965 0.053447422 0.063677144 0.081595056 0.094965507 0.109364052 0.129970269 0.139418655 0.179878382 0.207024689 0.242747938 0.277127442 0.294567444 0.306604588 0.304313789 0.298363794 0.286415575 0.280173628 0.255358881 0.249953192 0.253421565 0.248238949 0.259851566 0.294733108 0.318450741 0.341172683 0.483709917 0.446715046 0.868074054 1.163022535 0.552229773 2.462404619 37.49566674
339.261 0 0 0 0 0 0 0 0 0 0 0 0 0 0 0 0 0 0 0 0 0 0 0 0 0 0 0 0 0 0 0 0 0 0 0 0 0 0 0 0 0 0 0 0 0 0 0 0 0 0 0 0 0 0 0 0 0 0 0 0 0 0 0 0 0 0 0 0 0 0 0 0 0 0 0 0 0 0 0 0 0 0 0 0.049794568 0.055035311 0.067025844 0.079798966 0.09724283 0.108152297 0.12300687 0.137697417 0.169018745 0.205991768 0.229310183 0.269248437 0.295910587 0.320025252 0.32758892 0.32376392 0.312767696 0.302440755 0.291812043 0.280153524 0.269500273 0.271398194 0.274020405 0.295334606 0.316709687 0.328050949 0.395169326 0.469757782 0.6199734 0.664171842 1.084737661 3.862658247 5.904887589 9.131496105
342.512 0 0 0 0 0 0 0 0 0 0 0 0 0 0 0 0 0 0 0 0 0 0 0 0 0 0 0 0 0 0 0 0 0 0 0 0 0 0 0 0 0 0 0 0 0 0 0 0 0 0 0 0 0 0 0 0 0 0 0 0 0 0 0 0 0 0 0 0 0 0 0 0 0 0 0 0 0 0 0 0 0 0 0.048599768 0.057207949 0.065835051 0.079098613 0.093016709 0.11161379 0.125136214 0.140225416 0.155829273 0.190321062 0.223314075 0.253737636 0.287901878 0.313821754 0.332911884 0.343029008 0.330860292 0.317424139 0.301933404 0.296726436 0.284769291 0.277624912 0.273945308 0.285210906 0.296023916 0.320451971 0.382791398 0.380458653 0.494300917 0.607230885 0.620253509 1.126098766 0.122911469 4.192000996 -3.700259515
345.766 0 0 0 0 0 0 0 0 0 0 0 0 0 0 0 0 0 0 0 0 0 0 0 0 0 0 0 0 0 0 0 0 0 0 0 0 0 0 0 0 0 0 0 0 0 0 0 0 0 0 0 0 0 0 0 0 0 0 0 0 0 0 0 0 0 0 0 0 0 0 0 0 0 0 0 0 0 0 0 0 0 0.046993278 0.057643648 0.066036715 0.08169769 0.096489429 0.118907968 0.130415323 0.150689743 0.168739413 0.199468165 0.221143773 0.255746053 0.283725144 0.306712185 0.335845067 0.347818625 0.36071224 0.342953148 0.341000786 0.343351914 0.310581927 0.309515163 0.294966921 0.305390384 0.309524345 0.337213834 0.368392926 0.422147872 0.47597726 0.557337434 0.712342577 0.869207953 1.115483501 1.982418459 4.477118909 -24.79512485
349.021 0 0 0 0 0 0 0 0 0 0 0 0 0 0 0 0 0 0 0 0 0 0 0 0 0 0 0 0 0 0 0 0 0 0 0 0 0 0 0 0 0 0 0 0 0 0 0 0 0 0 0 0 0 0 0 0 0 0 0 0 0 0 0 0 0 0 0 0 0 0 0 0 0 0 0 0 0 0 0 0 0.050755888 0.060461516 0.073901288 0.088247177 0.101987738 0.115180454 0.134856224 0.155950356 0.168568319 0.193226302 0.22389202 0.250012367 0.274445629 0.310701035 0.336685995 0.354617258 0.372720133 0.370145048 0.371995703 0.352311541 0.348782864 0.342168639 0.323351978 0.330563926 0.337647393 0.350032908 0.372808998 0.450297023 0.494361924 0.540001209 0.590426756 0.732356798 1.212043214 1.645639542 1.317628711 6.549198823 28.84683984
352.278 0 0 0 0 0 0 0 0 0 0 0 0 0 0 0 0 0 0 0 0 0 0 0 0 0 0 0 0 0 0 0 0 0 0 0 0 0 0 0 0 0 0 0 0 0 0 0 0 0 0 0 0 0 0 0 0 0 0 0 0 0 0 0 0 0 0 0 0 0 0 0 0 0 0 0 0 0 0 0 0.055085331 0.064609949 0.075242929 0.087329161 0.1038913 0.128894293 0.139050234 0.159095287 0.176987696 0.197593338 0.22318446 0.2493933 0.273056121 0.30371117 0.329819043 0.356259411 0.377591058 0.384692833 0.389110518 0.385119803 0.36044941 0.365211754 0.358908662 0.353769311 0.354537839 0.356795325 0.392922586 0.425513759 0.493559571 0.533266201 0.595273718 0.737419885 0.841900562 0.896740172 1.150140213 2.108928651 11.29084034 17.27955664
355.537 0 0 0 0 0 0 0 0 0 0 0 0 0 0 0 0 0 0 0 0 0 0 0 0 0 0 0 0 0 0 0 0 0 0 0 0 0 0 0 0 0 0 0 0 0 0 0 0 0 0 0 0 0 0 0 0 0 0 0 0 0 0 0 0 0 0 0 0 0 0 0 0 0 0 0 0 0 0 0.053368537 0.061837464 0.077785514 0.093798696 0.107503663 0.131368319 0.144382132 0.159931953 0.177965776 0.20283939 0.224245986 0.251858496 0.271564764 0.30025554 0.330549974 0.346382691 0.380275193 0.398199381 0.409015094 0.404763865 0.397341102 0.391424804 0.379981129 0.373014228 0.380265038 0.364333502 0.396228459 0.420012877 0.4737036 0.522147738 0.590069396 0.641879517 0.745944156 0.786536486 1.060731066 0.819114933 1.944474843 -0.003698339 -2.917417635
358.798 0 0 0 0 0 0 0 0 0 0 0 0 0 0 0 0 0 0 0 0 0 0 0 0 0 0 0 0 0 0 0 0 0 0 0 0 0 0 0 0 0 0 0 0 0 0 0 0 0 0 0 0 0 0 0 0 0 0 0 0 0 0 0 0 0 0 0 0 0 0 0 0 0 0 0 0 0 0.052297669 0.063013918 0.075598604 0.095601371 0.114539493 0.130961111 0.151925583 0.170437074 0.192689394 0.207123042 0.228534674 0.254372415 0.275239998 0.299829678 0.324662303 0.350477924 0.372889024 0.397093357 0.415150803 0.417082525 0.423028004 0.414059026 0.416833785 0.401652962 0.406398168 0.399487908 0.408632336 0.43492029 0.453146714 0.520953323 0.564353168 0.63492858 0.699206247 0.772868712 0.764890883 0.88710405 1.097397666 0.327706847 0.790554868 -3.906813001
362.061 0 0 0 0 0 0 0 0 0 0 0 0 0 0 0 0 0 0 0 0 0 0 0 0 0 0 0 0 0 0 0 0 0 0 0 0 0 0 0 0 0 0 0 0 0 0 0 0 0 0 0 0 0 0 0 0 0 0 0 0 0 0 0 0 0 0 0 0 0 0 0 0 0 0 0 0 0.052411875 0.062858233 0.079236772 0.097647059 0.11403884 0.135142553 0.15498905 0.175457167 0.195484677 0.218725905 0.240471759 0.260848527 0.28305664 0.312704073 0.331675613 0.352570055 0.380629615 0.399413015 0.42376984 0.440116011 0.444872733 0.436596523 0.433897547 0.434237389 0.433913248 0.443141873 0.438128243 0.458798268 0.482860873 0.510395857 0.570104158 0.633939763 0.697613304 0.78676519 0.79317395 0.948345069 1.164543915 1.192055353 1.853031177 10.09361237 16.87444792
365.325 0 0 0 0 0 0 0 0 0 0 0 0 0 0 0 0 0 0 0 0 0 0 0 0 0 0 0 0 0 0 0 0 0 0 0 0 0 0 0 0 0 0 0 0 0 0 0 0 0 0 0 0 0 0 0 0 0 0 0 0 0 0 0 0 0 0 0 0 0 0 0 0 0 0 0 0.048800348 0.060694709 0.073042519 0.091971512 0.110867381 0.138506976 0.161025259 0.178692552 0.207159894 0.222081663 0.246952466 0.263724363 0.289499977 0.309401126 0.331890605 0.353848112 0.372875835 0.39135992 0.417682995 0.438817502 0.446212057 0.45425943 0.451721593 0.45301117 0.445339751 0.443249874 0.446530509 0.469467765 0.467860398 0.514446366 0.549796002 0.591630318 0.667018418 0.705367336 0.795481694 0.795827292 0.927224087 0.909772286 0.651656762 1.198444505 -2.938150443 -13.81443667
368.591 0 0 0 0 0 0 0 0 0 0 0 0 0 0 0 0 0 0 0 0 0 0 0 0 0 0 0 0 0 0 0 0 0 0 0 0 0 0 0 0 0 0 0 0 0 0 0 0 0 0 0 0 0 0 0 0 0 0 0 0 0 0 0 0 0 0 0 0 0 0 0 0 0 0 0.04961325 0.059067563 0.070311523 0.091521034 0.112846164 0.13929693 0.158936364 0.185551209 0.206025489 0.232183144 0.251091556 0.276812735 0.307133273 0.324433712 0.342758664 0.369570373 0.388004903 0.407009034 0.430927067 0.445031997 0.461185278 0.466956543 0.473392528 0.46946455 0.470252103 0.471157446 0.464737121 0.479559625 0.488292188 0.503341273 0.535021755 0.585828009 0.647901378 0.718710225 0.741614986 0.840537266 0.924948401 0.991021358 0.960966534 1.897919913 1.267969766 5.624810324 0.07869037
371.859 0 0 0 0 0 0 0 0 0 0 0 0 0 0 0 0 0 0 0 0 0 0 0 0 0 0 0 0 0 0 0 0 0 0 0 0 0 0 0 0 0 0 0 0 0 0 0 0 0 0 0 0 0 0 0 0 0 0 0 0 0 0 0 0 0 0 0 0 0 0 0 0 0 0.051955569 0.057075159 0.076076748 0.090291138 0.112180377 0.138844246 0.163381367 0.188221228 0.22000899 0.238511208 0.259758649 0.287032932 0.310231608 0.337601811 0.360379708 0.377985052 0.397033262 0.424533856 0.43897953 0.457946725 0.473797655 0.484782873 0.490966559 0.482452163 0.48974183 0.485657493 0.489326167 0.482409129 0.493352261 0.518325297 0.532736134 0.580453498 0.623433696 0.687005114 0.777544717 0.840026533 0.935412882 1.043626691 0.923395298 1.168341491 2.027588681 1.805406773 2.150354647 10.07575243
375.128 0 0 0 0 0 0 0 0 0 0 0 0 0 0 0 0 0 0 0 0 0 0 0 0 0 0 0 0 0 0 0 0 0 0 0 0 0 0 0 0 0 0 0 0 0 0 0 0 0 0 0 0 0 0 0 0 0 0 0 0 0 0 0 0 0 0 0 0 0 0 0 0 0.05022735 0.059444033 0.074766539 0.091306169 0.115264709 0.137706514 0.156774244 0.193166363 0.217722877 0.243859857 0.270674252 0.301002708 0.325115166 0.353672089 0.376059207 0.3976814 0.426027224 0.437971147 0.45541642 0.469281574 0.498792192 0.509068126 0.520383739 0.521380678 0.518811392 0.526148842 0.51878118 0.519970225 0.523415252 0.529642966 0.560100914 0.594659938 0.629132178 0.681973356 0.76748203 0.850519085 0.909388274 0.955218292 1.074400959 1.146768225 1.402770428 1.906979725 3.084486741 11.30375801 38.8480017
378.399 0 0 0 0 0 0 0 0 0 0 0 0 0 0 0 0 0 0 0 0 0 0 0 0 0 0 0 0 0 0 0 0 0 0 0 0 0 0 0 0 0 0 0 0 0 0 0 0 0 0 0 0 0 0 0 0 0 0 0 0 0 0 0 0 0 0 0 0 0 0 0 0.048239789 0.051690719 0.065054161 0.084476077 0.105471355 0.130559578 0.159481934 0.185536595 0.216436088 0.244660248 0.278605339 0.300369592 0.324727602 0.350732266 0.376383264 0.406037018 0.424212004 0.439151945 0.465676793 0.480135369 0.495999648 0.519734282 0.517434903 0.524911063 0.52772663 0.531286531 0.527485014 0.519275824 0.521718199 0.525898112 0.548135675 0.565624785 0.595403359 0.654139896 0.708042872 0.780789181 0.834540296 0.921426734 0.957117097 0.979811609 1.105945708 0.796193576 1.06291895 -0.197957164 -1.854051219 -11.96767088
381.672 0 0 0 0 0 0 0 0 0 0 0 0 0 0 0 0 0 0 0 0 0 0 0 0 0 0 0 0 0 0 0 0 0 0 0 0 0 0 0 0 0 0 0 0 0 0 0 0 0 0 0 0 0 0 0 0 0 0 0 0 0 0 0 0 0 0 0 0 0 0 0.046086429 0.055337613 0.068227387 0.082176146 0.104279739 0.127101836 0.154467333 0.183322352 0.220041395 0.245655747 0.278061236 0.308832955 0.337846293 0.362171055 0.393301397 0.416581854 0.443094558 0.46309587 0.486863652 0.501482019 0.514642322 0.528995935 0.547588308 0.550718717 0.550998246 0.56199551 0.548141098 0.546967493 0.547925736 0.552325011 0.556770851 0.579989865 0.587231093 0.636128458 0.681442487 0.749717526 0.820878382 0.915048479 0.980793325 1.0650054 1.11589271 1.057913046 1.410062207 1.70609783 2.897695104 6.607372263 -3.871941118
384.947 0 0 0 0 0 0 0 0 0 0 0 0 0 0 0 0 0 0 0 0 0 0 0 0 0 0 0 0 0 0 0 0 0 0 0 0 0 0 0 0 0 0 0 0 0 0 0 0 0 0 0 0 0 0 0 0 0 0 0 0 0 0 0 0 0 0 0 0 0 0.04324702 0.05039697 0.065731553 0.081252657 0.10656165 0.128953475 0.155145619 0.180736875 0.214217845 0.239608232 0.273968486 0.309919672 0.33984034 0.372577911 0.400003829 0.422483866 0.448429736 0.479362049 0.492264236 0.515630355 0.533862503 0.546809796 0.555980756 0.565867985 0.572225991 0.571937964 0.573356155 0.566754654 0.57087293 0.571039264 0.561178744 0.583769523 0.593659477 0.610116486 0.664308237 0.713734898 0.783790197 0.863937661 0.930072777 1.020285087 1.063877297 1.080115026 1.161320867 1.112027082 1.592042072 0.851105679 7.622678785 -4.92886501
388.223 0 0 0 0 0 0 0 0 0 0 0 0 0 0 0 0 0 0 0 0 0 0 0 0 0 0 0 0 0 0 0 0 0 0 0 0 0 0 0 0 0 0 0 0 0 0 0 0 0 0 0 0 0 0 0 0 0 0 0 0 0 0 0 0 0 0 0 0 0.039356319 0.049823894 0.060889528 0.079524818 0.097016314 0.123431551 0.143832769 0.178623575 0.206905544 0.240588318 0.271729637 0.308120313 0.340889744 0.370143534 0.399597682 0.425926779 0.456900883 0.475206755 0.502742968 0.519114752 0.538215782 0.556753068 0.57409417 0.583630075 0.588107582 0.596330215 0.586811645 0.593368347 0.586457341 0.578634598 0.576709894 0.585176739 0.583970596 0.606038003 0.635328323 0.692821537 0.747995734 0.81180468 0.87411823 0.95602982 1.047989688 1.098127544 1.144558339 1.275940544 1.267239306 1.861401201 0.906764362 -3.114313138 -20.1727001
391.5 0 0 0 0 0 0 0 0 0 0 0 0 0 0 0 0 0 0 0 0 0 0 0 0 0 0 0 0 0 0 0 0 0 0 0 0 0 0 0 0 0 0 0 0 0 0 0 0 0 0 0 0 0 0 0 0 0 0 0 0 0 0 0 0 0 0 0 0.041595778 0.048330842 0.058901697 0.073627107 0.093282491 0.117856141 0.140952108 0.168006025 0.19863407 0.23048512 0.264260176 0.297418428 0.331293103 0.36701682 0.394432185 0.42548937 0.44830838 0.475482238 0.500168508 0.52352738 0.545504194 0.559979522 0.582708537 0.592613054 0.597530544 0.602062653 0.595579345 0.602880663 0.594009856 0.581971413 0.589286515 0.578070901 0.594187109 0.604203925 0.62390343 0.635374842 0.700452386 0.750394965 0.817191829 0.910984238 1.003339744 1.033716972 1.096915354 1.108381516 1.207313509 1.039680182 0.962975172 2.286329978 2.040035658 -1.10756992
394.78 0 0 0 0 0 0 0 0 0 0 0 0 0 0 0 0 0 0 0 0 0 0 0 0 0 0 0 0 0 0 0 0 0 0 0 0 0 0 0 0 0 0 0 0 0 0 0 0 0 0 0 0 0 0 0 0 0 0 0 0 0 0 0 0 0 0 0.039733247 0.045846606 0.056925858 0.074194203 0.089327896 0.112609744 0.134546152 0.162576618 0.188608833 0.221839441 0.253266938 0.284979229 0.321934709 0.353940106 0.391962903 0.41980851 0.447763161 0.477785961 0.499811282 0.520902007 0.552477366 0.56924058 0.590462682 0.607433042 0.610310659 0.614740669 0.621206905 0.609863596 0.628313932 0.599785415 0.607518083 0.59199433 0.587403478 0.596729777 0.611952987 0.629829246 0.658291257 0.714534731 0.775704682 0.847477113 0.934980178 1.005135873 1.073318506 1.146622673 1.168444642 1.313649283 1.39898241 1.476294994 0.631571998 -5.321960279 0.044681673
398.061 0 0 0 0 0 0 0 0 0 0 0 0 0 0 0 0 0 0 0 0 0 0 0 0 0 0 0 0 0 0 0 0 0 0 0 0 0 0 0 0 0 0 0 0 0 0 0 0 0 0 0 0 0 0 0 0 0 0 0 0 0 0 0 0 0 0.042487409 0.049441871 0.062423237 0.071667422 0.09081578 0.111790599 0.131639797 0.159519288 0.185229028 0.214018082 0.246847689 0.278891057 0.31293408 0.343649443 0.38195667 0.414010168 0.444338325 0.471915346 0.50109053 0.520510056 0.543659273 0.576632178 0.593548012 0.611691845 0.623548315 0.631616925 0.636409619 0.626107804 0.625674549 0.618906168 0.612517931 0.603278863 0.603728546 0.599235756 0.607708069 0.621130985 0.651784902 0.683365428 0.745232134 0.807241863 0.89778168 0.945480692 1.055872129 1.094544985 1.189323577 1.243760689 1.326780616 1.497433893 1.793865069 3.931009141 5.762667284 14.87311296
401.343 0 0 0 0 0 0 0 0 0 0 0 0 0 0 0 0 0 0 0 0 0 0 0 0 0 0 0 0 0 0 0 0 0 0 0 0 0 0 0 0 0 0 0 0 0 0 0 0 0 0 0 0 0 0 0 0 0 0 0 0 0 0 0 0 0.042495363 0.048496069 0.059893664 0.071089193 0.09077907 0.108240358 0.126754577 0.150769041 0.17640429 0.209007712 0.239440521 0.272039743 0.302857162 0.336367132 0.36809908 0.402133747 0.438066323 0.466895073 0.490182371 0.514825953 0.539104816 0.566878621 0.588409127 0.600215717 0.61948438 0.631669344 0.638901988 0.637856117 0.636504907 0.634416234 0.633744142 0.612248892 0.613627028 0.608157395 0.611888408 0.601234481 0.622815564 0.643161993 0.693902419 0.734723411 0.841192084 0.903778765 0.983160338 1.058421186 1.137373235 1.198244998 1.21727183 1.36087817 1.487124774 1.752986856 1.911445332 8.165980334 19.29564438
404.627 0 0 0 0 0 0 0 0 0 0 0 0 0 0 0 0 0 0 0 0 0 0 0 0 0 0 0 0 0 0 0 0 0 0 0 0 0 0 0 0 0 0 0 0 0 0 0 0 0 0 0 0 0 0 0 0 0 0 0 0 0 0 0 0.039204588 0.046198313 0.056772664 0.069727167 0.085157303 0.102922785 0.124294269 0.14984368 0.172969767 0.2040172 0.234195895 0.263572961 0.298332701 0.327779545 0.361453614 0.398024338 0.420611908 0.457833812 0.489777902 0.510276264 0.540204008 0.558405715 0.580180366 0.604395295 0.627401865 0.633322245 0.649046504 0.660836088 0.653009241 0.647361637 0.636557089 0.635844791 0.635775158 0.612010246 0.612368249 0.617496226 0.617013508 0.634344109 0.677199553 0.706992179 0.759604445 0.834693906 0.916071153 0.999316383 1.0724363 1.137378381 1.174984796 1.241295971 1.3692407 1.374999669 2.211213963 3.192483257 10.10474854 28.31230675
407.912 0 0 0 0 0 0 0 0 0 0 0 0 0 0 0 0 0 0 0 0 0 0 0 0 0 0 0 0 0 0 0 0 0 0 0 0 0 0 0 0 0 0 0 0 0 0 0 0 0 0 0 0 0 0 0 0 0 0 0 0 0 0 0.03801478 0.043271016 0.052902129 0.06569111 0.084167999 0.101625843 0.120189646 0.145138144 0.170597695 0.197617143 0.221482012 0.254663363 0.287324891 0.317927279 0.350825438 0.382397659 0.416747156 0.446046131 0.478129781 0.504447144 0.526079781 0.552898145 0.57506068 0.594310247 0.617996853 0.635559245 0.653906024 0.658066338 0.66092027 0.661974606 0.651336096 0.647892491 0.630985001 0.627977935 0.624315586 0.608840676 0.618940158 0.617238421 0.645885875 0.676429565 0.717932677 0.792772575 0.845046419 0.929034152 1.011782394 1.098629121 1.151140663 1.193073977 1.254426097 1.38708455 1.578677861 1.890899902 4.153627242 6.378621595 14.61714891
411.2 0 0 0 0 0 0 0 0 0 0 0 0 0 0 0 0 0 0 0 0 0 0 0 0 0 0 0 0 0 0 0 0 0 0 0 0 0 0 0 0 0 0 0 0 0 0 0 0 0 0 0 0 0 0 0 0 0 0 0 0 0 0.03435392 0.041311371 0.050449983 0.063218455 0.076904813 0.0939371 0.117115179 0.137757522 0.161700925 0.188655839 0.218859498 0.236722993 0.269984975 0.305534702 0.333431213 0.366865201 0.394698772 0.430511917 0.46046577 0.485443101 0.512816484 0.533264299 0.548943293 0.583186434 0.597514894 0.621572466 0.636129666 0.64917704 0.656855771 0.665288988 0.659162126 0.644513258 0.637357296 0.622205377 0.620625076 0.622192333 0.603824602 0.605450383 0.611197602 0.64683367 0.669106117 0.725057888 0.792492988 0.863452571 0.915154079 1.010610999 1.091758261 1.15616855 1.207406597 1.325290893 1.319226806 1.297495608 1.29400767 1.686749671 -5.31992299 -26.16361733
414.488 0 0 0 0 0 0 0 0 0 0 0 0 0 0 0 0 0 0 0 0 0 0 0 0 0 0 0 0 0 0 0 0 0 0 0 0 0 0 0 0 0 0 0 0 0 0 0 0 0 0 0 0 0 0 0 0 0 0 0 0 0.034067737 0.038212327 0.048654269 0.058242376 0.073424891 0.09112622 0.111174127 0.131644525 0.157553312 0.182236497 0.20687345 0.237121158 0.265991012 0.295907674 0.327256727 0.358411086 0.38487447 0.417420183 0.448512241 0.47540122 0.501361503 0.522105545 0.549858318 0.567656781 0.590734762 0.610040508 0.630060512 0.642054393 0.640609781 0.664086228 0.664955494 0.656724508 0.651284047 0.635075743 0.63040796 0.621834989 0.60924178 0.612847112 0.611494779 0.615333259 0.651037958 0.687507513 0.729993244 0.797415237 0.867971401 0.959875225 1.00995974 1.094625517 1.165486387 1.233967527 1.227799971 1.252117786 1.425295603 1.489346216 2.029657962 7.429721916 28.51330115
417.778 0 0 0 0 0 0 0 0 0 0 0 0 0 0 0 0 0 0 0 0 0 0 0 0 0 0 0 0 0 0 0 0 0 0 0 0 0 0 0 0 0 0 0 0 0 0 0 0 0 0 0 0 0 0 0 0 0 0 0 0.027572292 0.037243867 0.043231914 0.058705631 0.072008826 0.086605961 0.102624157 0.124552075 0.148109858 0.171580493 0.197157707 0.225546296 0.258909461 0.280580964 0.311867301 0.346039882 0.376056578 0.398415013 0.431913446 0.45606463 0.485461276 0.508407827 0.53319543 0.546242706 0.56917228 0.586281147 0.604180146 0.629354157 0.635116982 0.646714267 0.657721361 0.650528913 0.649648355 0.637146295 0.639730107 0.62837605 0.606479102 0.605604801 0.599490159 0.606635781 0.616056962 0.642114613 0.673201243 0.735941224 0.783675058 0.87273329 0.929715647 1.012671662 1.076021549 1.112903671 1.214436378 1.226339055 1.308193988 1.425764751 1.411552997 2.528633229 -3.774221727 -7.829250451
421.069 0 0 0 0 0 0 0 0 0 0 0 0 0 0 0 0 0 0 0 0 0 0 0 0 0 0 0 0 0 0 0 0 0 0 0 0 0 0 0 0 0 0 0 0 0 0 0 0 0 0 0 0 0 0 0 0 0 0 0.027608449 0.034571125 0.042165492 0.052878597 0.066342138 0.080473509 0.09932003 0.115474146 0.13695571 0.16070877 0.185968334 0.218330744 0.241284299 0.271117896 0.302255341 0.332326853 0.359361259 0.384248086 0.410141626 0.43956311 0.465441319 0.48911621 0.519940656 0.536771923 0.555264048 0.573102973 0.590053139 0.606633866 0.628459595 0.631717656 0.651656629 0.647439287 0.652330439 0.646328003 0.638594228 0.62690913 0.619473497 0.606102139 0.596736773 0.588656851 0.596844976 0.607085213 0.636523723 0.686651013 0.723978237 0.805166177 0.871387181 0.941641934 1.026515169 1.073577144 1.152687656 1.216883852 1.200880545 1.278012807 1.210718458 1.102744563 3.084864409 -0.466901935 -2.537384493
424.362 0 0 0 0 0 0 0 0 0 0 0 0 0 0 0 0 0 0 0 0 0 0 0 0 0 0 0 0 0 0 0 0 0 0 0 0 0 0 0 0 0 0 0 0 0 0 0 0 0 0 0 0 0 0 0 0 0 0.026175573 0.03196207 0.039518442 0.050585957 0.063812199 0.076846569 0.09436209 0.111820574 0.133969766 0.152866326 0.17583261 0.20703154 0.229338158 0.259845027 0.286805287 0.322297788 0.344628758 0.373224762 0.396250872 0.419571125 0.452676133 0.472353877 0.494948646 0.522185704 0.540884915 0.552518052 0.575140404 0.587291245 0.605726073 0.625756046 0.634049021 0.6397479 0.646151746 0.645738308 0.646092901 0.63091398 0.621195331 0.603300201 0.599368366 0.587892542 0.595206358 0.595749339 0.609815703 0.634265214 0.683458861 0.730955251 0.792658814 0.889804413 0.945946869 1.008328977 1.065402552 1.162191682 1.152648603 1.249322004 1.288946395 1.507915364 1.478679672 1.618350168 0.931868702 0
427.657 0 0 0 0 0 0 0 0 0 0 0 0 0 0 0 0 0 0 0 0 0 0 0 0 0 0 0 0 0 0 0 0 0 0 0 0 0 0 0 0 0 0 0 0 0 0 0 0 0 0 0 0 0 0 0 0 0.025780008 0.030583136 0.041318121 0.048735238 0.057839759 0.072993524 0.089127173 0.104243874 0.123331767 0.14859454 0.170502344 0.196055934 0.21908269 0.247329525 0.277458363 0.3019953 0.33118217 0.363925297 0.385243445 0.412119818 0.432355626 0.45614916 0.478615258 0.503606862 0.519089829 0.536284174 0.554430954 0.576074292 0.580089439 0.599465146 0.607174084 0.619625336 0.630798097 0.638970502 0.634198655 0.632576407 0.622090959 0.605497934 0.595321701 0.596555392 0.598127949 0.58425931 0.593533714 0.604435774 0.63964272 0.690762763 0.753872667 0.821313652 0.875525802 0.954524203 1.032468027 1.087313026 1.136386056 1.211196251 1.300994991 1.457604138 1.777078426 2.434669616 3.139155388 12.82988681 0
430.952 0 0 0 0 0 0 0 0 0 0 0 0 0 0 0 0 0 0 0 0 0 0 0 0 0 0 0 0 0 0 0 0 0 0 0 0 0 0 0 0 0 0 0 0 0 0 0 0 0 0 0 0 0 0 0 0.021288662 0.025045256 0.033752651 0.037812768 0.053458624 0.066070411 0.075524305 0.096919466 0.110806821 0.133923116 0.15341938 0.180235213 0.202402322 0.228947666 0.256956931 0.287465115 0.31801107 0.340542333 0.366254964 0.389515341 0.411661932 0.43659542 0.458092069 0.475723887 0.500665031 0.515941712 0.537353809 0.549790216 0.564314377 0.582029856 0.591399681 0.604071073 0.607987504 0.61874484 0.627155567 0.621013868 0.623015039 0.606522675 0.593168089 0.581869329 0.578807 0.571195038 0.572146652 0.571780741 0.58685722 0.627850563 0.675885417 0.726209842 0.796543129 0.861563447 0.933863009 1.004230844 1.02750419 1.084413852 1.083033223 1.071140448 1.300100855 1.16090474 1.022932832 1.022839161 0 0
434.249 0 0 0 0 0 0 0 0 0 0 0 0 0 0 0 0 0 0 0 0 0 0 0 0 0 0 0 0 0 0 0 0 0 0 0 0 0 0 0 0 0 0 0 0 0 0 0 0 0 0 0 0 0 0 0.021312616 0.023732383 0.032195339 0.040520915 0.051821507 0.060768666 0.074432159 0.088473757 0.105536313 0.124878208 0.145768288 0.168897001 0.190319691 0.220471373 0.246446258 0.276666413 0.300688983 0.324165662 0.351153507 0.377876536 0.40316161 0.423332172 0.440557364 0.465351313 0.486627205 0.506771185 0.52130475 0.537241249 0.544743339 0.560643347 0.565645817 0.58957599 0.596361592 0.609388157 0.615860738 0.615126524 0.615655752 0.611574895 0.597999713 0.585331432 0.574061365 0.584117323 0.578547444 0.569571187 0.578556561 0.601149507 0.641926802 0.677794033 0.737059293 0.802850103 0.862124322 0.929459439 1.013617922 1.041769335 1.099136115 1.178065949 1.184686165 1.27819873 1.214796784 1.432951379 2.212165346 0 0
437.548 0 0 0 0 0 0 0 0 0 0 0 0 0 0 0 0 0 0 0 0 0 0 0 0 0 0 0 0 0 0 0 0 0 0 0 0 0 0 0 0 0 0 0 0 0 0 0 0 0 0 0 0 0 0.022566753 0.025785609 0.031885608 0.041136892 0.046137875 0.056618434 0.070752753 0.08405038 0.099568593 0.115683264 0.134703937 0.15859488 0.179566106 0.205652632 0.233546668 0.259348405 0.287293209 0.316186425 0.339433357 0.360368976 0.383879088 0.40723823 0.427954992 0.449755104 0.461638374 0.486583151 0.5029848 0.515360249 0.528774487 0.538256133 0.551910315 0.560711096 0.578094483 0.587215843 0.604120928 0.6006599 0.603439967 0.600064275 0.600892344 0.587949253 0.578810508 0.574801824 0.566228677 0.556627248 0.577773745 0.584372898 0.606581911 0.63548735 0.678464308 0.74763686 0.805003655 0.880526233 0.924509292 0.990951541 1.056953354 1.083121337 1.113602294 1.219738985 1.27053941 1.408979756 1.951825137 0 0 0
440.848 0 0 0 0 0 0 0 0 0 0 0 0 0 0 0 0 0 0 0 0 0 0 0 0 0 0 0 0 0 0 0 0 0 0 0 0 0 0 0 0 0 0 0 0 0 0 0 0 0 0 0 0 0.018519394 0.022705344 0.031235555 0.034356669 0.040773413 0.050939255 0.063470479 0.07512191 0.092963848 0.104649711 0.126859746 0.141705327 0.166852581 0.188806907 0.215919574 0.237334079 0.263798076 0.29354442 0.322081334 0.339142895 0.36626529 0.389959189 0.409834532 0.427211782 0.450956208 0.466194037 0.482564129 0.49640232 0.512273325 0.525050542 0.534246213 0.545220855 0.557061164 0.564435384 0.574462795 0.587647266 0.589251044 0.585320685 0.587899478 0.582322926 0.567344655 0.566186206 0.554144837 0.554146215 0.547938215 0.560397245 0.560755375 0.592615282 0.620474085 0.669598792 0.73485692 0.808888994 0.866587645 0.936383918 0.969174327 1.009396552 1.067250761 1.101231216 1.1577705 1.176419552 1.14161235 1.393237161 0 0 0
444.149 0 0 0 0 0 0 0 0 0 0 0 0 0 0 0 0 0 0 0 0 0 0 0 0 0 0 0 0 0 0 0 0 0 0 0 0 0 0 0 0 0 0 0 0 0 0 0 0 0 0 0 0.018780792 0.024008792 0.027768912 0.030891993 0.038501407 0.044832295 0.059166512 0.067756752 0.08177936 0.096959192 0.116644698 0.13309564 0.151966318 0.171119022 0.192700067 0.220045293 0.246689995 0.269940997 0.297826114 0.315929858 0.343128088 0.36795943 0.388322564 0.409983654 0.425412673 0.445088732 0.45812974 0.476893449 0.4911635 0.505613099 0.51160855 0.521371833 0.534065589 0.539111319 0.547003704 0.557626674 0.569448189 0.573048045 0.578400686 0.570561614 0.567971668 0.55793597 0.549660266 0.546213864 0.539111318 0.535666103 0.549378333 0.559648748 0.582673506 0.61124494 0.654991927 0.715085729 0.785532114 0.851292626 0.907898565 0.967582354 0.995864881 1.038967206 1.092539848 1.053383221 1.25261101 1.154435636 0 0 0 0
447.451 0 0 0 0 0 0 0 0 0 0 0 0 0 0 0 0 0 0 0 0 0 0 0 0 0 0 0 0 0 0 0 0 0 0 0 0 0 0 0 0 0 0 0 0 0 0 0 0 0 0 0.014870829 0.01874579 0.024329202 0.029801574 0.034454523 0.040007945 0.050053547 0.062964804 0.073141043 0.088473134 0.100883842 0.118821134 0.139740965 0.154066308 0.175858964 0.198177185 0.227928844 0.252366684 0.273922026 0.2971003 0.324365229 0.344935336 0.371318353 0.387793066 0.405698734 0.420884162 0.433485566 0.450085321 0.470828676 0.481076385 0.49224822 0.502915729 0.501401427 0.516193328 0.524276685 0.530486921 0.542596425 0.549399015 0.548565704 0.549386479 0.550697429 0.545085833 0.54199105 0.533268412 0.525156219 0.521910728 0.527590638 0.529944886 0.547231668 0.571387733 0.59862241 0.651217872 0.702192801 0.764085156 0.832748837 0.888238642 0.935754651 0.940272573 0.993177264 1.001008484 1.021021382 0.978006843 1.093064541 0 0 0 0
450.755 0 0 0 0 0 0 0 0 0 0 0 0 0 0 0 0 0 0 0 0 0 0 0 0 0 0 0 0 0 0 0 0 0 0 0 0 0 0 0 0 0 0 0 0 0 0 0 0 0 0.018113418 0.021183776 0.028211857 0.032368565 0.03782815 0.045865906 0.050518785 0.061864455 0.071316761 0.084990423 0.100345342 0.113538258 0.133500128 0.15130044 0.165737585 0.188625091 0.210789915 0.233332473 0.254474092 0.275204795 0.303817401 0.329435266 0.350185599 0.368581851 0.38511792 0.398577519 0.417775631 0.433242963 0.44356321 0.460159909 0.468906304 0.480308039 0.489618343 0.49845294 0.505928724 0.513299709 0.520341349 0.526824047 0.53663255 0.537062897 0.54216658 0.541798889 0.535370695 0.523852747 0.526160825 0.512585267 0.512031795 0.521285968 0.5361114 0.54382964 0.565016315 0.599556637 0.651160666 0.699810855 0.758844621 0.831947134 0.896160223 0.965122413 0.970537495 1.011516641 1.032650638 1.138467758 1.162762158 0 0 0 0 0
454.06 0 0 0 0 0 0 0 0 0 0 0 0 0 0 0 0 0 0 0 0 0 0 0 0 0 0 0 0 0 0 0 0 0 0 0 0 0 0 0 0 0 0 0 0 0 0 0 0 0.018221649 0.018289126 0.022037251 0.028421927 0.034655783 0.041405784 0.045897809 0.056564093 0.066216027 0.07324847 0.088120473 0.103640554 0.122680533 0.135472843 0.153800882 0.172019658 0.192543578 0.210529511 0.233011163 0.251865903 0.277793889 0.303457431 0.320776203 0.340413466 0.363020399 0.381075438 0.394969568 0.407042637 0.420435105 0.433692273 0.44566132 0.45625161 0.465562554 0.481417696 0.47952075 0.492374303 0.494887488 0.501081122 0.51256935 0.518609975 0.52316994 0.521303265 0.526146966 0.513915614 0.510629966 0.50265901 0.496810797 0.504838667 0.507448396 0.52451393 0.529734691 0.553755006 0.592919105 0.63899128 0.691931889 0.74329791 0.813039343 0.87365774 0.922655447 0.977207942 0.974853266 1.006617018 1.144957312 1.064473047 0 0 0 0 0
457.366 0 0 0 0 0 0 0 0 0 0 0 0 0 0 0 0 0 0 0 0 0 0 0 0 0 0 0 0 0 0 0 0 0 0 0 0 0 0 0 0 0 0 0 0 0 0 0 0.015663117 0.016221745 0.019841177 0.024104772 0.029284019 0.036689113 0.046289896 0.050026243 0.060285992 0.067077911 0.076463566 0.090585669 0.106891215 0.120145441 0.135384536 0.156287355 0.174558837 0.19391357 0.2148401 0.236156354 0.256294275 0.279116965 0.297348485 0.319559869 0.341309995 0.357065734 0.370774282 0.386808653 0.39634625 0.404979317 0.421671296 0.434484597 0.443904584 0.45186601 0.458943999 0.462003084 0.470284556 0.475971063 0.488402612 0.490139859 0.501254922 0.499739174 0.501564305 0.497148353 0.490358947 0.488294286 0.484195517 0.477572498 0.485459401 0.487408502 0.501641458 0.514543373 0.555005239 0.584576962 0.61682355 0.672478046 0.719461828 0.787991364 0.834589113 0.884987911 0.909078814 0.938710105 0.966332014 0.997132643 0 0 0 0 0 0
460.673 0 0 0 0 0 0 0 0 0 0 0 0 0 0 0 0 0 0 0 0 0 0 0 0 0 0 0 0 0 0 0 0 0 0 0 0 0 0 0 0 0 0 0 0 0 0 0.014003763 0.015968231 0.020440414 0.021820877 0.026963411 0.03438922 0.043219729 0.048704207 0.056744309 0.064911346 0.073960072 0.085021148 0.096351397 0.110457941 0.123221068 0.140068599 0.160051342 0.175003347 0.193138243 0.215221727 0.236416092 0.253712695 0.276412175 0.294162722 0.315198231 0.336474745 0.349124664 0.36167018 0.37768076 0.389979013 0.399863954 0.411218624 0.427289155 0.429790231 0.438167775 0.446452448 0.449292357 0.454559753 0.460329179 0.464652789 0.470770881 0.474730086 0.484492104 0.488059903 0.481761874 0.480959299 0.477825454 0.474101221 0.46780121 0.471974278 0.472918768 0.489320438 0.507341653 0.531255583 0.569437732 0.607766164 0.658298625 0.709485058 0.768504406 0.825986204 0.878611818 0.899616529 0.921851857 0.885824503 0 0 0 0 0 0 0
463.982 0 0 0 0 0 0 0 0 0 0 0 0 0 0 0 0 0 0 0 0 0 0 0 0 0 0 0 0 0 0 0 0 0 0 0 0 0 0 0 0 0 0 0 0 0 0.011333166 0.014325845 0.019288147 0.022078757 0.026648262 0.032251219 0.039385416 0.044407928 0.053432118 0.05832871 0.068535571 0.072405498 0.087352271 0.099857183 0.116705449 0.131205381 0.147267624 0.161869062 0.173778345 0.195045818 0.212859583 0.230974613 0.254810711 0.272827125 0.293065241 0.307735187 0.327864156 0.336460797 0.35716558 0.367093989 0.375815745 0.384796376 0.396557614 0.404409286 0.417892231 0.424676626 0.425265643 0.426762496 0.433552063 0.441543102 0.445471552 0.452889144 0.45891702 0.460293958 0.465593173 0.460758921 0.462289122 0.463355225 0.451278421 0.455869444 0.453258048 0.464865493 0.473658654 0.494213786 0.518141137 0.545611884 0.584346722 0.652897729 0.692722781 0.753227104 0.784295036 0.84499132 0.89220732 0.885173528 0.963190912 0 0 0 0 0 0 2.511291362
467.292 0 0 0 0 0 0 0 0 0 0 0 0 0 0 0 0 0 0 0 0 0 0 0 0 0 0 0 0 0 0 0 0 0 0 0 0 0 0 0 0 0 0 0 0 0.011192744 0.014471544 0.016856371 0.020837276 0.023589548 0.029632803 0.035725971 0.03980606 0.04806655 0.055518619 0.063722233 0.069751005 0.081948468 0.090976587 0.105939446 0.118774576 0.132297778 0.146234444 0.164259868 0.180408477 0.19862268 0.213309188 0.228313961 0.251611104 0.265108578 0.293593084 0.298500071 0.317900139 0.331480415 0.341090568 0.350397921 0.361320162 0.373564281 0.384604354 0.394224252 0.400405768 0.410463508 0.414693299 0.415978949 0.41555862 0.421116413 0.428004879 0.439332814 0.44025138 0.450065542 0.449143077 0.444943351 0.441421937 0.445240802 0.442474637 0.443813177 0.438706263 0.448262365 0.458654765 0.478725876 0.513003365 0.52735259 0.580349827 0.622850054 0.68284559 0.744182016 0.794012146 0.82184189 0.856891176 0.854664423 0 0 0 0 0 0 0 31.63354198
470.603 0 0 0 0 0 0 0 0 0 0 0 0 0 0 0 0 0 0 0 0 0 0 0 0 0 0 0 0 0 0 0 0 0 0 0 0 0 0 0 0 0 0 0 0.011622045 0.012882431 0.015548949 0.019387991 0.023967538 0.028397082 0.035192266 0.037144293 0.045367843 0.053761484 0.061255245 0.067528502 0.074664916 0.083652891 0.095439103 0.108640825 0.123719721 0.136726565 0.150491825 0.163965866 0.183055941 0.194411628 0.214726845 0.228586774 0.249354809 0.263109529 0.280015521 0.297430017 0.305775653 0.324149073 0.340540984 0.342674619 0.352949607 0.357541971 0.366797294 0.382497542 0.389501089 0.391565726 0.396097288 0.399953036 0.399995707 0.402889737 0.417009649 0.421029741 0.420404474 0.425269394 0.426811943 0.430248049 0.422963896 0.426114614 0.415913027 0.425296981 0.425771244 0.433925091 0.453291298 0.467079807 0.491906091 0.527497313 0.569754391 0.615776103 0.659633549 0.699831043 0.754647641 0.799462749 0.820635948 0.841417167 0 0 0 0 0 0 10.60844407 34.58255354
473.915 0 0 0 0 0 0 0 0 0 0 0 0 0 0 0 0 0 0 0 0 0 0 0 0 0 0 0 0 0 0 0 0 0 0 0 0 0 0 0 0 0 0 0.009258058 0.010675121 0.013406716 0.015432319 0.019772698 0.02193899 0.026560431 0.03261485 0.042152308 0.046177428 0.054834253 0.061508402 0.071138998 0.07626663 0.088343604 0.100523874 0.109857992 0.12203419 0.135327809 0.148195997 0.162392591 0.177521646 0.191830485 0.210367845 0.221393128 0.240500529 0.255221624 0.270797199 0.288263703 0.296476301 0.309753547 0.324810532 0.329559691 0.338260714 0.347322023 0.356800281 0.359291067 0.370240793 0.371787477 0.377009182 0.379046949 0.382632297 0.390972762 0.38953521 0.39883529 0.402640973 0.408741983 0.404851258 0.409052314 0.411984875 0.406852421 0.410231116 0.411387592 0.417897118 0.423522663 0.433835921 0.447800129 0.482923169 0.508647908 0.549744656 0.577312458 0.635744092 0.686729916 0.722376951 0.741491127 0.782140151 0 0 0 0 0 0 0 1.080608282 3.239155304
477.228 0 0 0 0 0 0 0 0 0 0 0 0 0 0 0 0 0 0 0 0 0 0 0 0 0 0 0 0 0 0 0 0 0 0 0 0 0 0 0 0 0 0.008613535 0.00966213 0.012573691 0.016779342 0.016873103 0.021501477 0.026876348 0.031919828 0.035235451 0.042011554 0.049333379 0.057769613 0.065675877 0.073817229 0.080203841 0.087989163 0.100616776 0.107688254 0.12123814 0.1338717 0.144477837 0.163486244 0.176010148 0.190177154 0.205134504 0.224348282 0.237789926 0.250843802 0.264285701 0.278346022 0.29188165 0.300897391 0.31172426 0.319926395 0.326323928 0.334651226 0.343825714 0.35042089 0.354902249 0.355210008 0.36148409 0.362433371 0.363455055 0.370471055 0.372379662 0.379069115 0.386046544 0.390575807 0.388842222 0.392030733 0.393514135 0.395083197 0.390054082 0.396626712 0.396500373 0.416904399 0.422348871 0.437708613 0.465843623 0.500027994 0.528646873 0.574787931 0.626358882 0.655368039 0.711543557 0.740198676 0.78498182 0 0 0 0 0 0 2.690543208 0.217360641 -20.08567805
480.542 0 0 0 0 0 0 0 0 0 0 0 0 0 0 0 0 0 0 0 0 0 0 0 0 0 0 0 0 0 0 0 0 0 0 0 0 0 0 0 0 0.009521265 0.011791557 0.012137443 0.01457671 0.017889676 0.020589298 0.025249092 0.030488832 0.033160526 0.039970839 0.044747039 0.053723998 0.062396104 0.067583954 0.075562479 0.083995679 0.091013139 0.101696633 0.114820754 0.123649159 0.139734277 0.149099663 0.161633597 0.177731421 0.188043316 0.20372593 0.219245175 0.231617775 0.245158437 0.25934765 0.271286969 0.285208038 0.292210634 0.300891345 0.306419615 0.313909735 0.323532058 0.327486132 0.33471162 0.339123584 0.342248191 0.34694086 0.348046695 0.354552886 0.356661923 0.363766848 0.362240066 0.375229809 0.375856234 0.379045029 0.374268144 0.376157186 0.373215523 0.373400645 0.382468177 0.388339645 0.391467699 0.410639361 0.423700067 0.454006118 0.480250489 0.521468479 0.559456036 0.6132968 0.65742581 0.695517867 0.714001935 0 0 0 0 0 0 0 3.873223573 2.157499744 29.75262578
483.858 0 0 0 0 0 0 0 0 0 0 0 0 0 0 0 0 0 0 0 0 0 0 0 0 0 0 0 0 0 0 0 0 0 0 0 0 0 0 0 0.007932026 0.009506232 0.012605932 0.01214008 0.015715052 0.019483489 0.022002939 0.025430677 0.029731134 0.034858274 0.04122158 0.048646399 0.057174535 0.060475022 0.070434993 0.076287928 0.081714955 0.09460646 0.102570851 0.11375255 0.125161243 0.135727425 0.14941451 0.161772987 0.172659197 0.186946377 0.203148337 0.21105994 0.229759332 0.2430241 0.251532789 0.266324396 0.278080213 0.279723208 0.289869223 0.296344831 0.302190299 0.308790406 0.315729344 0.324932715 0.32781994 0.332693223 0.334587194 0.333183977 0.340520868 0.346477432 0.34578264 0.353632965 0.355829426 0.363014353 0.358463066 0.364143379 0.363225996 0.365552531 0.368213057 0.366230353 0.371781804 0.379027182 0.389979705 0.417502808 0.446745556 0.47205605 0.50277822 0.54383244 0.585859752 0.625318581 0.665310393 0.684774156 0 0 0 0 0 0 0.256552944 1.35452878 -3.478546367 -12.06572113
487.174 0 0 0 0 0 0 0 0 0 0 0 0 0 0 0 0 0 0 0 0 0 0 0 0 0 0 0 0 0 0 0 0 0 0 0 0 0 0 0.008146143 0.008650967 0.009438117 0.012829703 0.014533172 0.017404878 0.021178815 0.02510436 0.027710166 0.034348406 0.039461323 0.042261324 0.050416337 0.05726851 0.064193671 0.070788008 0.079361707 0.084991767 0.092467413 0.104296446 0.115943437 0.128878278 0.137651578 0.147615194 0.158530654 0.173306632 0.184875851 0.196119457 0.207844025 0.223211517 0.232157043 0.245425814 0.257210124 0.262936305 0.276776912 0.277016034 0.285181615 0.291597621 0.297774747 0.301710086 0.308266532 0.315945791 0.318191661 0.321963084 0.324607029 0.327250832 0.325595036 0.332995952 0.335341191 0.343635485 0.348425204 0.348668709 0.347016751 0.348095839 0.347167811 0.354606241 0.352860007 0.360525804 0.376696208 0.381066634 0.401526833 0.431258927 0.449664368 0.491390888 0.529429919 0.566453908 0.618196105 0.643794183 0 0 0 0 0 0 0 0.943114279 -0.434155893 1.744207304 -11.34409439
490.492 0 0 0 0 0 0 0 0 0 0 0 0 0 0 0 0 0 0 0 0 0 0 0 0 0 0 0 0 0 0 0 0 0 0 0 0 0 0.010940545 0.008729362 0.009530358 0.013329377 0.014424061 0.017179521 0.019905042 0.021596962 0.024821591 0.029076687 0.034195971 0.039102419 0.048185118 0.053782873 0.060618652 0.0644798 0.074022144 0.076499644 0.086327112 0.093792404 0.105598827 0.114811045 0.125515773 0.137605641 0.146016726 0.159104785 0.167044392 0.179072388 0.191624842 0.201563263 0.213193283 0.222565511 0.235207311 0.245408364 0.255568843 0.26322719 0.269863899 0.276797313 0.280984759 0.286519174 0.29012233 0.296075752 0.298384932 0.303991103 0.309472045 0.308630425 0.310404544 0.312546744 0.322174731 0.321117297 0.327014113 0.327861949 0.332092913 0.331036172 0.336144218 0.340198786 0.339959532 0.340790363 0.350840318 0.36340045 0.378402861 0.390174851 0.411936975 0.445938985 0.480097197 0.519707413 0.551997245 0.583676783 0.602385012 0 0 0 0 0 0 0.851402559 1.049376593 0.653791463 1.316028228 12.30288116
493.81 0 0 0 0 0 0 0 0 0 0 0 0 0 0 0 0 0 0 0 0 0 0 0 0 0 0 0 0 0 0 0 0 0 0 0 0 0.008738659 0.008501873 0.010116645 0.011127055 0.01352811 0.015186921 0.017888411 0.020926755 0.024526053 0.027400455 0.031240752 0.03423983 0.039986223 0.045507151 0.05381057 0.058997626 0.067370691 0.070902621 0.082044587 0.087290639 0.095503451 0.102982641 0.112289129 0.12389162 0.135717014 0.148868924 0.15289297 0.164834426 0.17479185 0.186280657 0.195643665 0.207363017 0.219426064 0.230226864 0.242822482 0.245481529 0.252937536 0.260746965 0.266715919 0.266430758 0.27345517 0.273689702 0.283254487 0.283168876 0.28865806 0.28788714 0.293501236 0.295766812 0.301919907 0.300813344 0.303297778 0.311058844 0.311766154 0.317681093 0.322489414 0.317678722 0.321151854 0.324977531 0.33206154 0.334789072 0.348367562 0.357670379 0.380596788 0.402623327 0.434604956 0.459756841 0.497812508 0.532612108 0.5631697 0 0 0 0 0 0 0 0.71682202 1.186444589 0.816424657 0.440184642 1.718680657
497.13 0 0 0 0 0 0 0 0 0 0 0 0 0 0 0 0 0 0 0 0 0 0 0 0 0 0 0 0 0 0 0 0 0 0 0 0.007578909 0.007943835 0.009617896 0.011420071 0.012001761 0.014983821 0.016442815 0.018862748 0.022778893 0.026542869 0.028840935 0.030960093 0.038834664 0.043164984 0.048248247 0.054060334 0.05905517 0.070700777 0.075008358 0.080488943 0.087798943 0.096696973 0.103554207 0.11385792 0.123083243 0.130955932 0.144531559 0.152335857 0.163605762 0.174736156 0.180435197 0.190542626 0.198575689 0.20767418 0.217906518 0.232865358 0.237791252 0.243058224 0.249383366 0.251496627 0.258412285 0.262385459 0.262854312 0.268483413 0.27299262 0.276753767 0.279377841 0.27844653 0.279960326 0.287637237 0.284812141 0.295886772 0.299520177 0.302895824 0.304084333 0.30639736 0.305958825 0.313773075 0.318101437 0.317935829 0.324606819 0.336947376 0.350203421 0.362241748 0.381457239 0.411148626 0.445460381 0.468529043 0.518935179 0.537464 0 0 0 0 0 0 0.772032318 0.825538297 0.585757478 1.418011314 -1.533153892 -1.619387984
500.451 0 0 0 0 0 0 0 0 0 0 0 0 0 0 0 0 0 0 0 0 0 0 0 0 0 0 0 0 0 0 0 0 0 0 0.004873766 0.006067164 0.007140711 0.009408431 0.010861509 0.010692157 0.016029391 0.01855059 0.020219645 0.023745195 0.027959737 0.027204191 0.032678899 0.039563169 0.041692627 0.048466264 0.055369287 0.062179548 0.067548858 0.07472906 0.081886549 0.086235149 0.095635779 0.106267719 0.111600379 0.116611381 0.130195151 0.143101868 0.145002007 0.155645363 0.167866636 0.17427269 0.185944336 0.195356127 0.205413714 0.21435743 0.220780573 0.226250099 0.23535615 0.236623556 0.245179847 0.245925377 0.252569873 0.252634469 0.258160126 0.26285115 0.264448636 0.263670158 0.267263718 0.269920095 0.274189923 0.273136799 0.278981277 0.287915572 0.285029049 0.294075985 0.295556173 0.298982988 0.298532012 0.302676428 0.300042089 0.314529634 0.320983374 0.338117325 0.349622527 0.367818632 0.397799406 0.427845619 0.45872587 0.498390325 0 0 0 0 0 0 0 0.63683777 0.48839973 0.957736457 1.267419169 3.541263551 -3.291816341
503.772 0 0 0 0 0 0 0 0 0 0 0 0 0 0 0 0 0 0 0 0 0 0 0 0 0 0 0 0 0 0 0 0 0 0.006348836 0.007017144 0.007070691 0.011741043 0.009362608 0.013310819 0.015749122 0.016742984 0.019247249 0.022662715 0.023823351 0.028278718 0.030829318 0.036480694 0.040160157 0.045268827 0.049762619 0.054794537 0.061824994 0.069521241 0.074362231 0.084004899 0.090109077 0.098287436 0.103591112 0.110394485 0.120488542 0.130317642 0.138916268 0.147328419 0.155991851 0.163887612 0.170420007 0.182742664 0.190680794 0.197592644 0.205852039 0.215254495 0.224284235 0.225618392 0.228508739 0.234728773 0.23697977 0.244476912 0.24812564 0.250711788 0.254363278 0.254310496 0.256846214 0.257442542 0.259505397 0.263905845 0.266673857 0.272333704 0.277233525 0.279306581 0.287059673 0.286180823 0.288962013 0.288827621 0.295306438 0.295638911 0.303246566 0.313220816 0.329575979 0.345343459 0.363435193 0.400681961 0.412118132 0.451410563 0.486906041 0 0 0 0 0 0 0.588547879 0.500963094 0.509528997 0.300193444 -2.98e-05 -0.896663976 -4.125376781
507.095 0 0 0 0 0 0 0 0 0 0 0 0 0 0 0 0 0 0 0 0 0 0 0 0 0 0 0 0 0 0 0 0 0.006425959 0.008097235 0.00643276 0.009217467 0.009744429 0.012455197 0.0154474 0.015558001 0.019575091 0.020427678 0.023220392 0.025867365 0.028999914 0.035308433 0.03802859 0.041897946 0.04709138 0.054523744 0.058584565 0.06622639 0.073155728 0.077997263 0.081947592 0.088325179 0.097228537 0.101553658 0.112278959 0.123473405 0.127563296 0.135720612 0.142585641 0.153379445 0.158467494 0.171694868 0.177993525 0.183024685 0.19389746 0.203641504 0.205302003 0.213033951 0.223407241 0.225888567 0.225834936 0.227240961 0.230814956 0.236870723 0.237561837 0.248711142 0.245337427 0.249493023 0.248248348 0.251497652 0.254192618 0.256740923 0.259339884 0.268991319 0.26744063 0.272542584 0.278231484 0.278345783 0.28800571 0.280636385 0.290743584 0.294758016 0.309405747 0.321877742 0.337944724 0.352176991 0.3749733 0.411051117 0.444909925 0 0 0 0 0 0 0 0.578130899 0.559890481 0.690434451 0.769267228 0.453318164 0.230546712 -9.965885951
510.418 0 0 0 0 0 0 0 0 0 0 0 0 0 0 0 0 0 0 0 0 0 0 0 0 0 0 0 0 0 0 0 0.007450343 0.007031398 0.0078331 0.007594448 0.008768819 0.011821198 0.015059789 0.015818022 0.018054235 0.02028704 0.022744558 0.024313679 0.028120427 0.031505568 0.034320732 0.03984402 0.04299768 0.047693103 0.055154492 0.057515281 0.067039008 0.069021658 0.075600548 0.082742339 0.086341227 0.094549221 0.102428609 0.110214761 0.116974031 0.123173393 0.132972384 0.138540005 0.150544641 0.158007615 0.164894829 0.172297798 0.181039422 0.185218792 0.191549292 0.204524507 0.202417913 0.210698725 0.214892632 0.218848001 0.21990064 0.221383927 0.227421128 0.227279427 0.23065208 0.236859858 0.236017105 0.237425973 0.241204718 0.241503625 0.244726368 0.252910024 0.257835876 0.262774649 0.262103568 0.267664732 0.267413246 0.272076136 0.278183565 0.277124067 0.285186268 0.29682682 0.307113737 0.323748339 0.340873096 0.376315898 0.390554782 0.42211332 0 0 0 0 0 0 0.613006508 0.682375116 0.605296386 0.861745603 0.6115146 0.227799291 0.456714033 -3.46153577
513.742 0 0 0 0 0 0 0 0 0 0 0 0 0 0 0 0 0 0 0 0 0 0 0 0 0 0 0 0 0 0 0.004825628 0.008000669 0.006637195 0.009605473 0.010100418 0.010432213 0.012042593 0.012609497 0.015092437 0.017452031 0.020727728 0.022198545 0.025839354 0.030360407 0.032297677 0.033341868 0.038003485 0.044054454 0.048152336 0.052865811 0.055795609 0.06397199 0.070045672 0.074625602 0.082738911 0.086741646 0.090698885 0.100004057 0.10682985 0.112351145 0.119392961 0.129368313 0.133706978 0.140741919 0.14658207 0.158604449 0.166997214 0.171128031 0.176173688 0.180224761 0.189980387 0.194486303 0.202491565 0.203485161 0.206039842 0.208917661 0.213058568 0.211671231 0.212451619 0.222002099 0.220444144 0.221552905 0.227450798 0.228893825 0.231652524 0.233491691 0.237847697 0.244897287 0.248347861 0.249074166 0.250895058 0.257516753 0.258772541 0.264159852 0.262138736 0.270831034 0.284077554 0.294451342 0.309458716 0.325253714 0.345337976 0.368625212 0 0 0 0 0 0 0.558971896 0.530349674 0.409983328 0.550670495 0.631959721 0.071786014 0.342401736 -1.377217011 -12.78838577
517.068 0 0 0 0 0 0 0 0 0 0 0 0 0 0 0 0 0 0 0 0 0 0 0 0 0 0 0 0 0 0.007394411 0.007466005 0.008317263 0.007663564 0.009428169 0.014327794 0.010557598 0.014810003 0.016395946 0.01605987 0.019240333 0.022435399 0.023998102 0.027867117 0.029104025 0.031858729 0.036494091 0.039915874 0.045463687 0.049808317 0.05550504 0.059194183 0.065586523 0.070051493 0.074857722 0.080802063 0.084585941 0.094331264 0.099750148 0.10517553 0.109359696 0.120721558 0.124002871 0.134616532 0.137078059 0.142816832 0.154595297 0.155641625 0.163137568 0.170575464 0.176970731 0.182695621 0.187780449 0.193568074 0.192854143 0.198222245 0.203279082 0.201269187 0.204412627 0.209909484 0.213468905 0.211975358 0.218200693 0.213101007 0.219909144 0.222923615 0.220603393 0.22738658 0.231353146 0.232724095 0.237689177 0.242301112 0.246468127 0.245125863 0.253235315 0.257159903 0.261558281 0.27820219 0.291191829 0.302311702 0.320767341 0.344116564 0.366128465 0 0 0 0 0 0 0.506386694 0.511937164 0.532710932 0.567073322 0.529783214 0.743031681 1.434656629 -3.91455305 15.45030152
520.394 0 0 0 0 0 0 0 0 0 0 0 0 0 0 0 0 0 0 0 0 0 0 0 0 0 0 0 0 0.004408223 0.004117603 0.006488906 0.008107496 0.010545969 0.010428628 0.01031006 0.012163424 0.012136343 0.016327416 0.017362167 0.018736064 0.021137301 0.023532823 0.025596991 0.029758312 0.03246737 0.03558972 0.039304582 0.043649199 0.049578984 0.053274684 0.057437101 0.063726516 0.068395777 0.074716863 0.081028226 0.082771916 0.089394387 0.095424134 0.101985571 0.103454256 0.114401333 0.118323336 0.124892468 0.131046128 0.137342068 0.147858975 0.149791196 0.160214312 0.163362943 0.167464046 0.176128844 0.181870784 0.182025214 0.188711079 0.191125009 0.186075435 0.193429314 0.193630534 0.196894879 0.19993019 0.198749379 0.204085848 0.204800556 0.204718783 0.211310939 0.211151782 0.218537656 0.220744648 0.223364881 0.226362771 0.229278794 0.233797977 0.237253221 0.239241292 0.240511143 0.258570061 0.262830392 0.275191618 0.284761331 0.310635472 0.327320522 0 0 0 0 0 0 0.467520079 0.486381777 0.468128727 0.455895486 0.554691704 0.547923016 0.127850121 1.676915561 -3.251548102 -7.85579898
523.721 0 0 0 0 0 0 0 0 0 0 0 0 0 0 0 0 0 0 0 0 0 0 0 0 0 0 0 0.00635116 0.006100692 0.007319052 0.006640829 0.008724281 0.012399742 0.011298845 0.012021322 0.015192412 0.015725556 0.016536786 0.017400075 0.021885274 0.023749229 0.024264756 0.028100095 0.028521739 0.03164973 0.034992679 0.038539513 0.041422969 0.046718235 0.052933323 0.057599172 0.061694875 0.066988116 0.071791026 0.075732977 0.079157848 0.089691341 0.093021781 0.098930353 0.107322597 0.109183023 0.11985546 0.119157087 0.128899886 0.133884409 0.138827853 0.147426179 0.149554471 0.155529306 0.162529585 0.166619302 0.168976741 0.169798117 0.177699615 0.182170555 0.180412077 0.183858724 0.188181198 0.186510161 0.193069967 0.192991934 0.1960725 0.19331809 0.200714781 0.198014872 0.204531667 0.207706182 0.209656533 0.21539062 0.217609395 0.224919919 0.227542407 0.229326843 0.236717648 0.234812312 0.243934478 0.257671157 0.266263146 0.283513446 0.296449906 0.317090843 0 0 0 0 0 0 0.465364781 0.49221264 0.48369981 0.504429199 0.448284025 0.358934698 0.626929794 0.408300081 4.912696258 -0.962343816
527.048 0 0 0 0 0 0 0 0 0 0 0 0 0 0 0 0 0 0 0 0 0 0 0 0 0 0 0.002806294 0.006357541 0.008175613 0.005938906 0.00797541 0.012459305 0.012325124 0.011931909 0.014266838 0.015570668 0.014864447 0.018439965 0.020692633 0.021192313 0.024127282 0.025376081 0.027484532 0.030190199 0.033726123 0.036950354 0.039493591 0.0438993 0.046458946 0.051719209 0.054377457 0.063923852 0.065094972 0.071190496 0.0724241 0.08122289 0.084473866 0.089844633 0.094970972 0.100518058 0.11076839 0.115709532 0.114845759 0.125237204 0.126227184 0.133950941 0.139867717 0.14560052 0.15084618 0.153767685 0.157852932 0.163970812 0.165103696 0.167070684 0.16958824 0.174686525 0.169795089 0.176551989 0.17678109 0.178348074 0.183329609 0.18588917 0.186992446 0.186750051 0.193859692 0.19851349 0.194333573 0.20191555 0.208444869 0.207104657 0.209565075 0.211594645 0.220237267 0.223589726 0.226440824 0.227988195 0.244138635 0.259436798 0.266401475 0.274646512 0 0 0 0 0 0 0.436810731 0.446934227 0.463885799 0.44054331 0.464006521 0.462164948 0.790150543 1.107145542 2.335267398 -2.109326882 7.862628104
530.377 0 0 0 0 0 0 0 0 0 0 0 0 0 0 0 0 0 0 0 0 0 0 0 0 0 0.006443276 0.009765118 0.008621188 0.009832111 0.008216531 0.00892601 0.011644273 0.013668322 0.013805385 0.015503273 0.016155392 0.018015558 0.019354829 0.021173281 0.020791194 0.022736755 0.024680057 0.028126196 0.031209846 0.033728973 0.037065307 0.038633384 0.043065098 0.045815655 0.053219999 0.058751289 0.06020724 0.062414678 0.069373033 0.072631618 0.077091724 0.083355329 0.088571789 0.093004945 0.097410557 0.105129502 0.107889127 0.111713574 0.117639465 0.12270309 0.126481656 0.133700002 0.136711772 0.138602959 0.146298406 0.147656021 0.154166285 0.153845496 0.15695133 0.161286718 0.163330058 0.161711026 0.167037416 0.167919789 0.172319658 0.172697277 0.175633951 0.179262931 0.177633113 0.179498277 0.17968543 0.185584929 0.189597156 0.193013073 0.195026112 0.203116579 0.200242917 0.212106853 0.209109138 0.213626166 0.221065911 0.231159711 0.240114217 0.248035947 0.271818099 0 0 0 0 0 0 0.406447228 0.419618674 0.446066599 0.410795496 0.425079263 0.549880206 0.531848114 0.460992445 1.51813553 1.17368788 10.38151756
533.706 0 0 0 0 0 0 0 0 0 0 0 0 0 0 0 0 0 0 0 0 0 0 0 0 0.008084134 0.004574517 0.006969481 0.006044726 0.009639435 0.011104208 0.009890448 0.012934742 0.010160674 0.013357349 0.013437915 0.016766868 0.017103757 0.017031552 0.018215193 0.021125825 0.022859874 0.024585211 0.0290807 0.031739528 0.032829097 0.037001443 0.03955613 0.041322131 0.042503903 0.048594465 0.053153131 0.057692655 0.062847644 0.065159479 0.070157647 0.075546399 0.079312852 0.083404649 0.087832218 0.092056787 0.097210656 0.103879984 0.105102343 0.114502278 0.118584969 0.120571691 0.126138137 0.128339706 0.136568058 0.136000052 0.13995302 0.145267578 0.147752965 0.149713307 0.155278452 0.152676884 0.1562092 0.15642141 0.157772771 0.159065191 0.162480143 0.162407368 0.164667359 0.163814033 0.167951189 0.170775597 0.175533694 0.17767918 0.184138962 0.185456719 0.184223034 0.189321105 0.19617968 0.200127559 0.204527083 0.206462381 0.217613844 0.231929235 0.239643675 0 0 0 0 0 0 0.378196788 0.391594349 0.385986461 0.405478657 0.409065084 0.461032339 0.42573666 0.381450415 0.554261896 1.110960001 2.581952145 -2.61816904
537.037 0 0 0 0 0 0 0 0 0 0 0 0 0 0 0 0 0 0 0 0 0 0 0 0.006685186 0.007163165 0.009937762 0.006800687 0.010119022 0.006375558 0.009597384 0.010356539 0.009189479 0.01329447 0.016777979 0.015654659 0.016539083 0.017382288 0.01954473 0.021562774 0.022018435 0.024186349 0.024658022 0.028817276 0.029217681 0.033630447 0.036046469 0.039951006 0.041687688 0.048343654 0.049908239 0.054046504 0.056686208 0.06378065 0.062861031 0.066672686 0.072902836 0.07399302 0.079370144 0.082888237 0.092581956 0.095589729 0.09955628 0.103919079 0.105364949 0.110973841 0.117431851 0.121737915 0.123348054 0.125670463 0.134235129 0.137062753 0.138989901 0.143263344 0.140990388 0.143272179 0.144547424 0.148070996 0.151123218 0.152208863 0.153266523 0.152247128 0.155226147 0.154837146 0.160641268 0.16362102 0.164005105 0.166512874 0.168301521 0.175627634 0.176385239 0.179139361 0.18312626 0.188922907 0.192931704 0.196854823 0.198901642 0.209281577 0.21828281 0.230989335 0 0 0 0 0 0 0.358585955 0.371273756 0.393238657 0.394739059 0.428676989 0.410524062 0.470176872 0.790795508 0.242027457 1.297203463 1.656473932 -1.736860201
540.367 0 0 0 0 0 0 0 0 0 0 0 0 0 0 0 0 0 0 0 0 0 0 0.008540092 0.009514785 0.011139705 0.009473432 0.011256963 0.009925081 0.012815565 0.009726244 0.016618864 0.0134975 0.013388254 0.018679944 0.018234496 0.015562757 0.020769354 0.022210208 0.022951164 0.022625219 0.024189211 0.024631841 0.028504719 0.03025149 0.033541808 0.034729457 0.038027166 0.040108294 0.048759917 0.051341473 0.053432031 0.05615491 0.059146758 0.066858832 0.071831687 0.071693306 0.072607022 0.075176157 0.087248124 0.089964846 0.095175396 0.096968966 0.100485087 0.102058219 0.107067795 0.113458609 0.116974537 0.120411913 0.123478536 0.127965316 0.130809904 0.134602381 0.134511045 0.139039252 0.138234366 0.139330984 0.143361707 0.145119197 0.147855931 0.147072652 0.152007736 0.150921714 0.151175453 0.157272061 0.153972474 0.161330161 0.159382335 0.164654908 0.169873973 0.170221523 0.174923669 0.179720926 0.181299947 0.183205213 0.188712405 0.201356777 0.208328446 0.214158303 0 0 0 0 0 0 0.309169023 0.34984586 0.385739668 0.377510811 0.393685741 0.43091265 0.433145188 0.504053489 0.595605861 0.962982076 4.123224867 14.87122812 33.90901476
543.699 0 0 0 0 0 0 0 0 0 0 0 0 0 0 0 0 0 0 0 0 0 0.007123896 0.010155149 0.006991322 0.00152044 0.007765434 0.006624137 0.007251965 0.010393466 0.009429998 0.008553789 0.013087754 0.013283776 0.013487451 0.016212506 0.014308907 0.017475329 0.019635765 0.019883742 0.021003522 0.024286458 0.025733589 0.027657331 0.029901274 0.030174474 0.031548663 0.036490762 0.038402521 0.044041346 0.04538133 0.049991251 0.053829793 0.058306089 0.059790277 0.063774298 0.065884979 0.07367531 0.077701384 0.078756148 0.082185285 0.086304788 0.090919159 0.095145131 0.099590536 0.10496276 0.105056391 0.107669813 0.112166405 0.116644106 0.119352773 0.125924419 0.126065282 0.127141314 0.127990103 0.132933665 0.131119205 0.134582885 0.134101968 0.13585574 0.140509298 0.140114112 0.143121445 0.142560985 0.144410746 0.14453156 0.146708642 0.155911288 0.15478395 0.164652454 0.164258333 0.160607891 0.170313303 0.173419498 0.173697797 0.185836807 0.184205852 0.193483812 0.198578409 0 0 0 0 0 0 0.317493628 0.324659195 0.345971034 0.363628145 0.366089178 0.33260397 0.397845208 0.415560778 0.416525287 1.165526915 1.208983661 1.451964407 27.87274254
547.031 0 0 0 0 0 0 0 0 0 0 0 0 0 0 0 0 0 0 0 0 0.004311911 0.007032629 0.003318612 0.006243274 0.010848868 0.006112975 0.005973724 0.007198359 0.010153564 0.012500742 0.012684789 0.012910393 0.011025198 0.014162583 0.015855349 0.015411639 0.017472649 0.020266657 0.02097487 0.021010572 0.021756027 0.025068843 0.024593206 0.028165979 0.031074965 0.035068644 0.036521664 0.03826176 0.041483212 0.044260585 0.048255774 0.050588453 0.054351194 0.058013996 0.060277612 0.064316931 0.069473156 0.074370256 0.074921671 0.084976048 0.080655847 0.086188031 0.090885148 0.095003071 0.099028231 0.098076958 0.103697379 0.110966474 0.110001817 0.113529206 0.117150305 0.121021956 0.12129071 0.119216575 0.122731826 0.124065682 0.122631446 0.126379451 0.130465568 0.132077151 0.133436045 0.133594974 0.136711374 0.134564343 0.138015501 0.140947143 0.142921972 0.145442542 0.150835055 0.153449423 0.156564205 0.165587947 0.157867408 0.167862673 0.171720276 0.178409341 0.186301562 0 0 0 0 0 0 0.266737416 0.297236899 0.313404486 0.334907371 0.337354452 0.363307999 0.355581554 0.319623437 0.348518178 0.359907894 0.886013835 -3.25e-05 -6.360540435 17.20201429
550.364 0 0 0 0 0 0 0 0 0 0 0 0 0 0 0 0 0 0 0 0.005113025 0.002240881 0.006360797 0.005144953 0.008027621 0.006172615 0.006277665 0.006370611 0.008722425 0.008594353 0.010404363 0.012075915 0.01090522 0.014011746 0.014017165 0.015399741 0.016211314 0.0173837 0.018834935 0.017170595 0.022435419 0.023137984 0.023959542 0.025870061 0.028368618 0.029528653 0.033765385 0.03438193 0.03794162 0.043593381 0.043476191 0.044394635 0.051462438 0.053890903 0.057186331 0.058622491 0.064629786 0.067223738 0.071485022 0.073536741 0.072383683 0.080093862 0.083370597 0.084173915 0.090748604 0.09085699 0.095224897 0.097858547 0.101956689 0.103093805 0.106181155 0.110984343 0.108197947 0.110840352 0.113830619 0.117775161 0.120284485 0.120683833 0.120004602 0.123175687 0.122480407 0.125198887 0.129623872 0.128271899 0.129335896 0.130453166 0.133022658 0.135285346 0.140325 0.141871559 0.145860395 0.149057604 0.150847619 0.151302209 0.153394529 0.165259355 0.166351652 0.173316 0 0 0 0 0 0 0.243655285 0.278011532 0.281032386 0.315977528 0.331371368 0.319351172 0.348510141 0.335551763 0.432536091 0.57401006 0.465178934 2.393389205 3.451623017 2.848938252
553.698 0 0 0 0 0 0 0 0 0 0 0 0 0 0 0 0 0 0 0.006886998 0.010907423 0.007527353 0.011623993 0.008393423 0.007937013 0.010591375 0.012745305 0.011617814 0.013316005 0.010603144 0.0124423 0.01203534 0.016712848 0.014611968 0.014004196 0.013766202 0.017220104 0.020160289 0.019890779 0.021416434 0.020193197 0.02220579 0.025876755 0.023204928 0.027745628 0.031845082 0.031829776 0.032921137 0.038577298 0.040714442 0.043854183 0.046926695 0.049640985 0.050898201 0.05636767 0.058492833 0.062324196 0.066812322 0.067845093 0.071648068 0.074652915 0.079699614 0.080160347 0.079930312 0.086405341 0.085253497 0.092441044 0.098494813 0.096554129 0.099666856 0.104728748 0.107842414 0.107840997 0.108735379 0.108740856 0.109836704 0.108660739 0.115821218 0.113754025 0.114667165 0.120759218 0.121644398 0.119955566 0.121348202 0.121998957 0.127682065 0.129590673 0.132139502 0.132414855 0.139238811 0.137939716 0.145507314 0.141373053 0.148685624 0.151126545 0.153946563 0.166000249 0 0 0 0 0 0 0.232582236 0.243461737 0.25025242 0.281276473 0.299373272 0.297468649 0.293018518 0.323544237 0.380341757 0.495225036 0.364356409 0.798910575 1.171659093 3.218194017 -7.382430473
557.032 0 0 0 0 0 0 0 0 0 0 0 0 0 0 0 0 0 0.004944389 0.005133259 -2.82e-06 0.005275562 0.001453469 0.009249074 0.006734228 0.009186223 0.010162381 0.004156133 0.009917165 0.010620573 0.00837815 0.012356245 0.011837606 0.01490278 0.013531773 0.017134389 0.015777094 0.018563223 0.015304177 0.020376336 0.020704478 0.020480765 0.021759643 0.024834423 0.027281506 0.028836978 0.028573208 0.032125938 0.036345292 0.036890338 0.038718743 0.043694271 0.04444322 0.046932865 0.051897854 0.053693061 0.054758707 0.061995694 0.062677234 0.063217054 0.0662724 0.071563317 0.072261043 0.07598471 0.080282166 0.081965361 0.083900937 0.089930447 0.089768715 0.093092007 0.092519215 0.095813143 0.10292047 0.100871772 0.103928018 0.101209253 0.104474741 0.104066896 0.105892408 0.106916552 0.109951777 0.107263203 0.11216748 0.114616447 0.114650715 0.118375581 0.117190268 0.122827034 0.123505298 0.124391698 0.13304167 0.13560823 0.13648154 0.137623312 0.141872157 0.14535607 0.150966584 0 0 0 0 0 0 0.212301233 0.233516919 0.24649559 0.261661569 0.254621646 0.270808485 0.304160623 0.304620481 0.322047943 0.267713258 0.471162673 0.917410281 2.100070154 7.68339699 -0.917012244
560.367 0 0 0 0 0 0 0 0 0 0 0 0 0 0 0 0 0.005111411 0.005804828 0.000641 0.001566358 0.001815585 0.005121665 0.009025308 0.003520816 0.007423403 0.007606396 0.008365439 0.010784859 0.010799979 0.01001327 0.01233468 0.010268426 0.015088272 0.0151157 0.012972959 0.015023866 0.015900765 0.017134666 0.020121947 0.018194548 0.0229094 0.022413145 0.024461488 0.026067621 0.027341724 0.029604522 0.028521308 0.032468733 0.035919361 0.037458625 0.041182321 0.042259911 0.049020539 0.0506315 0.052632869 0.054083641 0.05744063 0.058816592 0.06345819 0.06608778 0.067689935 0.066993705 0.072457883 0.076215364 0.078883056 0.081159984 0.086499561 0.084541151 0.088717832 0.089698396 0.093344084 0.091526258 0.094317924 0.096449677 0.093812459 0.098500076 0.100558946 0.098481732 0.101744688 0.101127863 0.102933495 0.106797669 0.105607609 0.108535934 0.112252609 0.113823828 0.113787851 0.118575158 0.123474833 0.118971071 0.124903917 0.127443253 0.134324009 0.131966126 0.137181347 0 0 0 0 0 0 0.181144652 0.19288047 0.20972846 0.237445758 0.243922407 0.25345325 0.27134131 0.253199406 0.28218334 0.320173459 0.194009672 0.130132387 0.333843225 -0.062142286 1.248521249 -20.37809069
563.703 0 0 0 0 0 0 0 0 0 0 0 0 0 0 0 0.011541157 0.011555717 0.009037494 0.003746287 0.009357926 0.011184538 0.010939001 0.00925439 0.008486303 0.008672891 0.01057438 0.009285601 0.012155238 0.011118471 0.013933842 0.017038717 0.01436764 0.017027635 0.017181296 0.014169905 0.018541745 0.016980989 0.018692645 0.021137054 0.022220966 0.020464271 0.022150079 0.026790386 0.025577838 0.028948553 0.02987481 0.030837523 0.034126709 0.036333188 0.039323596 0.04133107 0.043252422 0.047670554 0.046742002 0.049207476 0.051461493 0.056373176 0.059843682 0.060384768 0.065990711 0.063484744 0.072688541 0.069479606 0.069640478 0.072800881 0.075906854 0.083093137 0.083013536 0.084210642 0.089152824 0.088812032 0.089495204 0.08936095 0.089314357 0.093382893 0.095434705 0.096049192 0.095962969 0.098980488 0.098060226 0.100654044 0.099871894 0.101471269 0.104538688 0.104004145 0.10669365 0.110118895 0.112517099 0.11616587 0.118446521 0.12205334 0.119457101 0.129300874 0.129669704 0.133276143 0 0 0 0 0 0 0.176872601 0.198429736 0.219022544 0.216486557 0.238060679 0.248655465 0.246857291 0.261328173 0.263758256 0.370958217 0.438562099 0.470820303 0.555184952 2.321140549 7.304547779 29.01951133
567.039 0 0 0 0 0 0 0 0 0 0 0 0 0 0 0.005140267 -0.006068371 -0.002778501 0.000329 0.002782337 0.000155 0.000305 -0.001192675 0.001427625 0.006733977 0.004751942 0.00277728 0.005934992 0.002096174 0.004357469 0.007798713 0.006865293 0.005795643 0.009318983 0.011278017 0.012899044 0.010569319 0.013729176 0.013072257 0.017167687 0.016368585 0.017209999 0.022060368 0.020463864 0.023026505 0.02367975 0.025158597 0.029840674 0.028826957 0.033085516 0.029357374 0.035070227 0.039196245 0.039688975 0.042364926 0.045928595 0.047814361 0.048780001 0.049013886 0.053301616 0.056362927 0.058651914 0.057068112 0.064266864 0.061147653 0.066610358 0.069273314 0.071177311 0.06906963 0.075367333 0.075183787 0.078531005 0.07724332 0.082939121 0.08110626 0.083999905 0.08458323 0.083144435 0.084001349 0.089557749 0.089640865 0.091387379 0.092308568 0.0902301 0.092517824 0.093744673 0.096388785 0.097808405 0.102426978 0.103312779 0.106441527 0.107031675 0.110891549 0.112367729 0.120334321 0 0 0 0 0 0 0.159424006 0.163221414 0.174165931 0.178657987 0.19977664 0.197008372 0.195991949 0.202421887 0.213007942 0.195664804 0.176268269 0.171109557 0.000172 -0.239036701 -1.449228442 -5.314687716 -13.15555321
570.375 0 0 0 0 0 0 0 0 0 0 0 0 0 0.013394018 0.013549387 0.013884888 0.009629849 0.013608026 0.00976371 0.011916242 0.00808523 0.015757469 0.015897564 0.018755569 0.015471241 0.014185594 0.016646681 0.015040351 0.011510747 0.01468364 0.014602921 0.016463935 0.01710208 0.014802364 0.015057148 0.015304752 0.016577977 0.01505824 0.019238202 0.0189734 0.021415037 0.02210536 0.022322011 0.025700928 0.026572886 0.02927472 0.029283631 0.030289154 0.033769723 0.038699409 0.038701584 0.041224125 0.039603361 0.044742626 0.046417656 0.048398585 0.050915939 0.052751174 0.052743339 0.055271752 0.061360378 0.065239534 0.06564277 0.065741847 0.068395478 0.069694489 0.06953693 0.075454766 0.073809544 0.074599297 0.080949681 0.080343818 0.081295427 0.084412428 0.08345113 0.082964007 0.085534784 0.087148226 0.086828409 0.089088905 0.090697857 0.088608151 0.090026829 0.091086174 0.094356593 0.100587795 0.102213396 0.104043289 0.105118881 0.107768068 0.111465864 0.108266556 0.116634381 0.118602197 0 0 0 0 0 0 0.162171663 0.17214426 0.17576353 0.187761474 0.203886247 0.200269167 0.241346163 0.244974028 0.243223883 0.288973505 0.340111974 0.419302851 0.407274524 1.046524325 2.228705149 12.01332944 30.2820359
573.713 0 0 0 0 0 0 0 0 0 0 0 0 0.008096678 0.01111946 0.008550488 0.013547919 0.006128361 0.007488077 0.012438147 0.012901585 0.014026204 0.007966029 0.007963646 0.006536652 0.010965827 0.01242371 0.014110429 0.007189038 0.012899711 0.013311436 0.015052406 0.015014452 0.013565817 0.013300761 0.015175289 0.015258194 0.015294654 0.016729755 0.018700437 0.018634436 0.019943588 0.019195794 0.021079539 0.022374499 0.024622067 0.025673062 0.028880107 0.027896202 0.030881277 0.033734541 0.035292234 0.039629433 0.038961512 0.042630583 0.04479373 0.045797147 0.047644307 0.050313457 0.050102321 0.053783802 0.057417691 0.060041927 0.060719248 0.061022108 0.063609917 0.063921245 0.06588944 0.067855152 0.069687632 0.070463239 0.072997133 0.073274375 0.077824878 0.075682192 0.076409434 0.078992276 0.078709963 0.077602671 0.080402342 0.081094239 0.085541413 0.083839786 0.087170578 0.087063472 0.090804591 0.090806326 0.092690752 0.093388908 0.099706542 0.104825834 0.100876978 0.105878074 0.109738837 0 0 0 0 0 0 0.138009041 0.153809611 0.159095186 0.16897963 0.175198809 0.18084549 0.192918209 0.204811741 0.223125408 0.21154098 0.219505544 0.251620056 0.317235849 0.471346554 0.54418888 1.34042994 11.53410709 9.559049339
577.05 0 0 0 0 0 0 0 0 0 0 0 0.005499685 0.000585 0.00498368 0.004088406 0.005966785 0.011943141 0.004938925 0.006642662 0.008884592 0.003116366 0.006471223 0.007686291 0.007805888 0.007632531 0.005512873 0.008478921 0.007553131 0.010878495 0.010621383 0.01237142 0.010755801 0.012393368 0.013405721 0.012576278 0.013033837 0.013922516 0.015259184 0.016512805 0.016613723 0.018397806 0.018411163 0.018215696 0.021559688 0.021488814 0.023842221 0.025069622 0.027859113 0.03002628 0.029374568 0.032877093 0.034301249 0.034020785 0.038330001 0.038202076 0.037400936 0.039373782 0.044262279 0.048351574 0.049012379 0.047856006 0.052267617 0.053224292 0.053787916 0.056683284 0.060477392 0.063731682 0.065238412 0.064374245 0.063537596 0.064947732 0.068464715 0.073425106 0.07279554 0.072109509 0.069317713 0.073026469 0.07451115 0.07421936 0.077143885 0.07652023 0.077268346 0.078441593 0.080363964 0.079991158 0.082780195 0.087013652 0.087372884 0.091965795 0.0867863 0.097246994 0.09897107 0.097376376 0 0 0 0 0 0 0.127997971 0.136512179 0.139347458 0.150419866 0.165640389 0.167514622 0.175958138 0.179533177 0.197868091 0.190583946 0.197224814 0.20321584 0.236385115 0.196778791 0.747218268 0.383567664 -4.359927577 -49.43924105
580.388 0 0 0 0 0 0 0 0 0 0 0.01340034 0.010379544 0.006706981 0.012260378 0.011898083 0.009207385 0.012977038 0.009357996 0.007788309 0.004832686 0.009030014 0.008562739 0.005639952 0.008904305 0.01335741 0.011774457 0.012994941 0.00729758 0.012773345 0.009191398 0.013587852 0.012418612 0.013281348 0.010989037 0.017015324 0.013483351 0.01491537 0.015226697 0.015958613 0.017350634 0.017473346 0.018273968 0.019418695 0.019079751 0.022704739 0.022049379 0.02656399 0.028574293 0.027990894 0.031997965 0.030658297 0.034839429 0.035850455 0.037387731 0.038259188 0.042141044 0.041287582 0.043501659 0.044873875 0.047024551 0.051380086 0.050542994 0.052249075 0.052574309 0.054832408 0.055294857 0.058461925 0.060561886 0.059415482 0.062664279 0.063937929 0.063972533 0.065444149 0.06991915 0.067883573 0.068204353 0.067823079 0.071281504 0.072343996 0.072078039 0.074818684 0.071265473 0.07702364 0.077915244 0.078003313 0.079502583 0.080094052 0.081210279 0.088399944 0.086506248 0.089385385 0.094144996 0 0 0 0 0 0 0.12121722 0.119387555 0.12831146 0.135329906 0.153933665 0.151121396 0.172768925 0.183366544 0.180566449 0.187444529 0.194372207 0.169162369 0.196674906 0.254245565 0.431608627 0.644787044 1.466859731 9.724958669 24.73805101
583.727 0 0 0 0 0 0 0 0 0 0.000853 0.003127572 -0.003258964 0.004327694 -0.002874854 0.004812939 0.009719548 0.00296196 0.00033 0.004453563 0.004976033 0.008379333 0.005387023 0.007787712 -6.66e-06 0.003331166 0.005609412 0.004766415 0.007626402 0.009918222 0.008407484 0.003204725 0.010104402 0.009767423 0.010697444 0.007632653 0.011205426 0.010931525 0.010070645 0.013373895 0.01459468 0.014970848 0.015980409 0.017719214 0.016804767 0.021486526 0.021668794 0.022917054 0.023200494 0.024049384 0.027837588 0.027785727 0.030443426 0.028644538 0.031575516 0.034323947 0.032237675 0.036164144 0.037768694 0.038004542 0.044550407 0.041261359 0.048072118 0.046854879 0.045456135 0.049236476 0.052083105 0.053244609 0.056760099 0.054876323 0.057731295 0.056553352 0.057958851 0.059481347 0.063235239 0.06279336 0.058048497 0.065569041 0.062837663 0.065643661 0.066292271 0.066175225 0.067427046 0.069134879 0.068613061 0.068980379 0.068943324 0.073554997 0.076219712 0.078860047 0.080046292 0.080359631 0.083403258 0 0 0 0 0 0 0.107858274 0.113465821 0.117938085 0.130039662 0.125260279 0.13079586 0.14878709 0.15199961 0.16127327 0.180644708 0.166689329 0.161184403 0.129344589 0.176381146 0.359853412 -0.442530738 -0.635698627 -4.335906531 -7.520637175
587.066 0 0 0 0 0 0 0 0 0.000219 0.001717744 0.004383301 0.007304614 0.005122113 0.006109001 0.003525438 0.003237516 0.004535624 0.00270956 0.010249497 0.003374957 0.00372649 0.003744011 0.00505106 0.009712971 0.006394342 0.008424017 0.008435293 0.00844969 0.012736509 0.006900712 0.011480264 0.009909716 0.008217752 0.011551139 0.013937063 0.013049303 0.012617066 0.012773599 0.013769086 0.014821645 0.016297501 0.016032783 0.016384195 0.019342219 0.018225778 0.01851618 0.020840409 0.022373002 0.025539142 0.024925301 0.028194349 0.0280817 0.029751315 0.032230811 0.032607084 0.029616089 0.033104017 0.035887297 0.037414944 0.037150683 0.039916811 0.04106516 0.04138289 0.041786385 0.048682697 0.046187015 0.045751542 0.050836645 0.053492471 0.054619919 0.055928948 0.05691394 0.05522083 0.059369176 0.056630008 0.057390449 0.060021756 0.060282234 0.060013884 0.062398424 0.061610264 0.062275921 0.063843666 0.060941995 0.066347764 0.066858218 0.07005791 0.071331133 0.074128871 0.076077335 0.075215025 0 0 0 0 0 0 0.091692949 0.096063631 0.106866493 0.113225955 0.127549435 0.121201631 0.135740301 0.145869592 0.139962187 0.140197789 0.136613565 0.147267864 0.172437122 0.212286643 0.055167124 0.023587346 0.161008901 0.381555701 2.297259868 -4.750602006
590.406 0 0 0 0 0 0 0.002114619 -0.001148907 0.004017726 -0.000217 0.004218734 0.002873847 0.005972472 0.008687266 0.008244442 0.005092726 0.006357113 0.008407664 0.006513475 0.005524257 0.004075893 0.003479028 0.004372993 0.004486256 0.006190926 0.005931435 0.004817115 0.00948489 0.014236069 0.011221652 0.009196098 0.008008389 0.010702513 0.012701286 0.010687654 0.011175514 0.010317582 0.013985181 0.014704251 0.015755819 0.01508265 0.01427698 0.016002754 0.017785988 0.020676358 0.019461927 0.022892067 0.021679 0.024232826 0.023051768 0.026326987 0.028297328 0.027402535 0.028973145 0.03098314 0.033874632 0.032983656 0.034931482 0.040684283 0.03907524 0.038594903 0.041941372 0.041212491 0.043491543 0.045870075 0.04489154 0.048028962 0.047643122 0.051515655 0.048344068 0.052955862 0.050271559 0.052182444 0.052901144 0.056533948 0.054207063 0.054059951 0.055013457 0.055611605 0.05674438 0.05832393 0.058699843 0.062302062 0.061654185 0.060146238 0.065506884 0.066472473 0.066939906 0.071604241 0.068970623 0.073908607 0 0 0 0 0 0 0.09264929 0.095580186 0.103505919 0.109575469 0.102946764 0.119098699 0.121753133 0.121374991 0.136687422 0.146993911 0.163129022 0.16247675 0.16413284 0.142996449 0.304304888 0.300446488 0.061122522 0.963786219 -0.25724242 -9.607644414
593.746 0 0 0 0 0 0.013196893 0.008339127 0.014835297 0.008338671 0.010930046 0.010008561 0.008484229 0.01105094 0.007784063 0.009255566 0.012115741 0.009086435 0.014199203 0.013988296 0.014756356 0.010611899 0.011457395 0.011625529 0.010610021 0.00896324 0.01275134 0.014707916 0.012324714 0.009768744 0.015392113 0.012338382 0.014951851 0.014804798 0.011342114 0.013528592 0.014452875 0.015249104 0.015996632 0.013909718 0.016574319 0.015220312 0.01697901 0.017718732 0.0175727 0.019462377 0.022041401 0.021318867 0.025472853 0.0231175 0.0258275 0.026081716 0.025981288 0.029596431 0.030688915 0.032514487 0.031118849 0.034460455 0.037685945 0.035955865 0.041166508 0.040978515 0.042597024 0.046749786 0.04414666 0.0463749 0.049135521 0.048787149 0.047084299 0.048750805 0.048935451 0.050365849 0.051312204 0.052518517 0.051682233 0.054456566 0.053522419 0.054558474 0.056762308 0.057445149 0.057051367 0.059781643 0.059743795 0.060350153 0.059989546 0.060935917 0.064782628 0.067425923 0.068345381 0.068757078 0.072668865 0 0 0 0 0 0 0.08475474 0.090189663 0.094278906 0.103134944 0.108676926 0.113793992 0.125155379 0.117597151 0.135275613 0.15303922 0.152255361 0.171580053 0.16827439 0.220373813 0.257690929 0.28463479 0.406855833 0.368652328 2.853127387 15.35685949 30.9584568
597.086 0 0 0 0 0.005799611 -0.004687169 0.002402388 -0.004443133 -0.00182161 0.003523124 -0.001936894 -0.001675626 0.011143286 0.001567755 0.00571726 -0.002594754 0.001969584 0.000342 0.005091072 -0.002156302 0.006060905 0.004463389 0.000889 0.006843406 0.005205856 0.00354084 0.006032301 0.006153768 0.004868787 0.003214053 0.006484674 0.006326768 0.008726864 0.008379223 0.01122253 0.00834361 0.009821655 0.010213741 0.011282569 0.012573474 0.01363491 0.012960252 0.014903476 0.014789948 0.015436502 0.01483089 0.01699986 0.017264247 0.020356545 0.023117565 0.021652124 0.023833232 0.025623474 0.025889473 0.024566106 0.029673226 0.028977424 0.031814332 0.033055146 0.032131949 0.032659385 0.035818697 0.038227592 0.035982833 0.039746484 0.040579002 0.037641433 0.040043528 0.042624843 0.041923843 0.044283557 0.046557513 0.046670362 0.045891976 0.047419103 0.048220378 0.049068006 0.048081094 0.048242206 0.049750753 0.0541234 0.050690252 0.051260665 0.05024215 0.054190127 0.056134033 0.056252293 0.056321649 0.058985456 0.062883196 0 0 0 0 0 0 0.078994194 0.078503575 0.082211008 0.089733214 0.091215373 0.089768525 0.100623729 0.110862388 0.109575212 0.11783355 0.130796443 0.120651469 0.12356186 0.114320771 0.076891723 0.060504484 -0.02400956 0.454555938 -1.045944779 -5.508521011 -27.29889113
600.427 0 0 0 0.018860482 0.00926933 -0.001501617 0.003892455 0.001422116 0.0057577 0.004244541 0.004565512 0.005289119 0.009047362 0.005182484 0.008504373 0.00450401 0.006917356 0.008496328 0.005682565 0.006868869 0.006475912 0.009218286 0.011441586 0.008245031 0.006532202 0.009051222 0.008925146 0.008568293 0.008936178 0.009108877 0.007550257 0.010859226 0.008664959 0.01036495 0.009548717 0.010464262 0.010423061 0.011325724 0.012467157 0.012758185 0.012199384 0.012702816 0.014654788 0.01418075 0.016558981 0.018862794 0.019984442 0.018714075 0.022537878 0.024304543 0.022302126 0.022984043 0.02783011 0.028126126 0.027778096 0.026891931 0.027718819 0.030132827 0.034802808 0.032601923 0.033986878 0.033096667 0.036552 0.035810606 0.037072821 0.036668212 0.038112349 0.040238892 0.041325424 0.046031763 0.046128206 0.044354504 0.045451548 0.046493542 0.046608816 0.047076848 0.048373153 0.049351386 0.048237357 0.049262016 0.049913196 0.051061489 0.050491462 0.051291373 0.057026985 0.05585479 0.057339475 0.057057277 0.057547386 0 0 0 0 0 0 0.074375398 0.076660298 0.077338191 0.082561884 0.082965284 0.097312083 0.095669244 0.105303627 0.106183942 0.107046983 0.102471039 0.118183099 0.141180889 0.152710232 0.15899419 0.134953781 0.249095341 0.44872198 0.671028699 0.265306453 7.986143511 4.032732671
603.768 0 0 -0.002233306 -0.006977326 -0.004951349 -0.01314731 -0.005665593 -0.005272221 -0.005124159 -0.003391913 0.000431 0.00085 -0.003760313 -0.005452071 -0.000991 0.000757 -0.000552 -0.00126689 -0.001054271 -0.000177 -5.62e-06 -0.000798 0.001519193 0.000138 0.004071196 0.003898791 0.000903 0.006433538 0.00380418 0.0043176 0.005884615 0.00335646 0.008082651 0.008772949 0.008585745 0.006878147 0.008300584 0.00912472 0.007392228 0.009928579 0.009385999 0.01133123 0.010936011 0.014551466 0.012683786 0.013249489 0.012184833 0.016413866 0.013963511 0.018307715 0.01843996 0.019593398 0.020029952 0.021889614 0.022074708 0.021626501 0.025417839 0.024462028 0.027983175 0.027668852 0.027282453 0.031288548 0.031964016 0.031063185 0.030622285 0.030818021 0.033122223 0.035265383 0.035999653 0.036686071 0.037225138 0.041680561 0.039561616 0.038556163 0.037760922 0.039240385 0.04214472 0.04299261 0.044506385 0.045579197 0.04413779 0.046517723 0.047797594 0.048411381 0.048041534 0.046943506 0.052377351 0.052112664 0.053505737 0 0 0 0 0 0 0.064594807 0.063798481 0.070997272 0.078230423 0.078366777 0.079962009 0.081813077 0.082906727 0.091535359 0.082422923 0.101490247 0.108287237 0.105375319 0.090096495 0.090919111 0.091615614 0.069748055 -0.148282708 -1.41948395 -1.541489323 -7.800217896 -28.81626197
607.109 0 0.013025394 0.003076067 0.004046937 0.00470691 0.001017722 0.00247543 0.003617459 0.007491146 0.004093005 0.00619966 0.001725538 0.007736984 0.005878829 0.006094207 0.006104025 0.005921201 0.008272152 0.0073546 0.004600859 0.004608026 0.002857331 0.006725518 0.005443413 0.007336357 0.00648868 0.010489585 0.008951138 0.00895744 0.004454358 0.00865467 0.006304514 0.008610247 0.008909892 0.00996789 0.010292335 0.009891162 0.010978553 0.011492646 0.011616013 0.011718271 0.012449061 0.012991706 0.013678949 0.014937223 0.015550803 0.01730712 0.01829 0.01916465 0.018406012 0.020221931 0.020754163 0.023390759 0.023970733 0.021580425 0.024845956 0.026526881 0.025812392 0.025022551 0.028954486 0.028000227 0.031074262 0.033046125 0.035490038 0.033307715 0.036913994 0.032887721 0.034259768 0.037678687 0.03896179 0.038638686 0.03664431 0.040962356 0.039501194 0.039348368 0.040101341 0.042660659 0.039773835 0.040699382 0.041089955 0.041424374 0.044509269 0.042107187 0.041951769 0.046885254 0.047189589 0.051764746 0.051932318 0 0 0 0 0 0 0.061684319 0.064292363 0.064701749 0.073249556 0.071852831 0.083293588 0.085003331 0.084448176 0.104248743 0.088664323 0.10034634 0.101600571 0.104780962 0.11577327 0.13986941 0.149541881 0.147786872 0.167320896 0.207154383 0.638985931 1.145291062 3.78470169 17.05099187
610.451 0.010270347 -0.008206175 0.007903002 0.0013634 0.004209014 0.00512677 0.003745749 0.00875595 0.003305179 0.003669597 0.004018355 -0.00130759 0.003788189 0.004693928 0.001971172 0.009241469 0.006533029 0.001990437 0.006007738 0.004123735 0.007803748 0.008013394 0.007875621 0.007417463 0.000999 0.00436678 0.004578012 0.00766229 0.004466893 0.007266721 0.006859267 0.006367051 0.010356337 0.007087751 0.008627103 0.010309462 0.011004414 0.009870615 0.012164049 0.012910242 0.011624213 0.01196131 0.012960773 0.012743069 0.014102887 0.015239654 0.014887773 0.016830353 0.018645887 0.016413274 0.019487654 0.020136224 0.019159092 0.020775306 0.0235652 0.023804812 0.021692999 0.025185019 0.025362595 0.031338718 0.028180169 0.030716005 0.02887612 0.033956553 0.03091641 0.031972832 0.031140543 0.03250283 0.036628403 0.034437201 0.034332013 0.039432626 0.039040075 0.037364575 0.037895796 0.036271017 0.03886228 0.039796418 0.040080028 0.042158287 0.042808173 0.042220364 0.040888393 0.041234157 0.045417595 0.046442678 0.043571348 0.046083556 0 0 0 0 0 0 0.062173298 0.061395421 0.064048346 0.066868849 0.069748595 0.06870378 0.080077339 0.085286304 0.07950152 0.08553544 0.092148177 0.087593056 0.102221298 0.110283495 0.12134449 0.125675871 0.125446786 0.188672297 0.058729212 0.430036381 1.632892734 -0.272177819 11.1671339
613.792 0.003887518 0.00782051 -0.002797006 -0.001077966 0.007833845 -0.004321475 -7.84e-06 0.002404373 0.000696 -0.002732353 0.001099488 -0.000867 0.002282064 -0.00162843 0.003722759 0.006101193 -0.004089033 0.006289405 0.000693 0.00561422 0.002788793 0.003961534 0.001831331 0.000727 0.003951295 0.007297519 0.005697934 0.005721463 0.004422314 0.006508855 0.005476412 0.005881838 0.00628667 0.007647786 0.007117509 0.010710209 0.009192983 0.0077416 0.009698485 0.010269763 0.010470369 0.010531397 0.010096699 0.011665925 0.011351732 0.013183515 0.013386606 0.015609355 0.015249637 0.017371764 0.019883687 0.016692463 0.019666563 0.016878012 0.021041993 0.018152255 0.02196518 0.021270075 0.021818416 0.024214989 0.024255023 0.02410134 0.029404649 0.026607299 0.027994846 0.027756641 0.030089047 0.031462582 0.028678422 0.030852291 0.029502909 0.029801199 0.034110933 0.030959621 0.034386805 0.033597776 0.034878293 0.035160917 0.036721525 0.036792073 0.038033922 0.037444552 0.038011692 0.040262987 0.041979435 0.042711023 0.043757086 0 0 0 0 0 0 0.050088919 0.051793317 0.051982235 0.05675469 0.06542298 0.060695254 0.059592286 0.06170257 0.072438667 0.068119495 0.072494921 0.075150105 0.095387118 0.092554092 0.104576347 0.09771698 0.094001224 0.072804814 0.167333818 0.049747171 -0.426069206 0.606219909 9.195514282 -15.03162711
617.135 -0.0012215 -0.002960819 -0.005421238 -0.003857494 0.002951289 -0.002073342 -0.008093158 0.002217918 -0.003580888 -0.003246105 -0.001132237 0.001099457 -3.92e-06 -0.000627 0.002411697 0.001365323 0.000198 0.000734 0.000177 0.003651769 0.003194572 0.001460139 -2.99e-06 0.004953988 0.00374632 0.004554824 0.004365546 0.002543462 0.004881401 0.008283155 0.003916369 0.004934251 0.003359624 0.005699005 0.005635089 0.005773886 0.007024724 0.007296651 0.009842116 0.007391945 0.010697281 0.010347383 0.009347494 0.010264598 0.011348434 0.009448505 0.013457202 0.012644752 0.014880704 0.011857248 0.013620975 0.014901305 0.015896349 0.018015697 0.019081856 0.021228544 0.01969695 0.020484721 0.019215206 0.020966335 0.0238973 0.022793678 0.026515725 0.025282137 0.02611637 0.026370465 0.027055548 0.027504506 0.025945593 0.029943804 0.031384116 0.031213801 0.029382935 0.029750516 0.033357115 0.031304236 0.031222493 0.032244751 0.031914588 0.032013995 0.035099138 0.03418973 0.035446114 0.03746221 0.037542088 0.037576853 0.041078287 0 0 0 0 0 0 0.04535607 0.048234058 0.051256104 0.054944342 0.057105561 0.056857903 0.056904598 0.062604818 0.065258952 0.067929826 0.074688272 0.076777565 0.086476809 0.071172491 0.096743635 0.081496578 0.08517647 0.085316511 0.194710065 0.016945993 -0.173778717 -0.275292906 -1.385639833 -16.47474296
