NaN 600 596.73 593.46 590.19 586.92 583.65 580.38 577.11 573.84 570.57 567.3 564.03 560.76 557.49 554.22 550.95 547.68 544.41 541.14 537.87 534.6 531.33 528.06 524.79 521.52 518.25 514.98 511.71 508.44 505.17 501.9 498.63 495.36 492.09 488.82 485.55 482.28 479.01 475.74 472.47 469.2 465.93 462.66 459.39 456.12 452.85 449.58 446.31 443.04 439.77 436.5 433.23 429.96 426.69 423.42 420.15 416.88 413.61 410.34 407.07 403.8 400.53 397.26 393.99 390.72 387.45 384.18 380.91 377.64 374.37 371.1 367.83 364.56 361.29 358.02 354.75 351.48 348.21 344.94 341.67 338.4 335.13 331.86 328.59 325.32 322.05 318.78 315.51 312.24 308.97 305.7 302.43 299.16 295.89 292.62 289.35 286.08 282.81 279.54 276.27 273 269.73 266.46 263.19 259.92 256.65 253.38 250.11 246.84 243.57 240.3 237.03 233.76 230.49 227.22 223.95 220.68
NaN NaN NaN NaN NaN NaN NaN NaN NaN NaN NaN NaN NaN NaN NaN NaN NaN NaN NaN NaN NaN NaN NaN NaN NaN NaN NaN NaN NaN NaN NaN NaN NaN NaN NaN NaN NaN NaN NaN NaN NaN NaN NaN NaN NaN NaN NaN NaN NaN NaN NaN NaN NaN NaN NaN NaN NaN NaN NaN NaN NaN NaN NaN NaN NaN NaN NaN NaN NaN NaN NaN NaN NaN NaN NaN NaN NaN NaN NaN NaN NaN NaN NaN NaN NaN NaN NaN NaN NaN NaN NaN NaN NaN NaN NaN NaN NaN NaN NaN NaN NaN NaN NaN NaN NaN NaN NaN NaN NaN NaN NaN NaN NaN NaN NaN NaN NaN NaN
NaN NaN NaN NaN NaN NaN NaN NaN NaN NaN NaN NaN NaN NaN NaN NaN NaN NaN NaN NaN NaN NaN NaN NaN NaN NaN NaN NaN NaN NaN NaN NaN NaN NaN NaN NaN NaN NaN NaN NaN NaN NaN NaN NaN NaN NaN NaN NaN NaN NaN NaN NaN NaN NaN NaN NaN NaN NaN NaN NaN NaN NaN NaN NaN NaN NaN NaN NaN NaN NaN NaN NaN NaN NaN NaN NaN NaN NaN NaN NaN NaN NaN NaN NaN NaN NaN NaN NaN NaN NaN NaN NaN NaN NaN NaN NaN NaN NaN NaN NaN NaN NaN NaN NaN NaN NaN NaN NaN NaN NaN NaN NaN NaN NaN NaN NaN NaN NaN
210.901 0 0 0 0 0 0 0 0 0 0 0 0 0 0 0 0 0 0 0 0 0 0 0 0 0 0 0 0 0 0 0 0 0 0 0 0 0 0 0 0 0 0 0 0 0 0 0 0 0 0 0 0 0 0 0 0 0 0 0 0 0 0 0 0 0 0 0 0 0 0 0 0 0 0 0 0 0 0 0 0 0 0 0 0 0 0 0 0 0 0 0 0 0 0 0 0 0 0 0 0 0 0 0 0 0 0 0 0 0 0 0 0 0 0 0 0 0
214.065 0 0 0 0 0 0 0 0 0 0 0 0 0 0 0 0 0 0 0 0 0 0 0 0 0 0 0 0 0 0 0 0 0 0 0 0 0 0 0 0 0 0 0 0 0 0 0 0 0 0 0 0 0 0 0 0 0 0 0 0 0 0 0 0 0 0 0 0 0 0 0 0 0 0 0 0 0 0 0 0 0 0 0 0 0 0 0 0 0 0 0 0 0 0 0 0 0 0 0 0 0 0 0 0 0 0 0 0 0 0 0 0 0 0 0 0 0
217.232 0 0 0 0 0 0 0 0 0 0 0 0 0 0 0 0 0 0 0 0 0 0 0 0 0 0 0 0 0 0 0 0 0 0 0 0 0 0 0 0 0 0 0 0 0 0 0 0 0 0 0 0 0 0 0 0 0 0 0 0 0 0 0 0 0 0 0 0 0 0 0 0 0 0 0 0 0 0 0 0 0 0 0 0 0 0 0 0 0 0 0 0 0 0 0 0 0 0 0 0 0 0 0 0 0 0 0 0 0 0 0 0 0 0 0 0 0
220.402 0 0 0 0 0 0 0 0 0 0 0 0 0 0 0 0 0 0 0 0 0 0 0 0 0 0 0 0 0 0 0 0 0 0 0 0 0 0 0 0 0 0 0 0 0 0 0 0 0 0 0 0 0 0 0 0 0 0 0 0 0 0 0 0 0 0 0 0 0 0 0 0 0 0 0 0 0 0 0 0 0 0 0 0 0 0 0 0 0 0 0 0 0 0 0 0 0 0 0 0 0 0 0 0 0 0 0 0 0 0 0 0 0 0 0 0 0
223.574 0 0 0 0 0 0 0 0 0 0 0 0 0 0 0 0 0 0 0 0 0 0 0 0 0 0 0 0 0 0 0 0 0 0 0 0 0 0 0 0 0 0 0 0 0 0 0 0 0 0 0 0 0 0 0 0 0 0 0 0 0 0 0 0 0 0 0 0 0 0 0 0 0 0 0 0 0 0 0 0 0 0 0 0 0 0 0 0 0 0 0 0 0 0 0 0 0 0 0 0 0 0 0 0 0 0 0 0 0 0 0 0 0 0 0 0 0
226.748 0 0 0 0 0 0 0 0 0 0 0 0 0 0 0 0 0 0 0 0 0 0 0 0 0 0 0 0 0 0 0 0 0 0 0 0 0 0 0 0 0 0 0 0 0 0 0 0 0 0 0 0 0 0 0 0 0 0 0 0 0 0 0 0 0 0 0 0 0 0 0 0 0 0 0 0 0 0 0 0 0 0 0 0 0 0 0 0 0 0 0 0 0 0 0 0 0 0 0 0 0 0 0 0 0 0 0 0 0 0 0 0 0 0 0 0 0
229.925 0 0 0 0 0 0 0 0 0 0 0 0 0 0 0 0 0 0 0 0 0 0 0 0 0 0 0 0 0 0 0 0 0 0 0 0 0 0 0 0 0 0 0 0 0 0 0 0 0 0 0 0 0 0 0 0 0 0 0 0 0 0 0 0 0 0 0 0 0 0 0 0 0 0 0 0 0 0 0 0 0 0 0 0 0 0 0 0 0 0 0 0 0 0 0 0 0 0 0 0 0 0 0 0 0 0 0 0 0 0 0 0 0 0 0 0 0
233.104 0 0 0 0 0 0 0 0 0 0 0 0 0 0 0 0 0 0 0 0 0 0 0 0 0 0 0 0 0 0 0 0 0 0 0 0 0 0 0 0 0 0 0 0 0 0 0 0 0 0 0 0 0 0 0 0 0 0 0 0 0 0 0 0 0 0 0 0 0 0 0 0 0 0 0 0 0 0 0 0 0 0 0 0 0 0 0 0 0 0 0 0 0 0 0 0 0 0 0 0 0 0 0 0 0 0 0 0 0 0 0 0 0 0 0 0 10.69677781
236.285 0 0 0 0 0 0 0 0 0 0 0 0 0 0 0 0 0 0 0 0 0 0 0 0 0 0 0 0 0 0 0 0 0 0 0 0 0 0 0 0 0 0 0 0 0 0 0 0 0 0 0 0 0 0 0 0 0 0 0 0 0 0 0 0 0 0 0 0 0 0 0 0 0 0 0 0 0 0 0 0 0 0 0 0 0 0 0 0 0 0 0 0 0 0 0 0 0 0 0 0 0 0 0 0 0 0 0 0 0 0 0 0 0 0 0 -7.090117896 -33.0280522
239.469 0 0 0 0 0 0 0 0 0 0 0 0 0 0 0 0 0 0 0 0 0 0 0 0 0 0 0 0 0 0 0 0 0 0 0 0 0 0 0 0 0 0 0 0 0 0 0 0 0 0 0 0 0 0 0 0 0 0 0 0 0 0 0 0 0 0 0 0 0 0 0 0 0 0 0 0 0 0 0 0 0 0 0 0 0 0 0 0 0 0 0 0 0 0 0 0 0 0 0 0 0 0 0 0 0 0 0 0 0 0 0 0 0 0 -2.241030996 -3.887081465 9.109406784
242.655 0 0 0 0 0 0 0 0 0 0 0 0 0 0 0 0 0 0 0 0 0 0 0 0 0 0 0 0 0 0 0 0 0 0 0 0 0 0 0 0 0 0 0 0 0 0 0 0 0 0 0 0 0 0 0 0 0 0 0 0 0 0 0 0 0 0 0 0 0 0 0 0 0 0 0 0 0 0 0 0 0 0 0 0 0 0 0 0 0 0 0 0 0 0 0 0 0 0 0 0 0 0 0 0 0 0 0 0 0 0 0 0 0 -0.345225293 0.544559124 2.427585728 -1.896644116
245.844 0 0 0 0 0 0 0 0 0 0 0 0 0 0 0 0 0 0 0 0 0 0 0 0 0 0 0 0 0 0 0 0 0 0 0 0 0 0 0 0 0 0 0 0 0 0 0 0 0 0 0 0 0 0 0 0 0 0 0 0 0 0 0 0 0 0 0 0 0 0 0 0 0 0 0 0 0 0 0 0 0 0 0 0 0 0 0 0 0 0 0 0 0 0 0 0 0 0 0 0 0 0 0 0 0 0 0 0 0 0 0 0 0.037231691 0.573864166 2.052061581 0.966623264 7.261762004
249.035 0 0 0 0 0 0 0 0 0 0 0 0 0 0 0 0 0 0 0 0 0 0 0 0 0 0 0 0 0 0 0 0 0 0 0 0 0 0 0 0 0 0 0 0 0 0 0 0 0 0 0 0 0 0 0 0 0 0 0 0 0 0 0 0 0 0 0 0 0 0 0 0 0 0 0 0 0 0 0 0 0 0 0 0 0 0 0 0 0 0 0 0 0 0 0 0 0 0 0 0 0 0 0 0 0 0 0 0 0 0 0 0.069984052 -0.081918394 -0.03806292 1.325944156 5.557261753 15.2819069
252.228 0 0 0 0 0 0 0 0 0 0 0 0 0 0 0 0 0 0 0 0 0 0 0 0 0 0 0 0 0 0 0 0 0 0 0 0 0 0 0 0 0 0 0 0 0 0 0 0 0 0 0 0 0 0 0 0 0 0 0 0 0 0 0 0 0 0 0 0 0 0 0 0 0 0 0 0 0 0 0 0 0 0 0 0 0 0 0 0 0 0 0 0 0 0 0 0 0 0 0 0 0 0 0 0 0 0 0 0 0 0 0.024581893 0.122638117 -0.136566304 -0.045470474 1.391680736 0.58634364 4.432963591
255.423 0 0 0 0 0 0 0 0 0 0 0 0 0 0 0 0 0 0 0 0 0 0 0 0 0 0 0 0 0 0 0 0 0 0 0 0 0 0 0 0 0 0 0 0 0 0 0 0 0 0 0 0 0 0 0 0 0 0 0 0 0 0 0 0 0 0 0 0 0 0 0 0 0 0 0 0 0 0 0 0 0 0 0 0 0 0 0 0 0 0 0 0 0 0 0 0 0 0 0 0 0 0 0 0 0 0 0 0 0 -0.026396647 -0.011076544 -0.209311868 -0.189216304 -0.312358208 -0.738181232 -5.530098835 0.049721548
258.621 0 0 0 0 0 0 0 0 0 0 0 0 0 0 0 0 0 0 0 0 0 0 0 0 0 0 0 0 0 0 0 0 0 0 0 0 0 0 0 0 0 0 0 0 0 0 0 0 0 0 0 0 0 0 0 0 0 0 0 0 0 0 0 0 0 0 0 0 0 0 0 0 0 0 0 0 0 0 0 0 0 0 0 0 0 0 0 0 0 0 0 0 0 0 0 0 0 0 0 0 0 0 0 0 0 0 0 0 -0.017134809 -0.027264708 -0.140185592 -0.24555495 -0.383373082 0.064495188 -0.912471061 -5.095249439 -15.11467983
261.821 0 0 0 0 0 0 0 0 0 0 0 0 0 0 0 0 0 0 0 0 0 0 0 0 0 0 0 0 0 0 0 0 0 0 0 0 0 0 0 0 0 0 0 0 0 0 0 0 0 0 0 0 0 0 0 0 0 0 0 0 0 0 0 0 0 0 0 0 0 0 0 0 0 0 0 0 0 0 0 0 0 0 0 0 0 0 0 0 0 0 0 0 0 0 0 0 0 0 0 0 0 0 0 0 0 0 0 -0.022374076 -0.029818037 -0.030538238 -0.168966177 -0.208458529 -0.188818924 -0.400761234 -0.787377753 -2.5263117 -37.27984614
265.023 0 0 0 0 0 0 0 0 0 0 0 0 0 0 0 0 0 0 0 0 0 0 0 0 0 0 0 0 0 0 0 0 0 0 0 0 0 0 0 0 0 0 0 0 0 0 0 0 0 0 0 0 0 0 0 0 0 0 0 0 0 0 0 0 0 0 0 0 0 0 0 0 0 0 0 0 0 0 0 0 0 0 0 0 0 0 0 0 0 0 0 0 0 0 0 0 0 0 0 0 0 0 0 0 0 0 0.005127771 0.00765982 -0.010624135 -0.096770851 -0.125696372 -0.154068884 -0.095387721 -0.052486877 1.047784538 4.872860706 7.366659764
268.228 0 0 0 0 0 0 0 0 0 0 0 0 0 0 0 0 0 0 0 0 0 0 0 0 0 0 0 0 0 0 0 0 0 0 0 0 0 0 0 0 0 0 0 0 0 0 0 0 0 0 0 0 0 0 0 0 0 0 0 0 0 0 0 0 0 0 0 0 0 0 0 0 0 0 0 0 0 0 0 0 0 0 0 0 0 0 0 0 0 0 0 0 0 0 0 0 0 0 0 0 0 0 0 0 0 -0.006294305 -0.021941384 -0.012159882 -0.102764424 -0.092066875 -0.072232818 -0.065479844 -0.020858624 -0.392653058 -0.280491864 1.133702471 -23.63002621
271.434 0 0 0 0 0 0 0 0 0 0 0 0 0 0 0 0 0 0 0 0 0 0 0 0 0 0 0 0 0 0 0 0 0 0 0 0 0 0 0 0 0 0 0 0 0 0 0 0 0 0 0 0 0 0 0 0 0 0 0 0 0 0 0 0 0 0 0 0 0 0 0 0 0 0 0 0 0 0 0 0 0 0 0 0 0 0 0 0 0 0 0 0 0 0 0 0 0 0 0 0 0 0 0 0 -5.06e-05 -0.010676659 -0.022158854 -0.054643484 -0.098298594 -0.097733864 -0.047672067 -0.033255902 -0.042376071 -0.634592362 -1.885747712 -4.82445775 -20.78829849
274.643 0 0 0 0 0 0 0 0 0 0 0 0 0 0 0 0 0 0 0 0 0 0 0 0 0 0 0 0 0 0 0 0 0 0 0 0 0 0 0 0 0 0 0 0 0 0 0 0 0 0 0 0 0 0 0 0 0 0 0 0 0 0 0 0 0 0 0 0 0 0 0 0 0 0 0 0 0 0 0 0 0 0 0 0 0 0 0 0 0 0 0 0 0 0 0 0 0 0 0 0 0 0 0 0.012537052 0.003316483 -0.004272916 -0.03671715 -0.055803699 -0.026015425 0.025161199 -2.61e-07 0.04709893 -0.04284236 -0.128438205 0.634342067 4.173824299 -1.14641257
277.854 0 0 0 0 0 0 0 0 0 0 0 0 0 0 0 0 0 0 0 0 0 0 0 0 0 0 0 0 0 0 0 0 0 0 0 0 0 0 0 0 0 0 0 0 0 0 0 0 0 0 0 0 0 0 0 0 0 0 0 0 0 0 0 0 0 0 0 0 0 0 0 0 0 0 0 0 0 0 0 0 0 0 0 0 0 0 0 0 0 0 0 0 0 0 0 0 0 0 0 0 0 0 0.019987133 0.001613263 -0.003487846 -0.02590646 -0.048621097 -0.040037384 -0.037594241 -0.057543006 -0.065170527 -0.07769175 -0.107634535 -0.460408296 -1.971994099 -6.752961281 -20.06977955
281.068 0 0 0 0 0 0 0 0 0 0 0 0 0 0 0 0 0 0 0 0 0 0 0 0 0 0 0 0 0 0 0 0 0 0 0 0 0 0 0 0 0 0 0 0 0 0 0 0 0 0 0 0 0 0 0 0 0 0 0 0 0 0 0 0 0 0 0 0 0 0 0 0 0 0 0 0 0 0 0 0 0 0 0 0 0 0 0 0 0 0 0 0 0 0 0 0 0 0 0 0 0 0.033163334 0.026242958 0.017285304 0.00119323 -0.043957641 -0.034349334 0.004616225 -0.009329703 -0.035428464 -0.012946673 -0.010059462 -0.021364494 -0.127995613 -1.324272591 -10.4129206 -1.773341586
284.283 0 0 0 0 0 0 0 0 0 0 0 0 0 0 0 0 0 0 0 0 0 0 0 0 0 0 0 0 0 0 0 0 0 0 0 0 0 0 0 0 0 0 0 0 0 0 0 0 0 0 0 0 0 0 0 0 0 0 0 0 0 0 0 0 0 0 0 0 0 0 0 0 0 0 0 0 0 0 0 0 0 0 0 0 0 0 0 0 0 0 0 0 0 0 0 0 0 0 0 0 0.05250055 0.051058063 0.041498937 0.020731151 -0.009590059 -0.019989104 0.025451635 0.023063063 0.032114834 0.041673866 0.036454771 0.02645763 -0.006996907 0.576849623 0.168264961 3.186962945 -12.96231021
287.501 0 0 0 0 0 0 0 0 0 0 0 0 0 0 0 0 0 0 0 0 0 0 0 0 0 0 0 0 0 0 0 0 0 0 0 0 0 0 0 0 0 0 0 0 0 0 0 0 0 0 0 0 0 0 0 0 0 0 0 0 0 0 0 0 0 0 0 0 0 0 0 0 0 0 0 0 0 0 0 0 0 0 0 0 0 0 0 0 0 0 0 0 0 0 0 0 0 0 0 0.076545962 0.077540708 0.071746224 0.057267872 0.034514112 -0.003809297 0.025670095 0.025463211 0.027247227 0.022655679 -0.00894531 -0.014419085 -0.026146576 -3.79e-05 -0.249470953 -0.95337843 -5.631133281 -20.35253694
290.72 0 0 0 0 0 0 0 0 0 0 0 0 0 0 0 0 0 0 0 0 0 0 0 0 0 0 0 0 0 0 0 0 0 0 0 0 0 0 0 0 0 0 0 0 0 0 0 0 0 0 0 0 0 0 0 0 0 0 0 0 0 0 0 0 0 0 0 0 0 0 0 0 0 0 0 0 0 0 0 0 0 0 0 0 0 0 0 0 0 0 0 0 0 0 0 0 0 0 0.104981645 0.120288727 0.117546147 0.123954185 0.073587964 0.033604395 0.04951714 0.067384139 0.056644165 0.065978963 0.037798457 0.043647375 0.11662889 0.144237424 0.095257752 0.664218787 1.982368724 5.751598206 15.12216979
293.942 0 0 0 0 0 0 0 0 0 0 0 0 0 0 0 0 0 0 0 0 0 0 0 0 0 0 0 0 0 0 0 0 0 0 0 0 0 0 0 0 0 0 0 0 0 0 0 0 0 0 0 0 0 0 0 0 0 0 0 0 0 0 0 0 0 0 0 0 0 0 0 0 0 0 0 0 0 0 0 0 0 0 0 0 0 0 0 0 0 0 0 0 0 0 0 0 0 0.111893443 0.139680213 0.151687677 0.148138063 0.118210665 0.073648041 0.086006072 0.08642164 0.090290171 0.079002573 0.087974733 0.107930958 0.076239804 0.11299731 0.119809031 0.442059825 0.464306669 3.306141678 6.533348908 -2.304367868
297.166 0 0 0 0 0 0 0 0 0 0 0 0 0 0 0 0 0 0 0 0 0 0 0 0 0 0 0 0 0 0 0 0 0 0 0 0 0 0 0 0 0 0 0 0 0 0 0 0 0 0 0 0 0 0 0 0 0 0 0 0 0 0 0 0 0 0 0 0 0 0 0 0 0 0 0 0 0 0 0 0 0 0 0 0 0 0 0 0 0 0 0 0 0 0 0 0 0.097252879 0.134055483 0.161682496 0.171813497 0.148360654 0.118535118 0.110624341 0.111691227 0.094327493 0.083400168 0.074249466 0.050282441 0.073365009 0.06035675 0.049726987 0.164862315 0.277490084 9.56e-06 -0.801320346 2.785320192 -6.407520787
300.392 0 0 0 0 0 0 0 0 0 0 0 0 0 0 0 0 0 0 0 0 0 0 0 0 0 0 0 0 0 0 0 0 0 0 0 0 0 0 0 0 0 0 0 0 0 0 0 0 0 0 0 0 0 0 0 0 0 0 0 0 0 0 0 0 0 0 0 0 0 0 0 0 0 0 0 0 0 0 0 0 0 0 0 0 0 0 0 0 0 0 0 0 0 0 0 0.077843003 0.119169601 0.163947642 0.192524388 0.1930745 0.158372246 0.154334264 0.145290444 0.131604844 0.11518294 0.090362839 0.103364993 0.086638294 0.087068812 0.084078059 0.122513642 0.154311414 0.085180931 0.252478751 -0.37114629 -4.247477459 8.011299477
303.62 0 0 0 0 0 0 0 0 0 0 0 0 0 0 0 0 0 0 0 0 0 0 0 0 0 0 0 0 0 0 0 0 0 0 0 0 0 0 0 0 0 0 0 0 0 0 0 0 0 0 0 0 0 0 0 0 0 0 0 0 0 0 0 0 0 0 0 0 0 0 0 0 0 0 0 0 0 0 0 0 0 0 0 0 0 0 0 0 0 0 0 0 0 0 0.060337585 0.09374755 0.142375051 0.182956481 0.204485161 0.2040228 0.196698174 0.183498107 0.175502264 0.138607571 0.123135558 0.114177344 0.120964117 0.124229316 0.1057108 0.112828914 0.109947849 0.242389743 0.234586997 0.602363411 0.106866802 2.320593078 -9.682368977
306.85 0 0 0 0 0 0 0 0 0 0 0 0 0 0 0 0 0 0 0 0 0 0 0 0 0 0 0 0 0 0 0 0 0 0 0 0 0 0 0 0 0 0 0 0 0 0 0 0 0 0 0 0 0 0 0 0 0 0 0 0 0 0 0 0 0 0 0 0 0 0 0 0 0 0 0 0 0 0 0 0 0 0 0 0 0 0 0 0 0 0 0 0 0 0.047696186 0.074921251 0.113171517 0.15618751 0.201968556 0.210635494 0.221210319 0.212621665 0.201203936 0.181268509 0.162937131 0.130500171 0.126737132 0.125401408 0.129328489 0.135926299 0.142532003 0.210393484 0.289289819 0.549058533 0.67137982 3.014967238 -0.83892756 25.61426728
310.082 0 0 0 0 0 0 0 0 0 0 0 0 0 0 0 0 0 0 0 0 0 0 0 0 0 0 0 0 0 0 0 0 0 0 0 0 0 0 0 0 0 0 0 0 0 0 0 0 0 0 0 0 0 0 0 0 0 0 0 0 0 0 0 0 0 0 0 0 0 0 0 0 0 0 0 0 0 0 0 0 0 0 0 0 0 0 0 0 0 0 0 0 0.034029374 0.054132317 0.08176329 0.120152844 0.165892377 0.191143426 0.20823603 0.219052784 0.226150078 0.201992704 0.179182438 0.173326031 0.149782033 0.1409768 0.144583322 0.142653687 0.11220888 0.161085125 0.160871668 0.125936519 0.189140704 0.335033858 -0.316536882 -2.541968257 4.74522439
313.316 0 0 0 0 0 0 0 0 0 0 0 0 0 0 0 0 0 0 0 0 0 0 0 0 0 0 0 0 0 0 0 0 0 0 0 0 0 0 0 0 0 0 0 0 0 0 0 0 0 0 0 0 0 0 0 0 0 0 0 0 0 0 0 0 0 0 0 0 0 0 0 0 0 0 0 0 0 0 0 0 0 0 0 0 0 0 0 0 0 0 0 0.028865423 0.042238388 0.069305278 0.093874179 0.132923397 0.163448623 0.194829663 0.2169361 0.237150523 0.223572148 0.193914623 0.185316412 0.162023975 0.146991067 0.135246199 0.119544884 0.130099248 0.09765603 0.091324488 0.118987379 0.107896578 -0.026260262 -0.857546238 -1.747395204 -16.15852926 -23.89278109
316.553 0 0 0 0 0 0 0 0 0 0 0 0 0 0 0 0 0 0 0 0 0 0 0 0 0 0 0 0 0 0 0 0 0 0 0 0 0 0 0 0 0 0 0 0 0 0 0 0 0 0 0 0 0 0 0 0 0 0 0 0 0 0 0 0 0 0 0 0 0 0 0 0 0 0 0 0 0 0 0 0 0 0 0 0 0 0 0 0 0 0 0.031328016 0.042113265 0.059414406 0.082031823 0.114219191 0.148050558 0.175517093 0.200516098 0.232323477 0.239751249 0.221375995 0.20998217 0.201921099 0.177715108 0.162891524 0.153627139 0.151118636 0.163187503 0.158434252 0.133613533 0.221488554 0.249141921 0.290982977 0.373654707 1.658288367 3.655496901 -3.121070381
319.791 0 0 0 0 0 0 0 0 0 0 0 0 0 0 0 0 0 0 0 0 0 0 0 0 0 0 0 0 0 0 0 0 0 0 0 0 0 0 0 0 0 0 0 0 0 0 0 0 0 0 0 0 0 0 0 0 0 0 0 0 0 0 0 0 0 0 0 0 0 0 0 0 0 0 0 0 0 0 0 0 0 0 0 0 0 0 0 0 0 0.030065714 0.043073674 0.056383479 0.07547139 0.098270392 0.129217756 0.152243948 0.19529182 0.229017646 0.246727653 0.247019679 0.23723038 0.227716169 0.197796091 0.171430711 0.165469443 0.165590566 0.170215909 0.159001773 0.166961047 0.164971314 0.239532178 0.184396143 0.345198986 0.613680322 -0.481034973 -2.14212714 -9.549430922
323.031 0 0 0 0 0 0 0 0 0 0 0 0 0 0 0 0 0 0 0 0 0 0 0 0 0 0 0 0 0 0 0 0 0 0 0 0 0 0 0 0 0 0 0 0 0 0 0 0 0 0 0 0 0 0 0 0 0 0 0 0 0 0 0 0 0 0 0 0 0 0 0 0 0 0 0 0 0 0 0 0 0 0 0 0 0 0 0 0 0.035028306 0.047061336 0.058501077 0.078414973 0.100373974 0.122904898 0.146061314 0.185540148 0.229426918 0.254224811 0.264295928 0.265567816 0.25160987 0.227127829 0.215321511 0.196744283 0.203936255 0.177016223 0.191486499 0.192656447 0.206393462 0.226602577 0.231037354 0.230312394 0.516333083 1.238637167 1.209762126 4.412638744 33.08076011
326.273 0 0 0 0 0 0 0 0 0 0 0 0 0 0 0 0 0 0 0 0 0 0 0 0 0 0 0 0 0 0 0 0 0 0 0 0 0 0 0 0 0 0 0 0 0 0 0 0 0 0 0 0 0 0 0 0 0 0 0 0 0 0 0 0 0 0 0 0 0 0 0 0 0 0 0 0 0 0 0 0 0 0 0 0 0 0 0 0.032741364 0.050107073 0.060720706 0.078213491 0.100131542 0.118749407 0.139560594 0.171970506 0.212710606 0.248401747 0.271689921 0.275195724 0.272832564 0.264204791 0.243799341 0.22658955 0.217609805 0.193624149 0.207195265 0.200689564 0.204810277 0.219237517 0.24241441 0.280320789 0.406771763 0.299534768 0.966069655 2.989306217 -0.67240264 22.06328382
329.517 0 0 0 0 0 0 0 0 0 0 0 0 0 0 0 0 0 0 0 0 0 0 0 0 0 0 0 0 0 0 0 0 0 0 0 0 0 0 0 0 0 0 0 0 0 0 0 0 0 0 0 0 0 0 0 0 0 0 0 0 0 0 0 0 0 0 0 0 0 0 0 0 0 0 0 0 0 0 0 0 0 0 0 0 0 0 0.033668364 0.052007103 0.06042698 0.078223718 0.09626506 0.113340154 0.143084808 0.167113575 0.200019438 0.240847889 0.266898659 0.284545753 0.28273485 0.281636234 0.279801886 0.260415348 0.23871505 0.231836817 0.209776663 0.220477216 0.219068527 0.224083247 0.230376795 0.240201501 0.265405555 0.437948638 0.461491385 1.166825905 1.780308874 7.611290168 14.76110843
332.763 0 0 0 0 0 0 0 0 0 0 0 0 0 0 0 0 0 0 0 0 0 0 0 0 0 0 0 0 0 0 0 0 0 0 0 0 0 0 0 0 0 0 0 0 0 0 0 0 0 0 0 0 0 0 0 0 0 0 0 0 0 0 0 0 0 0 0 0 0 0 0 0 0 0 0 0 0 0 0 0 0 0 0 0 0 0.034515208 0.045578689 0.059334568 0.077732015 0.095495552 0.116354682 0.129355039 0.145317975 0.182658313 0.220980219 0.25384551 0.275518228 0.297807881 0.294440337 0.290181712 0.278074386 0.254170092 0.249596757 0.239573151 0.233932947 0.219614838 0.230741242 0.224016903 0.22700132 0.282430643 0.296722537 0.35879309 0.496031907 1.070727588 2.035689631 4.430974157 -1.778422239
336.011 0 0 0 0 0 0 0 0 0 0 0 0 0 0 0 0 0 0 0 0 0 0 0 0 0 0 0 0 0 0 0 0 0 0 0 0 0 0 0 0 0 0 0 0 0 0 0 0 0 0 0 0 0 0 0 0 0 0 0 0 0 0 0 0 0 0 0 0 0 0 0 0 0 0 0 0 0 0 0 0 0 0 0 0 0.036577987 0.050797473 0.06291863 0.079533354 0.093743392 0.112197813 0.130086746 0.152664767 0.174376524 0.216453557 0.24709094 0.276894462 0.296531374 0.309727742 0.306207041 0.310261628 0.294844505 0.270559921 0.26046901 0.262164872 0.24278523 0.239393059 0.237083837 0.266076855 0.274584356 0.328128596 0.415239589 0.546225053 0.994389253 1.332169944 1.751136352 6.326853475 45.8492201
339.261 0 0 0 0 0 0 0 0 0 0 0 0 0 0 0 0 0 0 0 0 0 0 0 0 0 0 0 0 0 0 0 0 0 0 0 0 0 0 0 0 0 0 0 0 0 0 0 0 0 0 0 0 0 0 0 0 0 0 0 0 0 0 0 0 0 0 0 0 0 0 0 0 0 0 0 0 0 0 0 0 0 0 0 0.033980232 0.05022607 0.066547487 0.07832718 0.098371668 0.114069991 0.131735257 0.151374773 0.173783962 0.202196854 0.239961991 0.266709445 0.293136844 0.316668913 0.32943149 0.324870963 0.315799066 0.304944375 0.293088639 0.272925272 0.275067351 0.261565537 0.266676606 0.248276449 0.278770667 0.306761282 0.34660432 0.430196806 0.610671054 0.778123104 0.999111696 0.994997714 7.492546257 14.95635366
342.512 0 0 0 0 0 0 0 0 0 0 0 0 0 0 0 0 0 0 0 0 0 0 0 0 0 0 0 0 0 0 0 0 0 0 0 0 0 0 0 0 0 0 0 0 0 0 0 0 0 0 0 0 0 0 0 0 0 0 0 0 0 0 0 0 0 0 0 0 0 0 0 0 0 0 0 0 0 0 0 0 0 0 0.034166311 0.04562898 0.063030672 0.082246496 0.092671905 0.112341505 0.130997448 0.158877331 0.17351449 0.197231058 0.225544282 0.254047202 0.283992157 0.315083805 0.325099087 0.330171479 0.33020425 0.326523653 0.313310008 0.299427745 0.295648372 0.289133433 0.283711433 0.277717276 0.303301774 0.282530127 0.376189719 0.445049694 0.467170554 0.544494416 0.664945936 0.890834705 0.819103119 3.047949509 27.28195052
345.766 0 0 0 0 0 0 0 0 0 0 0 0 0 0 0 0 0 0 0 0 0 0 0 0 0 0 0 0 0 0 0 0 0 0 0 0 0 0 0 0 0 0 0 0 0 0 0 0 0 0 0 0 0 0 0 0 0 0 0 0 0 0 0 0 0 0 0 0 0 0 0 0 0 0 0 0 0 0 0 0 0 0.041752027 0.051338342 0.066105602 0.07925088 0.095537135 0.114191577 0.135265571 0.156791192 0.16889039 0.200936167 0.225012278 0.250308945 0.27202825 0.307014854 0.323359156 0.346830629 0.343366277 0.336750425 0.323324219 0.326196344 0.3254198 0.313920228 0.305187123 0.308559145 0.307308427 0.328500125 0.357908616 0.398425595 0.43009998 0.569531773 0.628052081 0.816387255 0.917149646 2.064711172 5.44562423 23.93112036
349.021 0 0 0 0 0 0 0 0 0 0 0 0 0 0 0 0 0 0 0 0 0 0 0 0 0 0 0 0 0 0 0 0 0 0 0 0 0 0 0 0 0 0 0 0 0 0 0 0 0 0 0 0 0 0 0 0 0 0 0 0 0 0 0 0 0 0 0 0 0 0 0 0 0 0 0 0 0 0 0 0 0.039832206 0.050212267 0.066289616 0.083517093 0.098085272 0.118452087 0.135652404 0.153740931 0.17663374 0.198215378 0.222211714 0.246219345 0.270033192 0.29977094 0.31841655 0.341080191 0.352433035 0.347743115 0.345292871 0.350153981 0.343433606 0.325037103 0.324185294 0.320501302 0.331564716 0.344166937 0.343846948 0.401660128 0.414906405 0.476020563 0.555931883 0.69541765 0.908312342 1.441181311 1.31474409 -1.188144727 -15.34104524
352.278 0 0 0 0 0 0 0 0 0 0 0 0 0 0 0 0 0 0 0 0 0 0 0 0 0 0 0 0 0 0 0 0 0 0 0 0 0 0 0 0 0 0 0 0 0 0 0 0 0 0 0 0 0 0 0 0 0 0 0 0 0 0 0 0 0 0 0 0 0 0 0 0 0 0 0 0 0 0 0 0.042958086 0.054632637 0.069510738 0.083366774 0.102003278 0.120752477 0.140489189 0.155814327 0.180158376 0.196713517 0.223340867 0.254503316 0.272881114 0.294131459 0.31905365 0.341942437 0.36309161 0.371230236 0.369746718 0.375571704 0.359222686 0.352303536 0.3496536 0.357020805 0.347543721 0.370578285 0.378700939 0.422644404 0.457363926 0.495580238 0.574198485 0.642481544 0.750927618 1.053244686 0.714749539 1.765585371 3.422517175 22.8133224
355.537 0 0 0 0 0 0 0 0 0 0 0 0 0 0 0 0 0 0 0 0 0 0 0 0 0 0 0 0 0 0 0 0 0 0 0 0 0 0 0 0 0 0 0 0 0 0 0 0 0 0 0 0 0 0 0 0 0 0 0 0 0 0 0 0 0 0 0 0 0 0 0 0 0 0 0 0 0 0 0.044976663 0.058363416 0.074645819 0.088360927 0.105390816 0.126410102 0.146548623 0.162104334 0.184793371 0.209792183 0.232089202 0.256831137 0.278252752 0.308897783 0.327034658 0.348004346 0.364049127 0.388372424 0.389545853 0.402597341 0.38101337 0.387574603 0.379852081 0.393044642 0.390875764 0.396724481 0.401086556 0.435052527 0.456718034 0.516569258 0.60915006 0.685333307 0.742930759 0.830093148 1.114280782 1.48936204 3.087542468 2.72864937 5.526624258
358.798 0 0 0 0 0 0 0 0 0 0 0 0 0 0 0 0 0 0 0 0 0 0 0 0 0 0 0 0 0 0 0 0 0 0 0 0 0 0 0 0 0 0 0 0 0 0 0 0 0 0 0 0 0 0 0 0 0 0 0 0 0 0 0 0 0 0 0 0 0 0 0 0 0 0 0 0 0 0.042164 0.055256186 0.071935773 0.08756312 0.109113447 0.12842661 0.142423692 0.167262742 0.187849532 0.207188935 0.230850891 0.254910286 0.275437871 0.297636646 0.318769836 0.343097774 0.36103315 0.3868331 0.400365542 0.394300176 0.400399767 0.405747873 0.397273211 0.397837807 0.404618877 0.414738371 0.427644862 0.438549261 0.467184851 0.505409006 0.565603726 0.625159787 0.668205441 0.735186845 0.78845607 0.895176771 1.208795534 1.998957157 1.501222125 13.14862489
362.061 0 0 0 0 0 0 0 0 0 0 0 0 0 0 0 0 0 0 0 0 0 0 0 0 0 0 0 0 0 0 0 0 0 0 0 0 0 0 0 0 0 0 0 0 0 0 0 0 0 0 0 0 0 0 0 0 0 0 0 0 0 0 0 0 0 0 0 0 0 0 0 0 0 0 0 0 0.037078096 0.05221428 0.068702914 0.090725648 0.107798247 0.127502354 0.149348803 0.168878061 0.187437317 0.200758273 0.231150749 0.250354771 0.27581488 0.300635552 0.326818895 0.344069541 0.370192943 0.382177961 0.398065973 0.413155215 0.405388371 0.419031381 0.409858412 0.40785778 0.423963016 0.423019625 0.439160149 0.44769248 0.474328521 0.49908325 0.553610522 0.580086078 0.623845782 0.683719023 0.704192276 0.767086706 0.678153474 0.560498689 0.253279302 -5.828598906 -44.68608663
365.325 0 0 0 0 0 0 0 0 0 0 0 0 0 0 0 0 0 0 0 0 0 0 0 0 0 0 0 0 0 0 0 0 0 0 0 0 0 0 0 0 0 0 0 0 0 0 0 0 0 0 0 0 0 0 0 0 0 0 0 0 0 0 0 0 0 0 0 0 0 0 0 0 0 0 0 0.038745519 0.049524126 0.067766944 0.086605845 0.109035486 0.133321595 0.151672311 0.175118706 0.195754862 0.213889082 0.23908024 0.259944965 0.285986042 0.304658668 0.32186574 0.349846359 0.361172865 0.381423262 0.404900496 0.41968014 0.426006658 0.422563396 0.437799895 0.437081145 0.437579472 0.446253043 0.4492248 0.473716901 0.482958111 0.503435906 0.552868674 0.565827179 0.66974938 0.704602687 0.750849502 0.808335069 0.801402757 0.839228724 1.40989084 1.842961303 1.796060984 3.019467538
368.591 0 0 0 0 0 0 0 0 0 0 0 0 0 0 0 0 0 0 0 0 0 0 0 0 0 0 0 0 0 0 0 0 0 0 0 0 0 0 0 0 0 0 0 0 0 0 0 0 0 0 0 0 0 0 0 0 0 0 0 0 0 0 0 0 0 0 0 0 0 0 0 0 0 0 0.036476658 0.050713558 0.065263153 0.086995947 0.106740694 0.131576588 0.152730051 0.17642998 0.196908061 0.219247046 0.23974176 0.267515993 0.292284658 0.309733317 0.332694917 0.351347993 0.372435311 0.39569218 0.409439558 0.428290271 0.433343736 0.443022254 0.450788558 0.446744077 0.448420722 0.450383509 0.461553971 0.480350378 0.488736555 0.510547731 0.551408016 0.58042217 0.608195761 0.6890324 0.758560173 0.806910484 0.87562934 0.907026477 1.006424614 0.747042912 2.100053183 5.871997785 -2.137847819
371.859 0 0 0 0 0 0 0 0 0 0 0 0 0 0 0 0 0 0 0 0 0 0 0 0 0 0 0 0 0 0 0 0 0 0 0 0 0 0 0 0 0 0 0 0 0 0 0 0 0 0 0 0 0 0 0 0 0 0 0 0 0 0 0 0 0 0 0 0 0 0 0 0 0 0.038090233 0.051921045 0.067110142 0.086130397 0.10727511 0.131611976 0.156825619 0.181856775 0.208073035 0.233072298 0.252780526 0.276672522 0.297976342 0.323579944 0.344837221 0.360950074 0.382657455 0.403096698 0.423504247 0.431984156 0.456003135 0.462320765 0.465664187 0.474633316 0.468818921 0.465752557 0.481134551 0.499813856 0.505802511 0.521778083 0.566649284 0.600466337 0.626248364 0.690702131 0.756174961 0.801401644 0.900935764 0.961412691 1.031460934 1.379035184 1.861564118 4.335954605 12.03237107 24.10257623
375.128 0 0 0 0 0 0 0 0 0 0 0 0 0 0 0 0 0 0 0 0 0 0 0 0 0 0 0 0 0 0 0 0 0 0 0 0 0 0 0 0 0 0 0 0 0 0 0 0 0 0 0 0 0 0 0 0 0 0 0 0 0 0 0 0 0 0 0 0 0 0 0 0 0.033971641 0.04799969 0.064122012 0.0817377 0.103798862 0.127556489 0.153263951 0.182005319 0.209794061 0.228450717 0.255976305 0.283193902 0.307980861 0.327159722 0.349797258 0.3713482 0.388336481 0.41715366 0.42593281 0.443585516 0.460698894 0.477415368 0.480731543 0.478279871 0.479462889 0.493766959 0.490070003 0.509475142 0.506060092 0.529270981 0.560242656 0.575828108 0.606085114 0.664567753 0.726280868 0.802907979 0.856452703 0.884748569 0.927524106 0.971456187 1.130398587 1.968984687 2.55962045 -1.275020192 9.622606967
378.399 0 0 0 0 0 0 0 0 0 0 0 0 0 0 0 0 0 0 0 0 0 0 0 0 0 0 0 0 0 0 0 0 0 0 0 0 0 0 0 0 0 0 0 0 0 0 0 0 0 0 0 0 0 0 0 0 0 0 0 0 0 0 0 0 0 0 0 0 0 0 0 0.03296508 0.045552877 0.062314184 0.07815181 0.102285544 0.121954193 0.148963636 0.177661779 0.20677993 0.235742231 0.261136361 0.286265985 0.311634463 0.329549294 0.360324285 0.376613539 0.398343489 0.420200155 0.430527173 0.44811836 0.461606046 0.479088801 0.481183368 0.490169512 0.489640209 0.496480504 0.498983196 0.500442824 0.504176263 0.523610677 0.542805259 0.569399701 0.610146979 0.646269774 0.696275591 0.77439769 0.815981586 0.888055371 0.929664731 0.95755691 1.040641411 1.042832606 1.099079307 0.124536941 3.537390102 24.60695553
381.672 0 0 0 0 0 0 0 0 0 0 0 0 0 0 0 0 0 0 0 0 0 0 0 0 0 0 0 0 0 0 0 0 0 0 0 0 0 0 0 0 0 0 0 0 0 0 0 0 0 0 0 0 0 0 0 0 0 0 0 0 0 0 0 0 0 0 0 0 0 0 0.035656161 0.043146967 0.056548955 0.077233097 0.097864164 0.120587555 0.144313186 0.174814955 0.209014509 0.234855754 0.266386432 0.294168623 0.320170967 0.340579714 0.363253429 0.380953991 0.405636792 0.427156069 0.438475389 0.457897335 0.478346744 0.485932886 0.4965368 0.510104688 0.510079246 0.516203022 0.514574371 0.518122816 0.514150982 0.535028883 0.557234177 0.561195085 0.587464926 0.633376202 0.67861558 0.737747748 0.790814993 0.834396846 0.937169822 1.000203625 0.907396961 1.067982895 1.211819136 1.615651806 1.445263046 10.85324358 -4.721460352
384.947 0 0 0 0 0 0 0 0 0 0 0 0 0 0 0 0 0 0 0 0 0 0 0 0 0 0 0 0 0 0 0 0 0 0 0 0 0 0 0 0 0 0 0 0 0 0 0 0 0 0 0 0 0 0 0 0 0 0 0 0 0 0 0 0 0 0 0 0 0 0.031228908 0.045126898 0.058074671 0.075621025 0.092955032 0.118253091 0.141634533 0.169483663 0.199802578 0.23364562 0.264147022 0.290226739 0.315060073 0.343001315 0.370607245 0.398520795 0.417453732 0.428234031 0.448900362 0.469711828 0.491080569 0.500928566 0.507652048 0.511049376 0.5204338 0.529069803 0.52209333 0.526812003 0.534423171 0.536072687 0.541688215 0.558697601 0.584760699 0.627599036 0.647416549 0.70850892 0.770675343 0.827174148 0.868714859 0.948757173 1.023091243 1.016618954 1.171128727 1.305384758 1.011610037 2.376726275 3.525115621 30.22005824
388.223 0 0 0 0 0 0 0 0 0 0 0 0 0 0 0 0 0 0 0 0 0 0 0 0 0 0 0 0 0 0 0 0 0 0 0 0 0 0 0 0 0 0 0 0 0 0 0 0 0 0 0 0 0 0 0 0 0 0 0 0 0 0 0 0 0 0 0 0 0.031918078 0.044993668 0.055303336 0.072538966 0.092090967 0.114611404 0.137712128 0.166223669 0.196465912 0.224860178 0.253460519 0.284933001 0.313269975 0.338495594 0.371181957 0.389256588 0.407357934 0.429082487 0.452841643 0.472169227 0.480642768 0.499820474 0.511270901 0.51528993 0.525706681 0.53927562 0.533926576 0.538072581 0.537652322 0.539066254 0.536114393 0.553412995 0.568863291 0.591428108 0.633396795 0.66365497 0.720608757 0.785656637 0.851138476 0.935409499 0.979458139 1.057595688 1.007824338 1.122720723 1.207498043 1.903590768 2.289985737 1.492115562 24.21543493
391.5 0 0 0 0 0 0 0 0 0 0 0 0 0 0 0 0 0 0 0 0 0 0 0 0 0 0 0 0 0 0 0 0 0 0 0 0 0 0 0 0 0 0 0 0 0 0 0 0 0 0 0 0 0 0 0 0 0 0 0 0 0 0 0 0 0 0 0 0.029416781 0.038317111 0.053064741 0.070102917 0.085595962 0.102692707 0.130370628 0.159613199 0.187563692 0.214613263 0.244976095 0.27636682 0.306650797 0.337236375 0.370515607 0.386267712 0.411035549 0.430381104 0.448153763 0.473288707 0.482760866 0.496965629 0.507264728 0.518904545 0.527828405 0.531349358 0.539239135 0.539132799 0.534760422 0.540096654 0.537729338 0.546422487 0.550977277 0.573393081 0.590285819 0.625803135 0.695750554 0.734107627 0.792239486 0.852100367 0.958390339 0.997524122 1.039823863 1.060601101 1.147181306 1.296986952 1.713279557 2.850762198 4.137944184 10.20593932
394.78 0 0 0 0 0 0 0 0 0 0 0 0 0 0 0 0 0 0 0 0 0 0 0 0 0 0 0 0 0 0 0 0 0 0 0 0 0 0 0 0 0 0 0 0 0 0 0 0 0 0 0 0 0 0 0 0 0 0 0 0 0 0 0 0 0 0 0.032623166 0.044962884 0.053721653 0.064162881 0.08492775 0.103122442 0.1234773 0.152508268 0.184093769 0.208644774 0.235740182 0.266085909 0.301553073 0.333623094 0.361911635 0.386016005 0.410511277 0.434833204 0.447553921 0.472923504 0.488816278 0.50462741 0.512220686 0.527201024 0.544526519 0.544649902 0.552564956 0.546525075 0.551866691 0.54236862 0.544347705 0.553786473 0.55192692 0.565580633 0.575116347 0.605031095 0.652670964 0.68364419 0.749910858 0.800006314 0.906741311 0.944855381 1.022164933 1.115510377 1.140036422 1.281419069 1.36451541 1.799723024 2.715160227 1.943224045 14.45126707
398.061 0 0 0 0 0 0 0 0 0 0 0 0 0 0 0 0 0 0 0 0 0 0 0 0 0 0 0 0 0 0 0 0 0 0 0 0 0 0 0 0 0 0 0 0 0 0 0 0 0 0 0 0 0 0 0 0 0 0 0 0 0 0 0 0 0 0.029060219 0.039694515 0.049336411 0.060545987 0.077206686 0.097552715 0.11926947 0.145292602 0.167808424 0.192586259 0.225803573 0.257030591 0.292309449 0.317679166 0.35390223 0.374783652 0.404867597 0.42499118 0.446574562 0.460938223 0.479527521 0.502139852 0.512774728 0.525013416 0.53504142 0.535103143 0.552194266 0.549308371 0.546634014 0.549199427 0.546935197 0.534328901 0.548110383 0.545255428 0.556420304 0.582432743 0.608302997 0.652818352 0.709677767 0.770992291 0.850468037 0.867253856 0.95968363 1.00848807 1.043244012 1.080680795 1.221183174 1.208337422 0.927165162 1.790603712 -0.231617308 1.858866809
401.343 0 0 0 0 0 0 0 0 0 0 0 0 0 0 0 0 0 0 0 0 0 0 0 0 0 0 0 0 0 0 0 0 0 0 0 0 0 0 0 0 0 0 0 0 0 0 0 0 0 0 0 0 0 0 0 0 0 0 0 0 0 0 0 0 0.031250669 0.036408775 0.048387911 0.060768874 0.075012075 0.095328892 0.112918094 0.134285982 0.157082675 0.188889778 0.218679427 0.244447959 0.274101647 0.308110606 0.337988965 0.371052758 0.396078221 0.416955414 0.441555294 0.45853585 0.474816312 0.490224917 0.512641527 0.528290874 0.530498544 0.551799002 0.549154374 0.5441518 0.548154477 0.551427377 0.544616916 0.541585036 0.538882382 0.542541932 0.544336341 0.553944908 0.584267747 0.609512756 0.652448788 0.699747296 0.764471241 0.835744189 0.901397923 0.973541173 1.037939129 1.060247358 1.11529996 1.152060156 1.230632478 1.028462771 2.357694301 0.242078648 20.43667376
404.627 0 0 0 0 0 0 0 0 0 0 0 0 0 0 0 0 0 0 0 0 0 0 0 0 0 0 0 0 0 0 0 0 0 0 0 0 0 0 0 0 0 0 0 0 0 0 0 0 0 0 0 0 0 0 0 0 0 0 0 0 0 0 0 0.024941953 0.030802144 0.041382035 0.055154541 0.072474062 0.089597808 0.103775935 0.128677551 0.15284813 0.178188039 0.20466546 0.23124384 0.265321995 0.291500065 0.323860869 0.356517019 0.383613983 0.407706846 0.433587926 0.446165707 0.473369496 0.4836608 0.495761282 0.515301077 0.527317041 0.545984184 0.545170788 0.550887531 0.554698561 0.553352312 0.557007468 0.549143884 0.545590703 0.540441179 0.539439953 0.544855456 0.55965216 0.584175392 0.618957726 0.655748532 0.701698083 0.791980937 0.836650157 0.921504313 0.999097472 0.996490277 1.038376725 1.054168464 0.966266415 1.211004631 1.359356825 -0.879697876 0 0.082965189
407.912 0 0 0 0 0 0 0 0 0 0 0 0 0 0 0 0 0 0 0 0 0 0 0 0 0 0 0 0 0 0 0 0 0 0 0 0 0 0 0 0 0 0 0 0 0 0 0 0 0 0 0 0 0 0 0 0 0 0 0 0 0 0 0.027345465 0.035675373 0.046767241 0.058628248 0.072298216 0.090184957 0.104755978 0.125515522 0.147824901 0.173692205 0.195893065 0.22696266 0.256907929 0.286226564 0.311101014 0.350887602 0.373507007 0.403677525 0.427053627 0.44503877 0.463867426 0.483492949 0.495849769 0.510100482 0.52454579 0.543600696 0.54505838 0.557816291 0.559135202 0.560387842 0.556827399 0.553359257 0.543551377 0.546607606 0.547245858 0.551530402 0.555618603 0.563687842 0.592618407 0.620044742 0.666219181 0.727608267 0.792726223 0.862422412 0.927270356 0.992467271 1.046611655 1.133981343 1.176384546 1.209566268 1.407131249 1.537987402 3.213632916 7.983561025 14.2690514
411.2 0 0 0 0 0 0 0 0 0 0 0 0 0 0 0 0 0 0 0 0 0 0 0 0 0 0 0 0 0 0 0 0 0 0 0 0 0 0 0 0 0 0 0 0 0 0 0 0 0 0 0 0 0 0 0 0 0 0 0 0 0 0.027950457 0.034148754 0.04361452 0.05492854 0.066841192 0.080409311 0.102252173 0.115112036 0.143633769 0.164714016 0.188698156 0.216560563 0.244048393 0.274096574 0.300399551 0.330636306 0.354835524 0.384539225 0.410293471 0.433690909 0.45389884 0.472197861 0.489334776 0.505733853 0.516511491 0.522738574 0.544496291 0.549990179 0.55973019 0.555301823 0.555036783 0.557926229 0.548935315 0.546530594 0.54417163 0.536558472 0.554988403 0.548670274 0.562175026 0.604337376 0.638143193 0.671593739 0.734169506 0.78711399 0.874756913 0.925685109 0.997197107 1.053312978 1.108279309 1.112327814 1.256813586 1.409360683 1.626692617 4.319842212 7.861282507 38.27232182
414.488 0 0 0 0 0 0 0 0 0 0 0 0 0 0 0 0 0 0 0 0 0 0 0 0 0 0 0 0 0 0 0 0 0 0 0 0 0 0 0 0 0 0 0 0 0 0 0 0 0 0 0 0 0 0 0 0 0 0 0 0 0.02360373 0.030922892 0.04334054 0.052194544 0.065132682 0.079862471 0.092450741 0.114505975 0.135228905 0.154398486 0.181562487 0.203420442 0.233817495 0.254921349 0.284854919 0.308554578 0.341546664 0.367732395 0.394705181 0.419307611 0.446069462 0.455729191 0.478616582 0.492902672 0.498281411 0.510815873 0.520759603 0.53536839 0.545858247 0.554693675 0.554658131 0.557814806 0.551111477 0.545292925 0.538046953 0.540524381 0.538635288 0.538586167 0.536936626 0.563061296 0.594534888 0.62540174 0.67963093 0.741254156 0.774292578 0.868314861 0.936196182 0.997269129 1.064568129 1.108472267 1.089504513 1.119275297 1.283808266 1.503409971 1.828744905 8.946734429 6.933747465
417.778 0 0 0 0 0 0 0 0 0 0 0 0 0 0 0 0 0 0 0 0 0 0 0 0 0 0 0 0 0 0 0 0 0 0 0 0 0 0 0 0 0 0 0 0 0 0 0 0 0 0 0 0 0 0 0 0 0 0 0 0.02295842 0.026330513 0.035679276 0.045842257 0.059876551 0.072832102 0.086743251 0.103515837 0.124618048 0.143714749 0.165325188 0.190673752 0.2163274 0.245034489 0.274604915 0.298755539 0.321413627 0.347931952 0.370124881 0.399419018 0.421910044 0.441061393 0.4586979 0.470605299 0.486989341 0.498638899 0.512081395 0.527078897 0.534450019 0.540757191 0.547980514 0.549112107 0.54226658 0.538304833 0.533011391 0.527399872 0.534193953 0.526417987 0.528339673 0.527355846 0.536842631 0.577278279 0.619911427 0.663562476 0.704099404 0.778292185 0.848106108 0.890439337 0.956359724 1.018539677 1.038574744 1.010243153 1.227073478 1.243914316 0.73169695 1.631040385 2.944648821 8.641205225
421.069 0 0 0 0 0 0 0 0 0 0 0 0 0 0 0 0 0 0 0 0 0 0 0 0 0 0 0 0 0 0 0 0 0 0 0 0 0 0 0 0 0 0 0 0 0 0 0 0 0 0 0 0 0 0 0 0 0 0 0.018913069 0.025163824 0.034537852 0.044678062 0.052306244 0.0689378 0.082163556 0.09741075 0.118438976 0.135527763 0.157068883 0.183870236 0.208325334 0.235440603 0.256459297 0.281237269 0.304175797 0.329734756 0.354520091 0.38061291 0.404912494 0.428866801 0.444682867 0.459972596 0.469550757 0.484265555 0.500342099 0.507138937 0.519793133 0.527974351 0.534193904 0.546890634 0.543323464 0.544202917 0.537121061 0.526574101 0.522186237 0.513297242 0.523758901 0.521161546 0.531912367 0.551295319 0.578343469 0.620700214 0.647958909 0.73345848 0.78221813 0.849285639 0.901104675 0.951129239 0.999290063 1.002735676 1.028638767 0.962016401 0.976805714 1.218945172 1.893532072 0.448405318 -21.06490291
424.362 0 0 0 0 0 0 0 0 0 0 0 0 0 0 0 0 0 0 0 0 0 0 0 0 0 0 0 0 0 0 0 0 0 0 0 0 0 0 0 0 0 0 0 0 0 0 0 0 0 0 0 0 0 0 0 0 0 0.018750692 0.024705132 0.033698554 0.042796028 0.051892244 0.063543659 0.078506692 0.09388063 0.109928366 0.128299016 0.150873076 0.17173141 0.196939977 0.21944431 0.246838803 0.267964881 0.292876448 0.320449668 0.341739171 0.362809085 0.388230084 0.414002994 0.427675983 0.448532985 0.454925013 0.472167326 0.484756108 0.494609807 0.50164215 0.516327622 0.526312754 0.530399326 0.534690658 0.53507601 0.53674096 0.52935568 0.524255147 0.516214666 0.515951973 0.509966037 0.52306156 0.521627979 0.55255939 0.581507469 0.613504396 0.679574419 0.724019276 0.782625231 0.85510313 0.910949126 0.969135425 0.981927727 1.025340648 1.085327588 1.219108325 1.161344219 0.999948082 1.439029571 -2.651115561 0
427.657 0 0 0 0 0 0 0 0 0 0 0 0 0 0 0 0 0 0 0 0 0 0 0 0 0 0 0 0 0 0 0 0 0 0 0 0 0 0 0 0 0 0 0 0 0 0 0 0 0 0 0 0 0 0 0 0 0.018295112 0.021534476 0.030563207 0.038138284 0.047107004 0.060825843 0.07291536 0.086495536 0.103990143 0.117044029 0.138241196 0.161146405 0.184843458 0.205579602 0.225893529 0.255666922 0.276978326 0.296944273 0.324151938 0.349292288 0.366066572 0.390450968 0.414179117 0.429248522 0.447705938 0.453471447 0.469840101 0.47811583 0.486088715 0.497984691 0.507812658 0.511048259 0.52222789 0.518772863 0.520243976 0.515440563 0.511802636 0.516949545 0.506645835 0.502148216 0.508875969 0.506614374 0.521994468 0.533897774 0.5555778 0.606152069 0.653921857 0.716867474 0.777595122 0.847639311 0.885489212 0.930176379 0.949247897 0.982405456 0.979123423 0.940379919 1.12677018 1.039617556 -0.216058213 1.763273825 0
430.952 0 0 0 0 0 0 0 0 0 0 0 0 0 0 0 0 0 0 0 0 0 0 0 0 0 0 0 0 0 0 0 0 0 0 0 0 0 0 0 0 0 0 0 0 0 0 0 0 0 0 0 0 0 0 0 0.018770071 0.023129058 0.028687318 0.035181031 0.044792226 0.053486885 0.070961254 0.080204554 0.095031751 0.109211107 0.128086515 0.147860596 0.16957527 0.191664431 0.216617228 0.24210183 0.266857111 0.291189775 0.312334279 0.333442129 0.348723115 0.375635155 0.392099137 0.415554717 0.434229027 0.440443796 0.457419898 0.466099177 0.474149689 0.474748057 0.492780478 0.503722853 0.509326624 0.512081393 0.515287959 0.520358632 0.513600049 0.505947433 0.502824113 0.503411349 0.497466341 0.507799543 0.505538111 0.510642423 0.54497789 0.577091286 0.615400835 0.669370813 0.702929813 0.778780506 0.830333786 0.893258022 0.937915901 0.952411253 0.983483068 1.06724923 1.084930949 1.350310874 1.500762769 2.500075233 0 0
434.249 0 0 0 0 0 0 0 0 0 0 0 0 0 0 0 0 0 0 0 0 0 0 0 0 0 0 0 0 0 0 0 0 0 0 0 0 0 0 0 0 0 0 0 0 0 0 0 0 0 0 0 0 0 0 0.020694177 0.022940611 0.028675533 0.034851687 0.041703041 0.053346368 0.063980805 0.074769134 0.08955145 0.103331583 0.12298639 0.137272033 0.158844627 0.175152964 0.203361118 0.224201413 0.249210676 0.270997883 0.298289888 0.319511283 0.337329627 0.356643343 0.375135011 0.394871929 0.416980837 0.430723663 0.44002719 0.449734134 0.464563958 0.470709356 0.474591108 0.481390365 0.491660754 0.498472069 0.506506647 0.50892477 0.507751838 0.505112226 0.500713119 0.491501834 0.485618798 0.496543482 0.49314659 0.493476202 0.514250956 0.531315323 0.558197692 0.595432784 0.652651937 0.729306548 0.767743039 0.84048849 0.882216146 0.930469286 0.925267335 0.933464557 1.021961624 1.102088044 1.005954819 1.515546343 0.274685142 0 0
437.548 0 0 0 0 0 0 0 0 0 0 0 0 0 0 0 0 0 0 0 0 0 0 0 0 0 0 0 0 0 0 0 0 0 0 0 0 0 0 0 0 0 0 0 0 0 0 0 0 0 0 0 0 0 0.022768552 0.025340512 0.030056684 0.033215458 0.041834317 0.05000834 0.060031141 0.071785792 0.085401874 0.100940295 0.113855241 0.130954887 0.147683136 0.16596586 0.187937401 0.212099408 0.237315048 0.262246263 0.276750449 0.300985925 0.319335475 0.339267274 0.358967473 0.386431789 0.397220027 0.410530079 0.425793591 0.444427254 0.445217901 0.455047731 0.459531028 0.470028684 0.476957809 0.487009627 0.48763424 0.50086291 0.502473147 0.497288147 0.496495022 0.492075393 0.484991501 0.485556533 0.478911869 0.487516051 0.493879943 0.503973195 0.52979746 0.570093382 0.609902309 0.652616976 0.708757434 0.775484605 0.81380978 0.865340632 0.893276416 0.889546734 0.922027189 0.946395837 0.937180999 1.011954518 0.860470123 0 0 0
440.848 0 0 0 0 0 0 0 0 0 0 0 0 0 0 0 0 0 0 0 0 0 0 0 0 0 0 0 0 0 0 0 0 0 0 0 0 0 0 0 0 0 0 0 0 0 0 0 0 0 0 0 0 0.020580093 0.027005767 0.032299587 0.034320074 0.042727799 0.050424359 0.057920784 0.068281545 0.081001159 0.092049964 0.107856591 0.121245515 0.13923791 0.156785833 0.179293436 0.197928213 0.220418656 0.246992658 0.26527003 0.287763615 0.305954742 0.328323026 0.342889487 0.362692306 0.378470474 0.401086649 0.412226313 0.428689862 0.440897767 0.445940357 0.453746991 0.451910148 0.463365937 0.472855859 0.476589624 0.484983376 0.483681528 0.489655468 0.487704679 0.492067563 0.480683606 0.476182518 0.486468083 0.47741054 0.489444383 0.488761357 0.499381354 0.522301436 0.564259352 0.599827454 0.647738114 0.710074487 0.759051152 0.820946942 0.882271766 0.895757478 0.952593763 0.979183586 0.987899163 1.102205147 1.103576148 1.683079103 0 0 0
444.149 0 0 0 0 0 0 0 0 0 0 0 0 0 0 0 0 0 0 0 0 0 0 0 0 0 0 0 0 0 0 0 0 0 0 0 0 0 0 0 0 0 0 0 0 0 0 0 0 0 0 0 0.019710684 0.023269214 0.027446837 0.034294322 0.036464012 0.043111223 0.053191611 0.061166601 0.071887719 0.085532371 0.094539659 0.112682056 0.123505951 0.144896632 0.159387813 0.180053118 0.200618139 0.223523028 0.2433406 0.265424157 0.288980402 0.30738687 0.326279554 0.341346324 0.362797919 0.373825076 0.385825946 0.40626833 0.417123978 0.421359711 0.430355494 0.445012033 0.445421496 0.447708198 0.458034391 0.460250916 0.470792719 0.470718507 0.472233723 0.480790212 0.470352655 0.47555609 0.469579837 0.46883354 0.464930406 0.469416034 0.476489881 0.485329504 0.523869087 0.547154911 0.591963816 0.638044565 0.690881973 0.762992857 0.809007847 0.84001998 0.876384723 0.911398335 0.902214507 0.92601596 0.938330014 0.989730883 0 0 0 0
447.451 0 0 0 0 0 0 0 0 0 0 0 0 0 0 0 0 0 0 0 0 0 0 0 0 0 0 0 0 0 0 0 0 0 0 0 0 0 0 0 0 0 0 0 0 0 0 0 0 0 0 0.018491762 0.021815761 0.025830593 0.033584719 0.038579367 0.042775734 0.048451308 0.060900549 0.068983229 0.077899639 0.090212392 0.09937982 0.118058414 0.130220521 0.14961103 0.166765338 0.189241475 0.204403721 0.224837472 0.248573677 0.271018586 0.289963465 0.308920207 0.322347395 0.343770737 0.357943847 0.36726846 0.385945509 0.39554042 0.404003462 0.42061245 0.427123752 0.43023108 0.436220289 0.436870855 0.446345093 0.455376415 0.458691971 0.462312053 0.468203395 0.46508605 0.466390698 0.454494466 0.461376015 0.454222486 0.453659894 0.456498467 0.465658554 0.479054661 0.509457422 0.540851707 0.591970482 0.621000773 0.678052477 0.737710726 0.790323583 0.859689973 0.869030869 0.88494457 0.893149966 0.98965953 1.026645901 1.083616207 0 0 0 0
450.755 0 0 0 0 0 0 0 0 0 0 0 0 0 0 0 0 0 0 0 0 0 0 0 0 0 0 0 0 0 0 0 0 0 0 0 0 0 0 0 0 0 0 0 0 0 0 0 0 0 0.013029784 0.016838218 0.024246446 0.030018673 0.034752045 0.038477977 0.045260709 0.053286993 0.060872186 0.070188209 0.080879332 0.095103486 0.108555347 0.122347943 0.135630509 0.154388061 0.171870514 0.19174591 0.209728052 0.230063915 0.249876593 0.268757155 0.284804836 0.30522894 0.322961361 0.329917888 0.347507721 0.361019833 0.38020525 0.381878479 0.391090592 0.39910991 0.4104508 0.416491927 0.420560694 0.424848644 0.432331192 0.440140992 0.44110934 0.448634511 0.44564228 0.449978646 0.449319907 0.446987221 0.443613178 0.439234038 0.439591139 0.445204996 0.453607583 0.479423554 0.492735729 0.529927031 0.570021511 0.622273236 0.663962813 0.725223177 0.761939917 0.802429643 0.810055186 0.861212406 0.850747597 0.841001887 0.861511937 0 0 0 0 0
454.06 0 0 0 0 0 0 0 0 0 0 0 0 0 0 0 0 0 0 0 0 0 0 0 0 0 0 0 0 0 0 0 0 0 0 0 0 0 0 0 0 0 0 0 0 0 0 0 0 0.012333897 0.012653571 0.019139072 0.026255215 0.032558242 0.037580802 0.041209805 0.049795662 0.055044366 0.062895296 0.074758317 0.086980323 0.099221984 0.107249494 0.123932701 0.14158952 0.159287812 0.174974828 0.193925814 0.209580673 0.23082728 0.249831392 0.269165957 0.288107701 0.301301353 0.313268126 0.329752132 0.343481712 0.353939772 0.36717031 0.377548678 0.385354597 0.397914694 0.401666509 0.399583487 0.406574718 0.411892098 0.41683346 0.42369688 0.423431949 0.428987896 0.426745448 0.436103076 0.429247897 0.426819517 0.42456627 0.429807595 0.435280647 0.432219069 0.444529051 0.457759095 0.48626428 0.51246842 0.565766475 0.596249722 0.662427398 0.709816543 0.744928898 0.798426415 0.805854452 0.845294372 0.835466056 0.837666594 0.856770819 0 0 0 0 0
457.366 0 0 0 0 0 0 0 0 0 0 0 0 0 0 0 0 0 0 0 0 0 0 0 0 0 0 0 0 0 0 0 0 0 0 0 0 0 0 0 0 0 0 0 0 0 0 0 0.007959059 0.010556808 0.017791977 0.021472478 0.026583078 0.034203769 0.040043661 0.044764792 0.050512365 0.05949938 0.069598648 0.078195194 0.088603324 0.101875922 0.113744947 0.12797225 0.143404156 0.155902404 0.17638471 0.194463732 0.21205612 0.230640554 0.245308309 0.265943208 0.276789348 0.295244904 0.310812896 0.323646651 0.338312104 0.343815203 0.357630433 0.369499368 0.377008787 0.383475161 0.392589464 0.395269334 0.390163555 0.395861909 0.404278437 0.406678295 0.40743777 0.415819481 0.417073532 0.417697329 0.415171834 0.413754997 0.41423604 0.413352774 0.416755541 0.425140524 0.435586313 0.452586216 0.476192584 0.514767564 0.551607197 0.595393712 0.635572651 0.685190481 0.733042508 0.771231746 0.817928835 0.803249565 0.821828415 0.790105601 0 0 0 0 0 0
460.673 0 0 0 0 0 0 0 0 0 0 0 0 0 0 0 0 0 0 0 0 0 0 0 0 0 0 0 0 0 0 0 0 0 0 0 0 0 0 0 0 0 0 0 0 0 0 0.010751871 0.012917336 0.017408213 0.019362608 0.027342996 0.028859952 0.037519607 0.043169378 0.047772867 0.057382163 0.064153939 0.073564318 0.080532435 0.091891254 0.104730574 0.116982349 0.131383855 0.145690235 0.16116374 0.174965529 0.191802472 0.210422865 0.229344323 0.246731855 0.263929776 0.276721721 0.291432389 0.313247828 0.31569347 0.328509707 0.338783335 0.34954506 0.353364904 0.367438418 0.371097597 0.377015946 0.378010584 0.382599448 0.382765717 0.387628992 0.39398116 0.401603344 0.404525653 0.403791761 0.406129317 0.403939934 0.400210594 0.404055798 0.401600208 0.409706127 0.41693443 0.430383638 0.436986115 0.460108168 0.503891993 0.551333069 0.575268798 0.632615406 0.683191518 0.701251175 0.743835595 0.75711911 0.799008333 0.811551881 0 0 0 0 0 0 0
463.982 0 0 0 0 0 0 0 0 0 0 0 0 0 0 0 0 0 0 0 0 0 0 0 0 0 0 0 0 0 0 0 0 0 0 0 0 0 0 0 0 0 0 0 0 0 0.006624206 0.008387087 0.014480804 0.016671532 0.022794846 0.025351417 0.034000327 0.039741495 0.046997717 0.051560049 0.058205274 0.065160712 0.074122255 0.086335079 0.096228588 0.107269173 0.118485965 0.136140412 0.147281209 0.162755233 0.179548161 0.196110684 0.213442251 0.223287785 0.243558763 0.258104286 0.275115363 0.285367789 0.297667432 0.309874922 0.319745243 0.324664961 0.338723927 0.342655714 0.353656989 0.361835336 0.360971022 0.363066523 0.363321118 0.371289283 0.371656385 0.376080683 0.381044996 0.389160024 0.394582594 0.392678633 0.390992274 0.392688012 0.386481787 0.391569244 0.394703182 0.401860422 0.418043912 0.428360721 0.457592569 0.500241109 0.53665575 0.569352984 0.622427565 0.659587772 0.69391153 0.728687927 0.743918804 0.745052724 0.77676412 0 0 0 0 0 0 -7.01451102
467.292 0 0 0 0 0 0 0 0 0 0 0 0 0 0 0 0 0 0 0 0 0 0 0 0 0 0 0 0 0 0 0 0 0 0 0 0 0 0 0 0 0 0 0 0 0.007696465 0.010946905 0.014604004 0.015477111 0.021348863 0.023797778 0.03041279 0.036800529 0.041369528 0.048212777 0.055026572 0.062493014 0.070930816 0.077972383 0.0853914 0.099043922 0.110211057 0.121233028 0.136026702 0.151005644 0.165572068 0.179422038 0.19181676 0.213816772 0.225237822 0.239018712 0.259209784 0.268547417 0.279479522 0.294195663 0.29998427 0.307943672 0.314133576 0.326707003 0.330337097 0.343275295 0.347067802 0.350248867 0.352108593 0.356904691 0.358917473 0.360990448 0.365330998 0.371933458 0.374731935 0.374626278 0.37365454 0.377284866 0.376485669 0.375337897 0.377067799 0.385990598 0.393678076 0.401546431 0.421985755 0.441193809 0.473817737 0.515838966 0.569986324 0.615117819 0.645305429 0.7052286 0.703287096 0.737302767 0.773727352 0 0 0 0 0 0 0 29.83385949
470.603 0 0 0 0 0 0 0 0 0 0 0 0 0 0 0 0 0 0 0 0 0 0 0 0 0 0 0 0 0 0 0 0 0 0 0 0 0 0 0 0 0 0 0 0.007438 0.011774758 0.012930009 0.016736211 0.019079456 0.024067861 0.028265764 0.033326736 0.039317893 0.047447422 0.051858778 0.058254476 0.066852532 0.073917099 0.081161816 0.092711448 0.101951571 0.112829496 0.12652481 0.138126002 0.148280283 0.161905824 0.174541722 0.191757068 0.209104629 0.223642997 0.240971806 0.248661048 0.258494186 0.268443388 0.281942442 0.291760606 0.301228013 0.306547662 0.314370149 0.326020963 0.32615937 0.333432774 0.337228975 0.338773244 0.339399706 0.339421161 0.346030042 0.34758399 0.357414964 0.35438255 0.360642829 0.358865511 0.359456796 0.359042533 0.359526281 0.369226907 0.369289386 0.378384201 0.393710755 0.407532869 0.429119952 0.474008511 0.502291245 0.541204073 0.579143129 0.629790116 0.654666809 0.685597428 0.710289919 0.725036172 0 0 0 0 0 0 4.981757139 32.89311837
473.915 0 0 0 0 0 0 0 0 0 0 0 0 0 0 0 0 0 0 0 0 0 0 0 0 0 0 0 0 0 0 0 0 0 0 0 0 0 0 0 0 0 0 0.005949508 0.00836877 0.009392106 0.012711935 0.013831055 0.019001692 0.023493517 0.026940578 0.035912534 0.040905305 0.047043824 0.053804103 0.056755209 0.062680847 0.07315168 0.082486743 0.09176185 0.097885306 0.10971853 0.123990717 0.134279391 0.148742257 0.160617799 0.173001345 0.187710884 0.204143201 0.216468494 0.228671568 0.242136421 0.252826889 0.263944578 0.271156549 0.276003788 0.288520632 0.295547312 0.300285262 0.305446301 0.312596346 0.321867795 0.318276646 0.323092563 0.325312956 0.328283031 0.328649652 0.338554736 0.339835745 0.342921478 0.34738301 0.345000499 0.346053044 0.346652647 0.349560039 0.350362641 0.354546688 0.367081902 0.384709903 0.396057819 0.415929922 0.449221341 0.488902536 0.513665516 0.563268385 0.605350589 0.643584586 0.646321481 0.675564917 0 0 0 0 0 0 0 0.000641 -16.96361186
477.228 0 0 0 0 0 0 0 0 0 0 0 0 0 0 0 0 0 0 0 0 0 0 0 0 0 0 0 0 0 0 0 0 0 0 0 0 0 0 0 0 0 0.005361631 0.007654495 0.008663746 0.012421373 0.014202036 0.017824672 0.019550679 0.025795567 0.030107776 0.03477691 0.040897349 0.046774554 0.054070163 0.059205006 0.062948611 0.074767524 0.083994638 0.089852605 0.097433216 0.1123648 0.124900563 0.136059003 0.145666965 0.154814989 0.170482718 0.186146201 0.195880411 0.209086425 0.219038587 0.236704237 0.243753703 0.253460107 0.262100949 0.265648826 0.278351668 0.28569077 0.291785431 0.29742131 0.29931644 0.29955508 0.307522074 0.305406963 0.31111191 0.315585558 0.316335911 0.320417783 0.325842594 0.329285719 0.332425682 0.334659476 0.335096602 0.330093144 0.33045741 0.334970898 0.347412218 0.354767635 0.361963706 0.382283516 0.406016115 0.437262589 0.468714471 0.50747889 0.543520331 0.590132975 0.597133694 0.631772848 0.63562832 0 0 0 0 0 0 -0.512481453 -1.849081156 -21.59811499
480.542 0 0 0 0 0 0 0 0 0 0 0 0 0 0 0 0 0 0 0 0 0 0 0 0 0 0 0 0 0 0 0 0 0 0 0 0 0 0 0 0 0.006312624 0.00692558 0.008029353 0.010573421 0.013482712 0.015348569 0.020086804 0.024576222 0.027794691 0.033046643 0.036773852 0.043209508 0.050585545 0.056335989 0.063557173 0.067618666 0.075196693 0.085147819 0.092311481 0.10194919 0.113794996 0.124202226 0.135528696 0.143661006 0.159267879 0.165877636 0.179333047 0.195518227 0.207178351 0.213360732 0.227710774 0.237503886 0.24573355 0.254738099 0.26074221 0.266447209 0.275090754 0.277137838 0.285167526 0.29089026 0.290212714 0.292740778 0.300886243 0.296712751 0.301415608 0.304035489 0.315356611 0.314374556 0.313964421 0.316934062 0.321302936 0.317318615 0.32207508 0.326601323 0.334320794 0.341213062 0.342661954 0.362856444 0.376203836 0.400865689 0.430477721 0.459992032 0.496564773 0.535548899 0.572850007 0.602133556 0.616596248 0 0 0 0 0 0 0 1.95897718 -1.4304382 12.59006808
483.858 0 0 0 0 0 0 0 0 0 0 0 0 0 0 0 0 0 0 0 0 0 0 0 0 0 0 0 0 0 0 0 0 0 0 0 0 0 0 0 0.003086338 0.008103962 0.008186402 0.011374101 0.012798798 0.013726874 0.018039776 0.020458097 0.024623753 0.029247494 0.034732816 0.041075925 0.046514062 0.04964782 0.058189876 0.061509327 0.069376299 0.075279237 0.082970003 0.092989163 0.099823005 0.113315989 0.120512971 0.132443855 0.141932011 0.1545089 0.166879287 0.172956627 0.1919604 0.20224364 0.209975054 0.225948891 0.232442136 0.243409354 0.250342115 0.253152934 0.259269274 0.26531584 0.266577454 0.273513436 0.284748268 0.285553811 0.282130798 0.286242286 0.286838847 0.290320012 0.294329057 0.301019303 0.300019779 0.301838742 0.30346834 0.311359188 0.310573317 0.309441554 0.315122282 0.317358033 0.323057224 0.33706853 0.343605565 0.365058307 0.38354778 0.415942193 0.442873784 0.479249795 0.507107016 0.539689929 0.581221954 0.610683992 0 0 0 0 0 0 0.378756271 -0.154741867 0.206099731 8.69916293
487.174 0 0 0 0 0 0 0 0 0 0 0 0 0 0 0 0 0 0 0 0 0 0 0 0 0 0 0 0 0 0 0 0 0 0 0 0 0 0 0.006859994 0.006796782 0.00820222 0.010344744 0.01206902 0.014435648 0.015994285 0.020071885 0.023349379 0.026294543 0.032012565 0.036660321 0.040675444 0.048025601 0.053404407 0.059075314 0.066998331 0.072942963 0.079719465 0.083969785 0.093089439 0.103042461 0.111368228 0.121483691 0.134644792 0.140621792 0.154784909 0.164863006 0.174381505 0.18777055 0.196096449 0.203807124 0.216906764 0.227989131 0.233250935 0.236291889 0.237934419 0.246973104 0.251936669 0.256822717 0.262744198 0.268393405 0.273294762 0.268869132 0.27494736 0.271620409 0.27588772 0.27902811 0.279458439 0.287247255 0.294352443 0.291517622 0.297090392 0.296725312 0.297251526 0.303809696 0.302147225 0.314794832 0.319599092 0.331342277 0.352510682 0.377429306 0.410962994 0.446754016 0.460868904 0.491947055 0.521138621 0.55922722 0 0 0 0 0 0 0 0.412425326 0.989118942 -2.706655804 -7.778263919
490.492 0 0 0 0 0 0 0 0 0 0 0 0 0 0 0 0 0 0 0 0 0 0 0 0 0 0 0 0 0 0 0 0 0 0 0 0 0 0.004543659 0.005385946 0.007293023 0.008608886 0.00867861 0.011733726 0.013274348 0.017180565 0.019298083 0.022233697 0.027177475 0.027731029 0.036659626 0.043061357 0.047618787 0.051170053 0.059170673 0.065090774 0.068467837 0.077665444 0.085844038 0.091751092 0.102441238 0.107855328 0.120960721 0.129315599 0.137014127 0.148867116 0.156843965 0.167918275 0.174319729 0.18993049 0.198938931 0.207755779 0.217150016 0.222304335 0.229907739 0.23041546 0.238227508 0.24400456 0.247580911 0.251336348 0.254406217 0.259442255 0.260632472 0.262468814 0.263631358 0.262919247 0.271277271 0.269353904 0.275264297 0.27994325 0.284236829 0.28150228 0.285619866 0.286703437 0.289404962 0.29704692 0.297204674 0.316182581 0.326633353 0.340449809 0.362408579 0.393210346 0.419743864 0.449739803 0.484176238 0.51263327 0.531379979 0 0 0 0 0 0 0.451389396 0.347741295 0.677943726 -6.912297939 -12.61440754
493.81 0 0 0 0 0 0 0 0 0 0 0 0 0 0 0 0 0 0 0 0 0 0 0 0 0 0 0 0 0 0 0 0 0 0 0 0 0.005659174 0.005270787 0.007326002 0.007335177 0.01115299 0.01260574 0.016383702 0.01587471 0.018930722 0.021350322 0.024398943 0.028858644 0.032952518 0.040170636 0.042897647 0.048305309 0.055503647 0.059910574 0.067007625 0.071570857 0.078803719 0.084884679 0.092798401 0.100932043 0.110410594 0.118313585 0.128577329 0.135790012 0.148987386 0.158180348 0.169530464 0.175365221 0.183224338 0.186561304 0.199437546 0.210748803 0.213392985 0.224032014 0.222855535 0.224996893 0.235784725 0.233823425 0.238095324 0.244683033 0.245589757 0.248225781 0.251760352 0.24947757 0.255458091 0.257917424 0.258315721 0.262546625 0.260538969 0.271302853 0.269878445 0.275125041 0.273134835 0.277591455 0.286216567 0.294030843 0.302697488 0.315378265 0.329072042 0.357692409 0.375052343 0.410185134 0.432102037 0.460549316 0.489991715 0 0 0 0 0 0 0 0.708937177 0.661951932 0.626670522 4.408384387 -10.28370196
497.13 0 0 0 0 0 0 0 0 0 0 0 0 0 0 0 0 0 0 0 0 0 0 0 0 0 0 0 0 0 0 0 0 0 0 0 0.006398793 0.004548246 0.008316761 0.009288612 0.008623584 0.011972024 0.012713664 0.014806145 0.018387842 0.020737229 0.025157517 0.027262744 0.03022987 0.036523864 0.040670798 0.044004361 0.052071446 0.056180207 0.06142894 0.067092204 0.06781291 0.077993126 0.08443515 0.09292673 0.099474429 0.111344539 0.1174367 0.125349174 0.133154622 0.145668945 0.151361123 0.159991461 0.166440942 0.177081271 0.183987413 0.191477553 0.199729407 0.210504836 0.207811689 0.217072385 0.217706978 0.225834745 0.227916689 0.228513503 0.233580519 0.236242875 0.236850886 0.239325448 0.239837019 0.244174372 0.247936382 0.253961977 0.255073654 0.255726144 0.264574529 0.259704537 0.263560346 0.268446358 0.267990824 0.271169721 0.282784816 0.292181721 0.299634093 0.31720274 0.34028273 0.365756293 0.382526921 0.416279255 0.456967297 0.478346792 0 0 0 0 0 0 0.541293099 0.632941598 0.729737084 2.978779896 1.262264905 6.295847281
500.451 0 0 0 0 0 0 0 0 0 0 0 0 0 0 0 0 0 0 0 0 0 0 0 0 0 0 0 0 0 0 0 0 0 0 0.005454095 0.008537029 0.005226305 0.008713745 0.009947171 0.011237166 0.011756762 0.014693511 0.016245133 0.019488861 0.021347607 0.024510394 0.027949898 0.030210238 0.036336055 0.041586884 0.044730994 0.051283717 0.056881334 0.062610251 0.066549408 0.070922523 0.079329945 0.087797221 0.092770056 0.103043107 0.11046669 0.116126397 0.121764321 0.133517106 0.1422199 0.1490027 0.155838337 0.161673579 0.171347148 0.178552223 0.186024816 0.192086766 0.196598346 0.20546442 0.210145904 0.213387421 0.216490254 0.220753694 0.220374942 0.227779417 0.222483137 0.229689225 0.226242832 0.23176777 0.235337444 0.233584138 0.238308993 0.245439826 0.24530574 0.250569911 0.248775336 0.248224014 0.256781598 0.263940396 0.266678218 0.268685389 0.276946621 0.295555824 0.314614714 0.328251165 0.351217406 0.377842889 0.413633041 0.423934286 0 0 0 0 0 0 0 0.473142705 0.632975336 0.502638395 0.317105772 0.419409384 17.47868634
503.772 0 0 0 0 0 0 0 0 0 0 0 0 0 0 0 0 0 0 0 0 0 0 0 0 0 0 0 0 0 0 0 0 0 0.003352495 0.003984627 0.005514205 0.008116964 0.008274337 0.008496397 0.011792379 0.013650356 0.015246092 0.017445929 0.019641662 0.021163866 0.023895802 0.030251083 0.032610604 0.035942801 0.040567024 0.046160686 0.052712874 0.055039386 0.060939271 0.064970964 0.070934695 0.078300165 0.085217216 0.091967962 0.096224818 0.104598507 0.115688585 0.11759508 0.124459993 0.13861166 0.143545861 0.152692522 0.162391459 0.166825888 0.172708057 0.179522588 0.18698176 0.194337225 0.196158149 0.201051159 0.205105434 0.207179939 0.211802306 0.21214055 0.214415832 0.215876825 0.218332665 0.222351699 0.225330896 0.225575404 0.220921377 0.230280082 0.229186648 0.233662425 0.238534501 0.239026082 0.242028476 0.245816347 0.249882714 0.256097103 0.262977083 0.270229674 0.292726065 0.298355637 0.314212124 0.350779434 0.366787804 0.394286495 0.421157884 0 0 0 0 0 0 0.447016204 0.508312989 0.688792669 0.527243884 0.00185203 0.645218748 -17.71958795
507.095 0 0 0 0 0 0 0 0 0 0 0 0 0 0 0 0 0 0 0 0 0 0 0 0 0 0 0 0 0 0 0 0 0.004457673 0.004000734 0.007625634 0.006998525 0.009971474 0.009458187 0.012133198 0.014343096 0.01491361 0.017384196 0.01806752 0.022423937 0.023373583 0.02767339 0.028852264 0.033779566 0.037935484 0.043610481 0.046044202 0.051959195 0.059778716 0.063953165 0.066198988 0.071184631 0.077471926 0.082735562 0.089253007 0.09604213 0.103142242 0.112232875 0.119264429 0.124139169 0.13560422 0.140872352 0.147188167 0.155491638 0.161077196 0.167014606 0.17656114 0.179234482 0.18541493 0.190877897 0.193068348 0.196245422 0.201875205 0.200673753 0.206322024 0.208079286 0.210064581 0.210592246 0.21122844 0.211218166 0.21246504 0.215620878 0.222828296 0.226223894 0.229934441 0.227535381 0.235659181 0.238195405 0.238651392 0.248944914 0.250618902 0.259505741 0.268096969 0.282029598 0.289576478 0.307951043 0.330130805 0.353574386 0.384885389 0 0 0 0 0 0 0 0.47717349 0.495931202 0.429297255 0.844137732 -0.594969301 1.313850685 -13.92563568
510.418 0 0 0 0 0 0 0 0 0 0 0 0 0 0 0 0 0 0 0 0 0 0 0 0 0 0 0 0 0 0 0 0.005130571 0.003990904 0.005386725 0.005634338 0.009594363 0.010735705 0.00963216 0.014342026 0.01254383 0.0173476 0.018403007 0.020416072 0.02154639 0.022515531 0.026036398 0.030614913 0.034014212 0.039066569 0.043886036 0.045909337 0.053243266 0.057795029 0.061676923 0.067811498 0.071669929 0.077100572 0.080499419 0.088536839 0.094922505 0.100104733 0.106458977 0.115960983 0.12325823 0.129256152 0.138434941 0.13826083 0.147616119 0.154845133 0.157863312 0.167390968 0.174000406 0.175149606 0.179510904 0.183385276 0.186914435 0.187550618 0.19316094 0.19643436 0.195983487 0.200169273 0.200952516 0.202266632 0.203768093 0.207401769 0.212509546 0.210026152 0.212455518 0.216869708 0.218926484 0.219849255 0.223477538 0.229793311 0.235238402 0.240311838 0.246330529 0.254336955 0.263416817 0.281913282 0.30134926 0.314481593 0.338490757 0.373991855 0 0 0 0 0 0 0.51892129 0.490022119 0.501534805 0.485370401 0.276996914 0.654467942 3.061759849 -5.6332976
513.742 0 0 0 0 0 0 0 0 0 0 0 0 0 0 0 0 0 0 0 0 0 0 0 0 0 0 0 0 0 0 0.002776199 0.005319568 0.004491196 0.006083727 0.007077556 0.009398496 0.008734759 0.011050944 0.012452844 0.015284517 0.01594048 0.018615445 0.018685541 0.022820501 0.024155661 0.026484658 0.029662418 0.032311027 0.039221954 0.041142795 0.046148201 0.052206413 0.055575895 0.06092688 0.064489574 0.068269412 0.074597607 0.079429128 0.087735728 0.090112515 0.099281139 0.10480325 0.111182328 0.118678133 0.121635697 0.125980251 0.133599411 0.141168186 0.148944254 0.153482397 0.158924111 0.165230217 0.167094846 0.171796025 0.174855217 0.177925103 0.179751819 0.184590463 0.185281151 0.185355993 0.189604529 0.191649 0.193474318 0.192104766 0.19423331 0.196200419 0.198878551 0.200620031 0.203056362 0.208700968 0.216009663 0.212209605 0.211021312 0.222236812 0.226972931 0.237261341 0.244519165 0.252550324 0.269098054 0.278942411 0.307541411 0.321578154 0 0 0 0 0 0 0.412017282 0.408466509 0.427978996 0.432670993 0.425684118 1.110436339 0.110218307 -2.630946919 6.575590302
517.068 0 0 0 0 0 0 0 0 0 0 0 0 0 0 0 0 0 0 0 0 0 0 0 0 0 0 0 0 0 0.002808841 0.001392062 0.00418768 0.005255118 0.003363056 0.008177726 0.01060098 0.010820602 0.01047008 0.012521799 0.012244945 0.016030212 0.017265259 0.020710974 0.022285142 0.025220408 0.026409317 0.02964559 0.033871465 0.039948798 0.042097233 0.044063758 0.047276628 0.055563711 0.05807308 0.064593879 0.066831515 0.071224096 0.079730879 0.080865311 0.085567773 0.091145432 0.09989316 0.104036617 0.111082304 0.116138117 0.124181511 0.130534045 0.138389458 0.139266406 0.148345339 0.150736911 0.155807628 0.158222515 0.165787876 0.165558013 0.169650189 0.172928862 0.172259982 0.17613327 0.176195689 0.178791303 0.178555202 0.180523339 0.182007692 0.182529657 0.184125857 0.186448385 0.194833037 0.191465573 0.199915964 0.199790327 0.205055709 0.206021454 0.208069762 0.217944512 0.220458533 0.232369368 0.242068097 0.25563943 0.275455143 0.292767141 0.310118518 0 0 0 0 0 0 0.395841853 0.3780866 0.396883582 0.460723321 0.203757019 0.191953735 -0.438368506 -7.059213439 -10.73193674
520.394 0 0 0 0 0 0 0 0 0 0 0 0 0 0 0 0 0 0 0 0 0 0 0 0 0 0 0 0 0.003072846 0.007046667 0.006477329 0.00880708 0.005382116 0.008709669 0.011522636 0.010107338 0.012491554 0.012359295 0.014861873 0.017138903 0.017219527 0.018733325 0.021320177 0.024847399 0.025675204 0.028523651 0.032308647 0.032399619 0.037645635 0.040731282 0.047214534 0.050907183 0.054136938 0.060520849 0.062548379 0.06727744 0.072188886 0.076464661 0.082581792 0.087117071 0.090376328 0.098253437 0.105770347 0.107315942 0.117108103 0.120156174 0.12439773 0.130542196 0.138139803 0.138700837 0.147544129 0.149577304 0.157535817 0.156761453 0.161125209 0.160313919 0.163539081 0.158576119 0.17059731 0.171538809 0.170382617 0.172465297 0.176143751 0.17336215 0.174132447 0.178162215 0.179952363 0.186793881 0.190407532 0.186018038 0.19000665 0.19645784 0.196498185 0.198266676 0.208205175 0.220716198 0.224217807 0.239441417 0.241780074 0.263573176 0.282650696 0 0 0 0 0 0 0.4031374 0.3869749 0.360127796 0.398156794 0.338513335 0.431371209 0.211002997 -0.111391469 4.676284436 -1.693882674
523.721 0 0 0 0 0 0 0 0 0 0 0 0 0 0 0 0 0 0 0 0 0 0 0 0 0 0 0 0.003332502 0.005371072 0.004837948 0.007286034 0.006794875 0.007013886 0.010806805 0.007696467 0.00982748 0.010658425 0.013631964 0.013918505 0.015119591 0.017145517 0.018809499 0.020553797 0.023521247 0.027158294 0.029619342 0.030309146 0.036113946 0.03737298 0.040503869 0.043870132 0.049184934 0.053875648 0.05792675 0.062175317 0.061821669 0.069595224 0.074423595 0.078260414 0.081106524 0.087369159 0.094499352 0.098097931 0.10413305 0.10690317 0.112090042 0.119840013 0.125169124 0.128925914 0.134145229 0.138620966 0.144044604 0.148235569 0.149396129 0.148194196 0.153715976 0.155088094 0.15335497 0.157385612 0.16147937 0.164098232 0.164007299 0.166916059 0.164887079 0.165351274 0.169197461 0.172703267 0.177881822 0.177376562 0.180319102 0.186050659 0.184207078 0.192025389 0.19816104 0.199651675 0.201228693 0.211352268 0.225846384 0.237099692 0.254247878 0.266116025 0 0 0 0 0 0 0.354678241 0.398630164 0.376580152 0.324541454 0.448819693 0.372916026 -0.141838732 0.114708566 3.825936828 -16.76028493
527.048 0 0 0 0 0 0 0 0 0 0 0 0 0 0 0 0 0 0 0 0 0 0 0 0 0 0 0.007287486 0.004088488 0.006203774 0.008202903 0.006538701 0.007075406 0.008024971 0.012216801 0.009861898 0.013267241 0.014146978 0.0137146 0.01571923 0.018263516 0.017789893 0.01896007 0.021481259 0.022675188 0.028127621 0.028622742 0.031313013 0.033065375 0.037494805 0.040333003 0.047759781 0.050282775 0.053189269 0.055379904 0.059533809 0.064149554 0.065093272 0.072762742 0.073364334 0.082413756 0.091171057 0.094507866 0.096075117 0.100098415 0.107004433 0.111032717 0.116416698 0.121024035 0.124736279 0.128491741 0.132451491 0.136675158 0.139853177 0.144647808 0.143698535 0.144352411 0.14347619 0.148239856 0.150076087 0.154618209 0.155952218 0.157393926 0.159590838 0.155716937 0.160517141 0.159763334 0.163863744 0.169041964 0.168901825 0.170012167 0.176495259 0.177995275 0.179870984 0.183224242 0.192317841 0.198088288 0.207426507 0.215520954 0.22193405 0.246677518 0 0 0 0 0 0 0.354932404 0.34391739 0.327467265 0.328144063 0.351764302 0.279945177 0.407923373 0.337330004 -1.397402127 -0.224277683 12.00608317
530.377 0 0 0 0 0 0 0 0 0 0 0 0 0 0 0 0 0 0 0 0 0 0 0 0 0 -0.001403398 0.003697536 0.009900585 0.006000757 0.005038095 0.006443446 0.0082584 0.009203482 0.010352258 0.011020372 0.010495427 0.013350366 0.01462929 0.015722579 0.016701995 0.017434748 0.021053766 0.021531774 0.023113269 0.026769156 0.029639356 0.03119345 0.033072102 0.038040313 0.040275334 0.043566515 0.045810811 0.049721908 0.055915642 0.05902018 0.061826344 0.066163726 0.069990187 0.075433164 0.079086216 0.083172256 0.088450662 0.092027585 0.096450346 0.099382481 0.102371045 0.110929992 0.11562474 0.116550209 0.122876678 0.12257882 0.128752772 0.131943313 0.128570681 0.136273545 0.135065219 0.137574862 0.141224219 0.143650054 0.143575973 0.145665401 0.145964766 0.145862038 0.145055997 0.150657355 0.152573971 0.153380923 0.156164989 0.159742295 0.164940571 0.167405326 0.16519272 0.169346751 0.173611146 0.183820969 0.189505853 0.1979268 0.208511382 0.21044259 0.232080996 0 0 0 0 0 0 0.330559611 0.310757425 0.291395091 0.369267289 0.332103202 0.309322356 0.421857435 0.710293212 0.72833614 -3.368419636 -6.650691928
533.706 0 0 0 0 0 0 0 0 0 0 0 0 0 0 0 0 0 0 0 0 0 0 0 0 0.003676573 0.004809793 0.001232809 0.001509098 0.003728908 0.006435407 0.005505078 0.008181198 0.007958214 0.011850572 0.010805867 0.010878227 0.013507512 0.010676264 0.015091306 0.016222556 0.019034145 0.019690961 0.020200233 0.024793863 0.024126768 0.026555514 0.027667928 0.030316226 0.036160436 0.03982082 0.040002808 0.042795602 0.051008896 0.051633034 0.053768355 0.058271032 0.062749784 0.064516002 0.070097884 0.072753491 0.081399202 0.080949878 0.082608205 0.087714479 0.090605275 0.097122693 0.102887717 0.102181458 0.108572147 0.117147823 0.117778458 0.118397239 0.123938595 0.124578982 0.128387553 0.128497364 0.130726285 0.133515196 0.133107695 0.134774291 0.136822442 0.137160783 0.138865431 0.140821909 0.137559019 0.140551442 0.145222769 0.147942573 0.147732515 0.152230178 0.154679092 0.155338439 0.161626793 0.166652304 0.172975403 0.181158271 0.180331235 0.191757651 0.202766229 0 0 0 0 0 0 0.293062137 0.30999687 0.310134015 0.306191914 0.298741596 0.296662647 0.290240845 0.270109607 0.266783127 -0.055266706 -2.474272722 18.42840155
537.037 0 0 0 0 0 0 0 0 0 0 0 0 0 0 0 0 0 0 0 0 0 0 0 0.005144433 0.005559917 0.002721774 0.005773485 0.00565186 0.007523491 0.004989838 0.008425057 0.011456417 0.009376237 0.010847773 0.009961762 0.009784911 0.01314256 0.014049772 0.016602465 0.014574002 0.018151771 0.018579963 0.021838039 0.022025315 0.023424018 0.026834852 0.028404167 0.031701237 0.034273603 0.037901186 0.040410319 0.044712326 0.047513798 0.050949605 0.053420428 0.055842593 0.05994138 0.06346025 0.069411597 0.070887988 0.073226841 0.076964006 0.085044583 0.085206478 0.089168573 0.092416343 0.100182906 0.099847289 0.102885403 0.110481881 0.109957076 0.115014542 0.114757909 0.118705873 0.122624546 0.122295169 0.121014114 0.126574758 0.127635877 0.124779532 0.129399103 0.129724131 0.1326784 0.129193585 0.134398262 0.137710481 0.135508781 0.144914073 0.141704669 0.145344482 0.150202411 0.150469992 0.157272287 0.157807072 0.164968675 0.169383341 0.178916897 0.185022945 0.196694823 0 0 0 0 0 0 0.282472075 0.29223872 0.299871354 0.306471368 0.318041425 0.313655874 0.23017391 0.160630439 0.089682227 0.452217328 8.843812605 -5.00065514
540.367 0 0 0 0 0 0 0 0 0 0 0 0 0 0 0 0 0 0 0 0 0 0 0.005424242 0.00886378 0.004009916 0.005275819 0.004703725 0.004736745 0.007730073 0.008702831 0.009799142 0.009101553 0.011301471 0.011950901 0.012305818 0.013288047 0.015235939 0.013773302 0.015424377 0.017355241 0.019911831 0.02105976 0.020410952 0.023850543 0.025188958 0.028477717 0.029932206 0.032127459 0.036729275 0.041004883 0.040957194 0.043523863 0.046922235 0.046438346 0.053806252 0.05413326 0.059025381 0.063158649 0.066471689 0.068669153 0.077182066 0.074519113 0.083551293 0.083459359 0.087459504 0.094639127 0.09328274 0.096764599 0.101863885 0.102523464 0.110702364 0.110873978 0.110274717 0.115308223 0.118378923 0.118477074 0.118785443 0.119988887 0.124461497 0.125438941 0.122977353 0.12639804 0.126949249 0.125814632 0.131911839 0.129001918 0.132032134 0.135734084 0.138457929 0.142579862 0.145156214 0.146787705 0.148484491 0.152847547 0.158133471 0.163626925 0.170070489 0.18261113 0 0 0 0 0 0 0.280899522 0.279848547 0.282988655 0.284075483 0.305217096 0.281483348 0.334426256 0.293289349 0.368079186 0.418079225 1.605576643 2.307616929 13.80039625
543.699 0 0 0 0 0 0 0 0 0 0 0 0 0 0 0 0 0 0 0 0 0 0.004129027 0.008501362 0.006329631 0.007852758 0.007521112 0.008127181 0.010586494 0.00985673 0.008497195 0.006476108 0.009773529 0.01004834 0.011446222 0.009176868 0.014196649 0.015483894 0.016363325 0.016036189 0.019649574 0.020654794 0.021842024 0.023234476 0.022326682 0.024776442 0.028055889 0.027995453 0.031340655 0.035918009 0.035549576 0.041286103 0.039749108 0.047330681 0.049815283 0.050750572 0.056189591 0.05578503 0.059523258 0.067001997 0.065667623 0.067292973 0.073877847 0.079418778 0.079678768 0.086072115 0.085233044 0.091732904 0.092128676 0.095448819 0.100829239 0.103977136 0.106808044 0.107512653 0.112118434 0.108851792 0.111685841 0.116072625 0.113121807 0.116644998 0.117630744 0.118965692 0.120064729 0.121231728 0.121248407 0.122830776 0.12194981 0.127883347 0.128476885 0.135847486 0.130829872 0.134121838 0.139507991 0.139270402 0.148869977 0.154538543 0.160604911 0.166916695 0.171766985 0 0 0 0 0 0 0.263346528 0.256351801 0.275163983 0.281071114 0.266663448 0.308892325 0.295566831 0.337161946 0.443940349 0.790676647 0.580147917 2.087792511 14.13660069
547.031 0 0 0 0 0 0 0 0 0 0 0 0 0 0 0 0 0 0 0 0 0.0056573 0.00459079 0.000556 0.003721734 0.00357901 0.003912574 0.004562274 0.006289724 0.011339817 0.008976469 0.009099413 0.007100924 0.010213714 0.011779165 0.010697056 0.015449856 0.013583905 0.014585879 0.016845255 0.017378964 0.018616046 0.019602595 0.020286315 0.020637898 0.024755136 0.025207091 0.028220776 0.02976036 0.031349235 0.035598347 0.039794323 0.041892172 0.044002173 0.047078544 0.047572588 0.050457542 0.053877879 0.057399923 0.061020287 0.063627104 0.066868941 0.069888702 0.072767999 0.075197022 0.078219824 0.080493423 0.087586186 0.090272539 0.091143076 0.093165751 0.098430282 0.098672636 0.101340522 0.101483067 0.103427552 0.10608049 0.106202202 0.10697655 0.107577273 0.112090612 0.108929829 0.113211865 0.109200878 0.115548999 0.115253239 0.116215249 0.118947078 0.118134378 0.126397271 0.125750364 0.12930037 0.135891694 0.134466007 0.138133907 0.141900065 0.151364814 0.155874355 0 0 0 0 0 0 0.240243559 0.245973823 0.254361308 0.243298658 0.24628874 0.250677942 0.255763806 0.243561008 0.265059052 0.382535417 0.5189311 -1.050961885 -4.220801937 18.55224355
550.364 0 0 0 0 0 0 0 0 0 0 0 0 0 0 0 0 0 0 0 0.006973413 0.004947463 0.002166633 0.010578012 0.003747983 0.006687004 0.003448047 0.007187842 0.007578137 0.007394073 0.007685564 0.008765962 0.009727841 0.009229748 0.013089697 0.011177514 0.012874601 0.013748556 0.015035497 0.015585862 0.018031351 0.017144421 0.017859417 0.020523221 0.021191579 0.024988604 0.024731629 0.02803035 0.030189641 0.032753929 0.032489645 0.037484258 0.037620802 0.043397541 0.043988871 0.048186204 0.049873901 0.053667708 0.055744385 0.053487849 0.060563037 0.06682257 0.067821524 0.068923384 0.070822739 0.071837944 0.076536116 0.080995161 0.084120954 0.083785655 0.092217295 0.09160987 0.095357497 0.094985569 0.096597921 0.095986097 0.100364978 0.099017776 0.101228705 0.103502466 0.103868037 0.102574982 0.107713226 0.107952334 0.106490303 0.112022682 0.111374577 0.111772641 0.119540095 0.116862546 0.120048485 0.122140064 0.13070451 0.125575813 0.131932973 0.138679014 0.141848547 0.151259465 0 0 0 0 0 0 0.204507756 0.219731389 0.246244727 0.235093067 0.249767488 0.239784987 0.192275909 0.29433247 0.290886658 0.348870031 -0.130618596 1.000902143 3.061426049 -5.156387697
553.698 0 0 0 0 0 0 0 0 0 0 0 0 0 0 0 0 0 0 0.005127456 0.002802273 1.18e-07 0.006390204 0.001958524 0.004034548 0.002969201 0.00680414 0.008409164 0.006933259 0.007103857 0.008356023 0.010215584 0.009491481 0.009454991 0.014142411 0.01416406 0.013098195 0.014103709 0.013805235 0.015664015 0.017320703 0.019026321 0.019234247 0.017698873 0.022931864 0.024227172 0.026056993 0.024470041 0.029671825 0.031259124 0.036424797 0.034455657 0.036107014 0.037249906 0.041114422 0.04592018 0.0443079 0.048887787 0.05092872 0.052586476 0.055256176 0.059292936 0.062423203 0.068108992 0.066082227 0.06815866 0.071292293 0.075493735 0.077351363 0.082137888 0.084182736 0.086172569 0.09063611 0.089635107 0.090306349 0.089442756 0.094361989 0.093953218 0.094148853 0.095875433 0.097438685 0.099200161 0.100760092 0.101913587 0.102597702 0.104978023 0.104830456 0.105395526 0.107395813 0.110593589 0.11280031 0.114811787 0.112730801 0.122272694 0.128247904 0.127837672 0.129460727 0 0 0 0 0 0 0.201383385 0.205784926 0.201457755 0.214635562 0.212665518 0.218228511 0.215533123 0.215506725 0.23321364 0.25105499 0.109589789 0.075008259 -0.117099351 4.500294793 -0.214876741
557.032 0 0 0 0 0 0 0 0 0 0 0 0 0 0 0 0 0 0.001642768 0.00032 0.000933 0.001659802 -0.000147 0.001822246 0.001213083 0.004399692 0.003594183 0.004624072 0.003529183 0.006895955 0.007318655 0.007217652 0.008830514 0.008849517 0.008563405 0.008803994 0.009948298 0.012002118 0.013203173 0.013038002 0.014780309 0.017298091 0.017422615 0.017680251 0.020622265 0.02243256 0.022735021 0.022620767 0.024976837 0.025276305 0.028452685 0.030439719 0.033046116 0.037804282 0.03876801 0.041110312 0.043577535 0.046660569 0.048694794 0.050248747 0.053526377 0.06105023 0.056428145 0.059846532 0.065053882 0.065726236 0.065993979 0.069628945 0.073258509 0.074360285 0.076866717 0.079232108 0.081680613 0.083001265 0.086222353 0.08407702 0.084780953 0.089651394 0.08657274 0.089387976 0.092824778 0.088636987 0.091445935 0.092483035 0.095071056 0.093471096 0.095406979 0.0981445 0.10003269 0.100440867 0.101809457 0.105875786 0.110473266 0.112173918 0.115766015 0.120528641 0.12440372 0 0 0 0 0 0 0.178577191 0.182360908 0.198952548 0.214236964 0.207547919 0.198067631 0.211091455 0.179456858 0.178504173 0.237676641 0.102370825 -0.488371349 -0.887440641 -6.653495256 -6.256209351
560.367 0 0 0 0 0 0 0 0 0 0 0 0 0 0 0 0 0.005295234 0.001828139 0.003227247 0.006755083 0.006075751 0.005417309 0.005075821 0.004474206 0.007679686 0.006984155 0.006685236 0.007218481 0.011016735 0.007477528 0.010094829 0.01236944 0.011493247 0.009033371 0.010995331 0.011184733 0.015067415 0.014260783 0.012741253 0.016326228 0.01803029 0.019486665 0.019877638 0.021220811 0.022579238 0.023126923 0.023882909 0.024690727 0.0298361 0.0338717 0.035120517 0.034833735 0.038050036 0.038885445 0.042084057 0.043495828 0.044345954 0.046445823 0.049399854 0.05014148 0.055547332 0.055156837 0.059330274 0.060833914 0.062323799 0.0664311 0.068578519 0.070295595 0.074700711 0.073830413 0.07779062 0.076702127 0.079788861 0.083336868 0.083226022 0.08388073 0.084307534 0.082659011 0.085668163 0.085963886 0.088538019 0.089091455 0.088009409 0.088754606 0.091877881 0.092096588 0.094558115 0.094596156 0.09743332 0.099397743 0.106018417 0.106188776 0.110728345 0.115056822 0.113965969 0 0 0 0 0 0 0.162706037 0.175090004 0.178871258 0.195219316 0.188116154 0.192434326 0.217626995 0.249360638 0.201906487 0.246566716 0.197608496 0.257696174 0.548282664 -1.252205478 0.468079445 -21.65253168
563.703 0 0 0 0 0 0 0 0 0 0 0 0 0 0 0 0.003368417 -0.00137896 0.002339156 0.005210956 0.003962883 -0.000613 0.004137067 0.007968432 0.001094674 0.003155532 0.000504 0.006625961 0.00508779 0.005113714 0.008287883 0.006924383 0.007117551 0.008001063 0.007944276 0.010350713 0.0113639 0.013053776 0.012988242 0.013432797 0.012785015 0.014102407 0.01644409 0.018010273 0.017628707 0.019401177 0.021386413 0.021922415 0.025142702 0.027205228 0.029626311 0.029208771 0.031460939 0.034515124 0.034269733 0.036804412 0.035616284 0.039092651 0.042740297 0.045274898 0.05104045 0.050635447 0.053051678 0.055414467 0.05555682 0.056451303 0.059432756 0.063051609 0.064148504 0.066342678 0.069012049 0.069413308 0.072819631 0.073500828 0.074832472 0.07765597 0.075297335 0.075105403 0.079560567 0.080779492 0.079354047 0.08084342 0.08450901 0.083483027 0.084118762 0.08216409 0.083355173 0.088628451 0.089912359 0.0897304 0.093841789 0.099380508 0.09517236 0.097304767 0.103748497 0.109041924 0 0 0 0 0 0 0.162187563 0.166558859 0.164428994 0.183330494 0.189466684 0.188661555 0.185701052 0.18852155 0.18348111 0.185170553 0.04195413 0.22290745 0.076321362 -0.721327774 -5.789416065 -16.47031918
567.039 0 0 0 0 0 0 0 0 0 0 0 0 0 0 0.005141465 0.006054346 0.005365703 0.002688917 0.003103532 -0.000325 0.005234663 0.006231542 0.005861949 0.004398335 0.003170604 0.00973505 0.009559932 0.012775698 0.009380342 0.006929954 0.007360985 0.012636848 0.0081223 0.009742983 0.009397827 0.012826829 0.010580113 0.012266046 0.012458861 0.014422506 0.015861817 0.016050501 0.01706048 0.018331423 0.02096043 0.020197305 0.021420338 0.025103078 0.026844815 0.028552032 0.031293917 0.027667895 0.034235483 0.034632463 0.038887429 0.037333403 0.040479072 0.043176751 0.046070764 0.046776257 0.047645273 0.049435949 0.053718304 0.054398938 0.055652495 0.054569855 0.059437727 0.059687136 0.063728719 0.06501502 0.067455819 0.06993174 0.066153143 0.071672916 0.074213326 0.071206842 0.073370498 0.07891617 0.073961814 0.080111808 0.0763483 0.077792768 0.0800677 0.078646312 0.080375841 0.079825175 0.081864208 0.083892804 0.088402491 0.090695558 0.09097977 0.092153366 0.094234326 0.100418863 0 0 0 0 0 0 0.129869161 0.145175484 0.154635727 0.157916475 0.165312125 0.163176617 0.185786694 0.185926823 0.193405412 0.185497096 0.178238482 0.133524825 0.238780908 0.402469946 2.053035784 -5.093992366 10.98006354
570.375 0 0 0 0 0 0 0 0 0 0 0 0 0 -0.00019 0.008907004 0.002338463 0.002448921 0.002369285 0.002479174 0.003055194 0.003578426 0.002848325 0.002023382 0.003334062 0.00920582 0.007793577 0.00856008 0.007629968 0.00643 0.008841249 0.011479089 0.011187962 0.009578957 0.012141598 0.013365471 0.010733182 0.012443044 0.010758442 0.013826423 0.014799564 0.015789492 0.014846146 0.015706163 0.018264252 0.019122664 0.018926984 0.023731125 0.024224814 0.023692512 0.02617794 0.027118656 0.028040199 0.033067765 0.034363864 0.036428179 0.036155664 0.0359301 0.040021161 0.041655243 0.044511707 0.046622328 0.050939317 0.050018358 0.049056131 0.052811209 0.055157605 0.053670494 0.060474407 0.056183059 0.061652791 0.0629535 0.064964503 0.065811506 0.068355843 0.067072038 0.068512085 0.06733882 0.075302165 0.071362071 0.073593529 0.071706171 0.073633889 0.071826124 0.075148522 0.076962905 0.077861287 0.078578966 0.076932033 0.083498725 0.081769124 0.086275535 0.089850377 0.08816273 0.091602664 0 0 0 0 0 0 0.13086509 0.131529158 0.144497776 0.151158472 0.146102886 0.154631145 0.168574619 0.184282758 0.168372404 0.154808017 0.176229655 0.241511888 0.218770165 0.30990762 -0.242753308 -1.710562916 11.02328703
573.713 0 0 0 0 0 0 0 0 0 0 0 0 0.004149204 -0.007281524 0.006135608 -0.000542 0.004033311 0.006301276 0.003811844 0.003383773 -0.00078 0.00405847 0.002172422 0.004037879 0.006016568 0.007299128 0.006739579 0.004000311 0.006108212 0.005726996 0.009535588 0.008730638 0.0069499 0.007829061 0.007750819 0.010671806 0.010271904 0.009855514 0.012689294 0.012409902 0.013081584 0.014932214 0.015891841 0.01630188 0.018880835 0.017978698 0.021501079 0.02221298 0.024000159 0.025024229 0.027421036 0.027033499 0.027509985 0.030387859 0.031684394 0.032932206 0.033478163 0.036077542 0.039424764 0.038542616 0.0396804 0.04387367 0.045940882 0.046576911 0.04924661 0.051453701 0.050782507 0.053177749 0.055650336 0.05947246 0.058223087 0.057195949 0.059521093 0.061509914 0.06297899 0.063304824 0.063842342 0.065261082 0.06629753 0.064798923 0.067786543 0.069015663 0.068808893 0.06880024 0.070213031 0.068608383 0.073427355 0.07154696 0.074069794 0.079434118 0.083768972 0.082310587 0.085933846 0 0 0 0 0 0 0.117139288 0.117057503 0.126606355 0.126472964 0.135144113 0.140949037 0.144682258 0.156292632 0.147766352 0.149010072 0.157607835 0.174674972 0.131710777 0.090696891 -0.485335405 -0.062219393 -4.65682916 12.86961561
577.05 0 0 0 0 0 0 0 0 0 0 0 0.007952768 0.006332438 0.002304667 0.007635414 0.007768481 0.002455998 0.001697024 0.003816828 0.006619463 0.005623469 0.009786239 0.009858419 0.004880755 0.008704185 0.008721489 0.008348751 0.011194478 0.007814981 0.00790343 0.007161003 0.011530091 0.010168327 0.010056755 0.011729485 0.011724654 0.014018442 0.013655431 0.011604251 0.013757272 0.015656132 0.014907354 0.015469315 0.015059314 0.01810488 0.019001667 0.020792605 0.019178735 0.022310352 0.024086632 0.027069052 0.0286882 0.028725287 0.028582066 0.028201232 0.032231151 0.031223924 0.036793393 0.038795898 0.04093203 0.037930622 0.042165288 0.043272738 0.049079277 0.045711894 0.048821793 0.050630558 0.051305461 0.05492665 0.057818877 0.057739199 0.056718653 0.059754059 0.060216304 0.061361588 0.059867193 0.060758583 0.062993044 0.062930725 0.063667272 0.062829558 0.065596183 0.068916282 0.068161441 0.067358866 0.069924177 0.069200062 0.073541347 0.073311509 0.075765653 0.076424793 0.075167149 0.083630853 0 0 0 0 0 0 0.112405241 0.117683348 0.123390975 0.12768256 0.142982895 0.147651122 0.160576386 0.158874201 0.158305296 0.163254757 0.148138128 0.137594969 0.135476095 0.257496675 0.797187212 0.366095851 -0.984832651 11.90971103
580.388 0 0 0 0 0 0 0 0 0 0 0.002304522 -0.008534239 0.00434327 0.004979814 -0.00371279 0.002162094 -0.00105876 0.002379716 -0.002656562 0.003703267 0.000779 0.002101848 0.001303206 0.00125291 -0.001999568 0.005119564 0.004774657 0.007641765 0.007799461 0.006587127 0.006209712 0.003068965 0.009412108 0.005014213 0.009932643 0.00594173 0.011064644 0.011134676 0.011188547 0.012678022 0.010917815 0.012257406 0.013993869 0.013335856 0.014966126 0.016536705 0.016443733 0.017833338 0.019309655 0.022976215 0.019874273 0.023337269 0.024124692 0.027090097 0.028062885 0.029750023 0.0316125 0.030367915 0.035255965 0.038608454 0.035852792 0.038523879 0.043002989 0.042113398 0.045115864 0.044959569 0.041783104 0.048859226 0.04670752 0.048686766 0.050583878 0.053125723 0.051009236 0.053910078 0.055260386 0.053549168 0.054934927 0.055884754 0.055725066 0.059211228 0.057425459 0.059602841 0.058778434 0.062383177 0.061681489 0.059617987 0.060463725 0.064821966 0.067289317 0.06684646 0.068788696 0.067929721 0 0 0 0 0 0 0.089722451 0.099233562 0.106384643 0.106294019 0.121603153 0.129402586 0.125009768 0.137321279 0.140217119 0.125873408 0.117609591 0.127175362 0.141196308 -0.02847798 -0.234332005 -0.038781541 -1.894085593 0.242791943 -20.2611721
583.727 0 0 0 0 0 0 0 0 0 0.000862 0.002095371 0.002029041 0.004133118 0.010501769 0.005186929 0.00916416 0.005237007 0.006783488 0.005777812 0.010917288 0.006835536 0.0053892 0.008221067 0.008320241 0.007994191 0.005995781 0.012457887 0.009961641 0.008112686 0.007104871 0.011149147 0.011660661 0.008016565 0.010933337 0.010152849 0.012213234 0.012057734 0.012527188 0.01401046 0.011814779 0.013032862 0.015729033 0.014396057 0.015082853 0.017836475 0.016551361 0.020749689 0.021439246 0.019005519 0.020312362 0.02400149 0.025404485 0.026018311 0.027861115 0.026325336 0.030332661 0.030519301 0.03355934 0.033600214 0.0314604 0.040072799 0.036110532 0.039201671 0.043232171 0.04211774 0.043151426 0.044271047 0.04504073 0.045828432 0.046436881 0.046711556 0.051339877 0.050988992 0.052083301 0.050648981 0.051692846 0.052476525 0.056928973 0.054875626 0.0550729 0.053383569 0.055067762 0.056072222 0.059950084 0.058386139 0.060550908 0.066247692 0.06487431 0.0631598 0.066552475 0.066160447 0.068680392 0 0 0 0 0 0 0.089768339 0.101287275 0.101801537 0.112985985 0.109448912 0.126467739 0.123652396 0.142210784 0.136042495 0.136331416 0.132021982 0.16182341 0.148577925 0.138295219 0.293755174 0.444784116 -0.059871453 4.661413944 25.90989601
587.066 0 0 0 0 0 0 0 0 0.002874672 -0.001285622 0.001876498 0.003454518 0.001378579 0.001528367 0.004629559 0.006831478 0.000697 0.001351958 0.003631087 -0.000162 0.009634947 0.004192804 0.003030707 0.00346815 0.007325584 0.007144825 0.005495772 0.005861433 0.007215708 0.007001213 0.005989775 0.008105999 0.009659948 0.009409017 0.006964737 0.006970297 0.008645939 0.012539117 0.011353733 0.013358728 0.012060111 0.011892311 0.01355882 0.01398296 0.014752465 0.016928001 0.015866674 0.016637268 0.018037118 0.020079025 0.02226967 0.023352192 0.023839577 0.024463557 0.027197781 0.0246462 0.025553971 0.03077966 0.030945151 0.032810497 0.030980788 0.033647391 0.035123679 0.033743632 0.039191194 0.039351349 0.04074264 0.044155632 0.041660318 0.042253343 0.047724554 0.04607087 0.048700846 0.048228393 0.048003645 0.051370873 0.05000323 0.046966043 0.051438392 0.050180138 0.053605561 0.052838261 0.054141734 0.056008948 0.05615271 0.055104095 0.05804572 0.056874269 0.058119725 0.058483669 0.060507363 0 0 0 0 0 0 0.08693162 0.08205863 0.087176314 0.094918378 0.095121216 0.098453852 0.106824134 0.111783294 0.120951019 0.127655932 0.112834411 0.103351873 0.123223949 0.148620503 0.287328734 0.120551894 -0.077375734 0.851179384 -2.200834397 -2.776819778
590.406 0 0 0 0 0 0 0.005182654 0.011687488 0.003351067 0.003683549 0.006322327 0.007179306 0.000795 0.006367994 0.009358455 0.010169788 0.00335309 -0.000342 0.004505202 0.003731857 0.004082033 0.008322018 0.006849152 0.005325695 0.010494067 0.008249499 0.010737787 0.00852719 0.006033527 0.006420972 0.011477517 0.007389939 0.011410814 0.009933209 0.007461253 0.011224819 0.011311173 0.010231822 0.012979747 0.013273602 0.012431596 0.014554335 0.012997955 0.014233076 0.015251223 0.014979892 0.017654532 0.015729411 0.015659855 0.020777694 0.023138677 0.02096935 0.024231265 0.024931059 0.024356878 0.027323978 0.029451534 0.030596358 0.030133249 0.032873227 0.032666235 0.033728641 0.035142798 0.034596674 0.036295355 0.039193456 0.039449041 0.038257662 0.042460723 0.044078729 0.045689016 0.045761668 0.042927768 0.045233699 0.046910639 0.047385262 0.046905873 0.048403877 0.048412317 0.050075877 0.04704712 0.049977888 0.049454352 0.052284377 0.051479979 0.055184303 0.055957253 0.056252708 0.055902425 0.057906661 0.061318985 0 0 0 0 0 0 0.081961 0.08469469 0.084592233 0.094864537 0.104107926 0.10605361 0.114453018 0.121719768 0.111819535 0.12753535 0.126798911 0.125142928 0.087854299 0.197568547 0.182774117 0.220715522 0.293146596 1.846690582 -4.20844878 23.3407327
593.746 0 0 0 0 0 0.001218565 -0.00689461 0.000682 0.002935854 -0.003706328 -0.006579003 7.85e-06 -0.004214458 -0.000777 -0.001129471 -0.00439945 -0.003212572 -0.004860092 -0.004554077 -0.003114974 -0.000951 0.000608 0.001031119 -0.004947698 0.000687 0.001042108 0.000868 0.004062823 0.003788691 0.004167404 0.003046709 0.006847356 0.006396838 0.005525254 0.007356738 0.008817633 0.007630552 0.008008718 0.009455834 0.009971614 0.010948481 0.00936776 0.009985995 0.013556625 0.011772199 0.012779793 0.014258067 0.012369394 0.012805429 0.015094192 0.017221159 0.018276752 0.018351448 0.020305112 0.022890605 0.023059374 0.022693541 0.021662673 0.026633366 0.025644449 0.027996668 0.028981113 0.028496067 0.029553892 0.032702903 0.03378566 0.032576468 0.03447967 0.035136196 0.038939618 0.037722583 0.037697096 0.037692801 0.039229375 0.040295364 0.042769885 0.042653249 0.042719573 0.042495444 0.043503615 0.04542785 0.04627599 0.047397307 0.043841128 0.044193719 0.048313259 0.048588776 0.046851667 0.052579616 0.05274358 0 0 0 0 0 0 0.063872419 0.071900804 0.071472512 0.075546356 0.073313082 0.084716832 0.091157016 0.084818154 0.082405912 0.086463934 0.102495795 0.084271975 0.102827721 0.098476887 0.019922994 0.039746227 -0.069165369 -0.137982805 -1.551196893 -2.246422051 -6.466321678
597.086 0 0 0 0 0.001245731 0.008853611 0.002395343 0.013512525 0.005904605 0.005515215 0.004079695 0.002508889 0.004855748 0.00275019 0.010855406 0.005911264 0.008082274 0.011503303 0.009842043 0.013040243 0.006706869 0.001537228 0.007562482 0.008411803 0.0091716 0.006819257 0.007908191 0.008915468 0.008222638 0.007743383 0.005514108 0.010967423 0.009258935 0.007925895 0.009058532 0.009795616 0.009637401 0.008949329 0.011269389 0.011354915 0.01098932 0.012515804 0.013477303 0.014371092 0.012399293 0.014348252 0.015341675 0.017098692 0.018538981 0.014889518 0.020290164 0.02156664 0.021952495 0.022080167 0.024558172 0.025331009 0.025555002 0.025135477 0.027738216 0.028782602 0.029896616 0.030676851 0.029960973 0.03433823 0.03784557 0.033820395 0.035062134 0.032534011 0.036483134 0.038293649 0.036565558 0.038298137 0.042880522 0.039197925 0.040841915 0.042988186 0.042521193 0.041758417 0.044517508 0.043232049 0.044314393 0.044855463 0.04467719 0.043435632 0.047188667 0.050604915 0.047879962 0.052229639 0.04952379 0.056228788 0 0 0 0 0 0 0.065341845 0.069063931 0.077868566 0.082135135 0.087706668 0.09147388 0.092952111 0.095918159 0.10693166 0.111797156 0.103814468 0.10294863 0.124767462 0.108003746 0.096460744 0.251533778 0.332902031 1.232554372 0.753506917 4.783418266 35.27296783
600.427 0 0 0 0.005040265 0.001025882 -6.68e-07 0.002674609 -0.000477 0.00782623 0.007146309 0.008708705 0.007841611 0.006158904 0.002192012 0.002321486 0.002060325 0.000181 0.00371304 0.004474475 0.005190428 0.00777845 0.006402209 0.009926776 0.004629265 0.005696891 0.004658052 0.00394721 0.005501119 0.007169817 0.008533369 0.010443903 0.006900302 0.007974459 0.00866232 0.009980107 0.008616422 0.00811253 0.008050526 0.009742232 0.009515789 0.010692853 0.009881015 0.011869297 0.013047196 0.014013304 0.014688232 0.015078897 0.015757283 0.019490478 0.015447611 0.018858793 0.019177648 0.020222179 0.020557213 0.021402283 0.0232814 0.019388087 0.024477303 0.028146579 0.025867515 0.028837701 0.026706475 0.029961659 0.027542427 0.028521306 0.029338737 0.031965512 0.03184129 0.03503055 0.033800659 0.035165444 0.035481322 0.036888923 0.039773434 0.037598022 0.037828407 0.038648209 0.039842245 0.041854482 0.041236325 0.04172754 0.040830999 0.043829722 0.042910111 0.040278498 0.045485284 0.043991917 0.04641681 0.048251851 0 0 0 0 0 0 0.057557628 0.062180451 0.067198817 0.070272381 0.068600069 0.078195157 0.083367558 0.075761581 0.087652584 0.096739797 0.088849936 0.084857803 0.105709295 0.083823995 0.097001397 0.128474217 0.144244487 0.259273204 0.040367143 0.889128453 -0.254043135 15.39247505
603.768 0 0 0.004985502 0.005362131 -0.003898743 0.003026156 0.004915348 0.001428439 0.005351414 -0.002707745 0.001099934 0.004706464 0.002281975 0.005435169 0.004102586 0.007767082 0.007181887 0.0062595 0.004701379 0.005588087 0.003766164 0.008207669 0.00714327 0.003800638 0.006875163 0.004168352 0.005921974 0.006424027 0.004629072 0.001126579 0.005214188 0.005409141 0.008827983 0.009561075 0.009466419 0.008121127 0.010267484 0.010825208 0.009230174 0.009674655 0.008952448 0.010537543 0.010846789 0.012021456 0.011569611 0.011130844 0.013403675 0.014476474 0.013933971 0.017661025 0.017643818 0.018255692 0.017361726 0.018383372 0.019811068 0.021316775 0.023787203 0.02300563 0.02364074 0.022390357 0.023821276 0.026989187 0.027579045 0.03029265 0.027618976 0.029319028 0.029055745 0.030206191 0.031535646 0.034847115 0.035235637 0.034519615 0.037057933 0.034149956 0.032164098 0.037801358 0.037142318 0.035007968 0.039871781 0.037361652 0.03700627 0.041188685 0.038822641 0.039664313 0.039805058 0.043002221 0.043230545 0.044838274 0.043160583 0 0 0 0 0 0 0.057908719 0.062696167 0.06897843 0.068803386 0.067409261 0.069801654 0.077329022 0.077886945 0.079394611 0.080795859 0.09499508 0.097074873 0.087754988 0.110656169 0.091641337 0.098916682 0.142038122 0.222314418 0.305764898 0.835755476 -2.579219498 4.929055736
607.109 0 0.012435588 0.00028 0.001347401 0.008866362 -0.001520565 0.007660018 0.00648884 -0.002341232 0.002945374 0.000656 -0.000216 -0.0041711 0.00627106 0.002158528 0.006666034 0.006110551 0.00306105 0.001748237 0.005107481 0.007244022 0.004602321 0.005654328 0.008963773 0.009452126 0.003785564 0.003753364 0.004843435 0.006087527 0.008783806 0.006885798 0.007852819 0.008206012 0.007186901 0.007915874 0.006141554 0.00870846 0.008029271 0.008317881 0.011007273 0.009725524 0.009438765 0.009436277 0.010916675 0.011571417 0.012370611 0.010001916 0.011965708 0.015480031 0.014154868 0.016064213 0.016816451 0.018767895 0.018634215 0.01642024 0.019921248 0.018886845 0.022347381 0.021035412 0.019966872 0.02433423 0.024982368 0.024653935 0.025599054 0.03018922 0.024253449 0.027251934 0.030208309 0.028983368 0.028743491 0.031637457 0.034254854 0.034075587 0.033085814 0.036821828 0.033341541 0.033552322 0.035766942 0.034991127 0.033369801 0.035886506 0.035756587 0.035590951 0.03623607 0.036235563 0.03812399 0.039676652 0.040920622 0 0 0 0 0 0 0.053804615 0.051577577 0.052993081 0.056887589 0.06421923 0.065082026 0.07406089 0.074621993 0.071400135 0.07058203 0.082932739 0.08099315 0.085212743 0.109308705 0.099074239 0.085752329 0.047649044 0.10145378 0.231456336 0.204906146 1.806881486 4.667128053 -4.994232848
610.451 0.0006 -0.004381014 -0.000843 -0.004627968 -0.002115124 -0.001280499 0.002492831 -0.00582254 2.7e-06 0.001370736 0.006921644 0.001092458 0.00400207 0.003269336 0.004165018 -0.000578 0.004858822 0.005990908 0.006713468 0.006702008 0.006816548 0.002562417 0.00663706 0.003265371 0.003422502 0.005735147 0.005749121 0.003637665 0.00566456 0.004254795 0.007728825 0.006449002 0.004286278 0.008437363 0.007186124 0.007311936 0.006765719 0.01106888 0.008329749 0.007056829 0.009664519 0.009327499 0.009795288 0.009898658 0.011072956 0.012098735 0.012892861 0.011759201 0.014148995 0.013166851 0.014363174 0.016574555 0.014585995 0.018133213 0.014892218 0.017715134 0.018501104 0.019670104 0.018025065 0.021595684 0.021392381 0.021730793 0.022344812 0.026032358 0.025072563 0.024666226 0.025298651 0.026104069 0.026132627 0.030734369 0.029048319 0.02886793 0.029935958 0.031272287 0.029443246 0.030413989 0.032446484 0.030714781 0.033095712 0.033338122 0.034916099 0.035437003 0.030468322 0.036515993 0.038422323 0.036272489 0.036786314 0.037224421 0 0 0 0 0 0 0.046186438 0.050931909 0.047888157 0.055906855 0.057610391 0.057388351 0.066328346 0.070517392 0.066207349 0.074595059 0.070308461 0.079359374 0.083563195 0.084578537 0.090392844 0.115038957 0.085786046 0.056922906 0.128912584 0.227653799 0.457682195 8.371022656 -9.771993913
613.792 0.002984577 0.000283 0.000836 0.005120505 0.003385278 -0.001775217 0.000738 0.003600866 0.006550671 0.005906897 0.003980581 0.001939287 0.001668134 0.000811 0.001965005 0.008950188 0.001662308 0.005751879 0.002621665 0.003742233 0.007901858 0.009520914 0.006570731 0.004408657 0.004093834 0.001487804 0.006598765 0.007451385 0.004172579 0.003753584 0.007873457 0.008899929 0.006371023 0.006647424 0.005157985 0.005975258 0.006315177 0.004647902 0.005704394 0.006870572 0.007499927 0.007979397 0.008492366 0.010468783 0.009813045 0.013878265 0.011206322 0.013582743 0.013662312 0.01518724 0.013801835 0.01430717 0.014905985 0.016750814 0.016570433 0.014998121 0.015966927 0.016430892 0.019760169 0.020534453 0.018986379 0.022921502 0.022126796 0.023832396 0.024823854 0.023664525 0.024557271 0.028383284 0.026496034 0.026902027 0.025051917 0.027611965 0.026904675 0.029571682 0.029006206 0.028676487 0.029196441 0.029266818 0.0324802 0.032213576 0.034277756 0.031443559 0.031847308 0.034493699 0.031305205 0.034294008 0.035717418 0 0 0 0 0 0 0.04018365 0.046439566 0.043789313 0.04824659 0.051969093 0.055501528 0.064115435 0.058551961 0.0535013 0.066087468 0.063134418 0.07576162 0.070918407 0.079764501 0.086295943 0.080810287 0.072946474 0.113936322 0.048835256 0.007970281 0.389353572 1.292239707 3.376627898 -22.38331291
617.135 0.002443371 0.000595 0.006840731 0.002753799 0.001334868 0.004404377 -0.002775416 0.011782274 0.002145686 0.00764708 0.005189147 0.006807278 0.008523045 0.004339991 0.006216176 0.008949084 -0.001134573 0.004042966 0.002143923 0.001216352 0.009250138 0.005025166 0.00358947 0.002402738 0.00533156 0.006214432 0.010841928 0.001903342 0.00499788 0.006055555 0.003684853 0.00781282 0.007498245 0.005138694 0.008268864 0.007917703 0.005271105 0.008204627 0.007304674 0.008805972 0.006976088 0.008617354 0.009426694 0.009502271 0.009778669 0.011035105 0.012538015 0.010903029 0.014402357 0.011037561 0.012565557 0.016025499 0.014834613 0.014735671 0.016077356 0.016623263 0.018302288 0.015276351 0.017862422 0.01982558 0.020861444 0.02141442 0.022610977 0.022455217 0.021032414 0.023149799 0.021921995 0.023004085 0.024211408 0.024746926 0.026522395 0.025998937 0.029677754 0.025650389 0.028380626 0.029007684 0.031512605 0.02961175 0.031572935 0.030401731 0.030764266 0.029846586 0.034723077 0.031441048 0.03424801 0.032254511 0.035500567 0 0 0 0 0 0 0.041279598 0.042106323 0.041863819 0.048147746 0.049167328 0.049549104 0.054525387 0.056092409 0.058340636 0.071592529 0.056286732 0.067987152 0.070393039 0.069331804 0.091426604 0.103015579 0.086295895 0.131226254 0.069090188 0.277270114 0.020921049 1.912464016 2.391005133 20.65129521
