NaN 600 596.73 593.46 590.19 586.92 583.65 580.38 577.11 573.84 570.57 567.3 564.03 560.76 557.49 554.22 550.95 547.68 544.41 541.14 537.87 534.6 531.33 528.06 524.79 521.52 518.25 514.98 511.71 508.44 505.17 501.9 498.63 495.36 492.09 488.82 485.55 482.28 479.01 475.74 472.47 469.2 465.93 462.66 459.39 456.12 452.85 449.58 446.31 443.04 439.77 436.5 433.23 429.96 426.69 423.42 420.15 416.88 413.61 410.34 407.07 403.8 400.53 397.26 393.99 390.72 387.45 384.18 380.91 377.64 374.37 371.1 367.83 364.56 361.29 358.02 354.75 351.48 348.21 344.94 341.67 338.4 335.13 331.86 328.59 325.32 322.05 318.78 315.51 312.24 308.97 305.7 302.43 299.16 295.89 292.62 289.35 286.08 282.81 279.54 276.27 273 269.73 266.46 263.19 259.92 256.65 253.38 250.11 246.84 243.57 240.3 237.03 233.76 230.49 227.22 223.95 220.68
NaN NaN NaN NaN NaN NaN NaN NaN NaN NaN NaN NaN NaN NaN NaN NaN NaN NaN NaN NaN NaN NaN NaN NaN NaN NaN NaN NaN NaN NaN NaN NaN NaN NaN NaN NaN NaN NaN NaN NaN NaN NaN NaN NaN NaN NaN NaN NaN NaN NaN NaN NaN NaN NaN NaN NaN NaN NaN NaN NaN NaN NaN NaN NaN NaN NaN NaN NaN NaN NaN NaN NaN NaN NaN NaN NaN NaN NaN NaN NaN NaN NaN NaN NaN NaN NaN NaN NaN NaN NaN NaN NaN NaN NaN NaN NaN NaN NaN NaN NaN NaN NaN NaN NaN NaN NaN NaN NaN NaN NaN NaN NaN NaN NaN NaN NaN NaN NaN
NaN NaN NaN NaN NaN NaN NaN NaN NaN NaN NaN NaN NaN NaN NaN NaN NaN NaN NaN NaN NaN NaN NaN NaN NaN NaN NaN NaN NaN NaN NaN NaN NaN NaN NaN NaN NaN NaN NaN NaN NaN NaN NaN NaN NaN NaN NaN NaN NaN NaN NaN NaN NaN NaN NaN NaN NaN NaN NaN NaN NaN NaN NaN NaN NaN NaN NaN NaN NaN NaN NaN NaN NaN NaN NaN NaN NaN NaN NaN NaN NaN NaN NaN NaN NaN NaN NaN NaN NaN NaN NaN NaN NaN NaN NaN NaN NaN NaN NaN NaN NaN NaN NaN NaN NaN NaN NaN NaN NaN NaN NaN NaN NaN NaN NaN NaN NaN NaN
210.901 0 0 0 0 0 0 0 0 0 0 0 0 0 0 0 0 0 0 0 0 0 0 0 0 0 0 0 0 0 0 0 0 0 0 0 0 0 0 0 0 0 0 0 0 0 0 0 0 0 0 0 0 0 0 0 0 0 0 0 0 0 0 0 0 0 0 0 0 0 0 0 0 0 0 0 0 0 0 0 0 0 0 0 0 0 0 0 0 0 0 0 0 0 0 0 0 0 0 0 0 0 0 0 0 0 0 0 0 0 0 0 0 0 0 0 0 0
214.065 0 0 0 0 0 0 0 0 0 0 0 0 0 0 0 0 0 0 0 0 0 0 0 0 0 0 0 0 0 0 0 0 0 0 0 0 0 0 0 0 0 0 0 0 0 0 0 0 0 0 0 0 0 0 0 0 0 0 0 0 0 0 0 0 0 0 0 0 0 0 0 0 0 0 0 0 0 0 0 0 0 0 0 0 0 0 0 0 0 0 0 0 0 0 0 0 0 0 0 0 0 0 0 0 0 0 0 0 0 0 0 0 0 0 0 0 0
217.232 0 0 0 0 0 0 0 0 0 0 0 0 0 0 0 0 0 0 0 0 0 0 0 0 0 0 0 0 0 0 0 0 0 0 0 0 0 0 0 0 0 0 0 0 0 0 0 0 0 0 0 0 0 0 0 0 0 0 0 0 0 0 0 0 0 0 0 0 0 0 0 0 0 0 0 0 0 0 0 0 0 0 0 0 0 0 0 0 0 0 0 0 0 0 0 0 0 0 0 0 0 0 0 0 0 0 0 0 0 0 0 0 0 0 0 0 0
220.402 0 0 0 0 0 0 0 0 0 0 0 0 0 0 0 0 0 0 0 0 0 0 0 0 0 0 0 0 0 0 0 0 0 0 0 0 0 0 0 0 0 0 0 0 0 0 0 0 0 0 0 0 0 0 0 0 0 0 0 0 0 0 0 0 0 0 0 0 0 0 0 0 0 0 0 0 0 0 0 0 0 0 0 0 0 0 0 0 0 0 0 0 0 0 0 0 0 0 0 0 0 0 0 0 0 0 0 0 0 0 0 0 0 0 0 0 0
223.574 0 0 0 0 0 0 0 0 0 0 0 0 0 0 0 0 0 0 0 0 0 0 0 0 0 0 0 0 0 0 0 0 0 0 0 0 0 0 0 0 0 0 0 0 0 0 0 0 0 0 0 0 0 0 0 0 0 0 0 0 0 0 0 0 0 0 0 0 0 0 0 0 0 0 0 0 0 0 0 0 0 0 0 0 0 0 0 0 0 0 0 0 0 0 0 0 0 0 0 0 0 0 0 0 0 0 0 0 0 0 0 0 0 0 0 0 0
226.748 0 0 0 0 0 0 0 0 0 0 0 0 0 0 0 0 0 0 0 0 0 0 0 0 0 0 0 0 0 0 0 0 0 0 0 0 0 0 0 0 0 0 0 0 0 0 0 0 0 0 0 0 0 0 0 0 0 0 0 0 0 0 0 0 0 0 0 0 0 0 0 0 0 0 0 0 0 0 0 0 0 0 0 0 0 0 0 0 0 0 0 0 0 0 0 0 0 0 0 0 0 0 0 0 0 0 0 0 0 0 0 0 0 0 0 0 0
229.925 0 0 0 0 0 0 0 0 0 0 0 0 0 0 0 0 0 0 0 0 0 0 0 0 0 0 0 0 0 0 0 0 0 0 0 0 0 0 0 0 0 0 0 0 0 0 0 0 0 0 0 0 0 0 0 0 0 0 0 0 0 0 0 0 0 0 0 0 0 0 0 0 0 0 0 0 0 0 0 0 0 0 0 0 0 0 0 0 0 0 0 0 0 0 0 0 0 0 0 0 0 0 0 0 0 0 0 0 0 0 0 0 0 0 0 0 0
233.104 0 0 0 0 0 0 0 0 0 0 0 0 0 0 0 0 0 0 0 0 0 0 0 0 0 0 0 0 0 0 0 0 0 0 0 0 0 0 0 0 0 0 0 0 0 0 0 0 0 0 0 0 0 0 0 0 0 0 0 0 0 0 0 0 0 0 0 0 0 0 0 0 0 0 0 0 0 0 0 0 0 0 0 0 0 0 0 0 0 0 0 0 0 0 0 0 0 0 0 0 0 0 0 0 0 0 0 0 0 0 0 0 0 0 0 0 22.8877821
236.285 0 0 0 0 0 0 0 0 0 0 0 0 0 0 0 0 0 0 0 0 0 0 0 0 0 0 0 0 0 0 0 0 0 0 0 0 0 0 0 0 0 0 0 0 0 0 0 0 0 0 0 0 0 0 0 0 0 0 0 0 0 0 0 0 0 0 0 0 0 0 0 0 0 0 0 0 0 0 0 0 0 0 0 0 0 0 0 0 0 0 0 0 0 0 0 0 0 0 0 0 0 0 0 0 0 0 0 0 0 0 0 0 0 0 0 -1.673946914 -7.81239204
239.469 0 0 0 0 0 0 0 0 0 0 0 0 0 0 0 0 0 0 0 0 0 0 0 0 0 0 0 0 0 0 0 0 0 0 0 0 0 0 0 0 0 0 0 0 0 0 0 0 0 0 0 0 0 0 0 0 0 0 0 0 0 0 0 0 0 0 0 0 0 0 0 0 0 0 0 0 0 0 0 0 0 0 0 0 0 0 0 0 0 0 0 0 0 0 0 0 0 0 0 0 0 0 0 0 0 0 0 0 0 0 0 0 0 0 -2.807803054 -5.734669507 13.25195084
242.655 0 0 0 0 0 0 0 0 0 0 0 0 0 0 0 0 0 0 0 0 0 0 0 0 0 0 0 0 0 0 0 0 0 0 0 0 0 0 0 0 0 0 0 0 0 0 0 0 0 0 0 0 0 0 0 0 0 0 0 0 0 0 0 0 0 0 0 0 0 0 0 0 0 0 0 0 0 0 0 0 0 0 0 0 0 0 0 0 0 0 0 0 0 0 0 0 0 0 0 0 0 0 0 0 0 0 0 0 0 0 0 0 0 0.038543998 1.313085546 7.163024018 15.90758571
245.844 0 0 0 0 0 0 0 0 0 0 0 0 0 0 0 0 0 0 0 0 0 0 0 0 0 0 0 0 0 0 0 0 0 0 0 0 0 0 0 0 0 0 0 0 0 0 0 0 0 0 0 0 0 0 0 0 0 0 0 0 0 0 0 0 0 0 0 0 0 0 0 0 0 0 0 0 0 0 0 0 0 0 0 0 0 0 0 0 0 0 0 0 0 0 0 0 0 0 0 0 0 0 0 0 0 0 0 0 0 0 0 0 0.081154353 0.700518838 2.025445492 7.145749581 29.13827694
249.035 0 0 0 0 0 0 0 0 0 0 0 0 0 0 0 0 0 0 0 0 0 0 0 0 0 0 0 0 0 0 0 0 0 0 0 0 0 0 0 0 0 0 0 0 0 0 0 0 0 0 0 0 0 0 0 0 0 0 0 0 0 0 0 0 0 0 0 0 0 0 0 0 0 0 0 0 0 0 0 0 0 0 0 0 0 0 0 0 0 0 0 0 0 0 0 0 0 0 0 0 0 0 0 0 0 0 0 0 0 0 0 0.110957719 0.029500948 -0.05458581 1.249798428 -0.242942376 4.199495015
252.228 0 0 0 0 0 0 0 0 0 0 0 0 0 0 0 0 0 0 0 0 0 0 0 0 0 0 0 0 0 0 0 0 0 0 0 0 0 0 0 0 0 0 0 0 0 0 0 0 0 0 0 0 0 0 0 0 0 0 0 0 0 0 0 0 0 0 0 0 0 0 0 0 0 0 0 0 0 0 0 0 0 0 0 0 0 0 0 0 0 0 0 0 0 0 0 0 0 0 0 0 0 0 0 0 0 0 0 0 0 0 0.010613064 0.044190946 -0.105443547 0.017865802 1.090102386 -1.128475665 -9.786388976
255.423 0 0 0 0 0 0 0 0 0 0 0 0 0 0 0 0 0 0 0 0 0 0 0 0 0 0 0 0 0 0 0 0 0 0 0 0 0 0 0 0 0 0 0 0 0 0 0 0 0 0 0 0 0 0 0 0 0 0 0 0 0 0 0 0 0 0 0 0 0 0 0 0 0 0 0 0 0 0 0 0 0 0 0 0 0 0 0 0 0 0 0 0 0 0 0 0 0 0 0 0 0 0 0 0 0 0 0 0 0 -0.004884696 -0.003219732 -0.156213558 -0.102259608 -0.477371061 -0.777232614 -1.544208435 12.33024361
258.621 0 0 0 0 0 0 0 0 0 0 0 0 0 0 0 0 0 0 0 0 0 0 0 0 0 0 0 0 0 0 0 0 0 0 0 0 0 0 0 0 0 0 0 0 0 0 0 0 0 0 0 0 0 0 0 0 0 0 0 0 0 0 0 0 0 0 0 0 0 0 0 0 0 0 0 0 0 0 0 0 0 0 0 0 0 0 0 0 0 0 0 0 0 0 0 0 0 0 0 0 0 0 0 0 0 0 0 0 -0.010232165 -0.004072297 -0.118206822 -0.23732123 -0.329330262 -0.318557526 -1.402142662 -3.002402677 -29.54950267
261.821 0 0 0 0 0 0 0 0 0 0 0 0 0 0 0 0 0 0 0 0 0 0 0 0 0 0 0 0 0 0 0 0 0 0 0 0 0 0 0 0 0 0 0 0 0 0 0 0 0 0 0 0 0 0 0 0 0 0 0 0 0 0 0 0 0 0 0 0 0 0 0 0 0 0 0 0 0 0 0 0 0 0 0 0 0 0 0 0 0 0 0 0 0 0 0 0 0 0 0 0 0 0 0 0 0 0 0 -0.014975142 -0.020468291 -0.035424966 -0.191381432 -0.206460724 -0.347848107 -0.446092755 -2.492666688 -3.941306387 -38.38583461
265.023 0 0 0 0 0 0 0 0 0 0 0 0 0 0 0 0 0 0 0 0 0 0 0 0 0 0 0 0 0 0 0 0 0 0 0 0 0 0 0 0 0 0 0 0 0 0 0 0 0 0 0 0 0 0 0 0 0 0 0 0 0 0 0 0 0 0 0 0 0 0 0 0 0 0 0 0 0 0 0 0 0 0 0 0 0 0 0 0 0 0 0 0 0 0 0 0 0 0 0 0 0 0 0 0 0 0 0.00418864 0.001092613 -0.033422337 -0.080744051 -0.058431437 -0.089064049 -0.161999721 -0.242715548 -1.74339996 -0.658163712 6.328073109
268.228 0 0 0 0 0 0 0 0 0 0 0 0 0 0 0 0 0 0 0 0 0 0 0 0 0 0 0 0 0 0 0 0 0 0 0 0 0 0 0 0 0 0 0 0 0 0 0 0 0 0 0 0 0 0 0 0 0 0 0 0 0 0 0 0 0 0 0 0 0 0 0 0 0 0 0 0 0 0 0 0 0 0 0 0 0 0 0 0 0 0 0 0 0 0 0 0 0 0 0 0 0 0 0 0 0 0.000642 0.008979287 -0.015427364 -0.080354236 -0.123333657 -0.04317953 -0.009742377 0.110214235 -0.211722691 -0.443587719 -0.664733967 -11.3132395
271.434 0 0 0 0 0 0 0 0 0 0 0 0 0 0 0 0 0 0 0 0 0 0 0 0 0 0 0 0 0 0 0 0 0 0 0 0 0 0 0 0 0 0 0 0 0 0 0 0 0 0 0 0 0 0 0 0 0 0 0 0 0 0 0 0 0 0 0 0 0 0 0 0 0 0 0 0 0 0 0 0 0 0 0 0 0 0 0 0 0 0 0 0 0 0 0 0 0 0 0 0 0 0 0 0 0.006898323 0.013033473 -0.00740197 -0.04592752 -0.045090649 -0.111555337 -0.029139214 -0.089014388 0.069992099 -0.3766881 0.001229986 0.678914873 -12.55812467
274.643 0 0 0 0 0 0 0 0 0 0 0 0 0 0 0 0 0 0 0 0 0 0 0 0 0 0 0 0 0 0 0 0 0 0 0 0 0 0 0 0 0 0 0 0 0 0 0 0 0 0 0 0 0 0 0 0 0 0 0 0 0 0 0 0 0 0 0 0 0 0 0 0 0 0 0 0 0 0 0 0 0 0 0 0 0 0 0 0 0 0 0 0 0 0 0 0 0 0 0 0 0 0 0 0.008264592 0.0054632 0.002372889 -0.017630133 -0.040770593 -0.00198561 0.036355844 0.031266816 0.073400324 0.16290033 0.454236123 0.85497292 3.192379009 20.14687944
277.854 0 0 0 0 0 0 0 0 0 0 0 0 0 0 0 0 0 0 0 0 0 0 0 0 0 0 0 0 0 0 0 0 0 0 0 0 0 0 0 0 0 0 0 0 0 0 0 0 0 0 0 0 0 0 0 0 0 0 0 0 0 0 0 0 0 0 0 0 0 0 0 0 0 0 0 0 0 0 0 0 0 0 0 0 0 0 0 0 0 0 0 0 0 0 0 0 0 0 0 0 0 0 0.018462734 0.009370337 -0.004584058 -0.00721783 -0.068516164 -0.014746553 -0.011768911 -0.033149915 -0.053588332 -0.056960118 -0.156454737 -0.41951605 -0.972681823 -5.268979759 -7.499804955
281.068 0 0 0 0 0 0 0 0 0 0 0 0 0 0 0 0 0 0 0 0 0 0 0 0 0 0 0 0 0 0 0 0 0 0 0 0 0 0 0 0 0 0 0 0 0 0 0 0 0 0 0 0 0 0 0 0 0 0 0 0 0 0 0 0 0 0 0 0 0 0 0 0 0 0 0 0 0 0 0 0 0 0 0 0 0 0 0 0 0 0 0 0 0 0 0 0 0 0 0 0 0 0.028487261 0.026581552 0.019381619 0.001790192 -0.04416085 -0.066283219 0.0045587 -0.001571483 -0.013634528 -0.042217891 0.029947307 -0.05651376 -0.144821428 -1.593767375 -2.266957366 -2.561773227
284.283 0 0 0 0 0 0 0 0 0 0 0 0 0 0 0 0 0 0 0 0 0 0 0 0 0 0 0 0 0 0 0 0 0 0 0 0 0 0 0 0 0 0 0 0 0 0 0 0 0 0 0 0 0 0 0 0 0 0 0 0 0 0 0 0 0 0 0 0 0 0 0 0 0 0 0 0 0 0 0 0 0 0 0 0 0 0 0 0 0 0 0 0 0 0 0 0 0 0 0 0 0.050672728 0.045093357 0.039440424 0.020849814 -0.002438009 0.006177 0.030272841 0.036324094 0.049374993 0.060417471 0.079620335 0.121414754 0.195048169 1.054431834 1.852377831 6.064322205 7.497734533
287.501 0 0 0 0 0 0 0 0 0 0 0 0 0 0 0 0 0 0 0 0 0 0 0 0 0 0 0 0 0 0 0 0 0 0 0 0 0 0 0 0 0 0 0 0 0 0 0 0 0 0 0 0 0 0 0 0 0 0 0 0 0 0 0 0 0 0 0 0 0 0 0 0 0 0 0 0 0 0 0 0 0 0 0 0 0 0 0 0 0 0 0 0 0 0 0 0 0 0 0 0.053457074 0.059243985 0.044577342 0.045110419 0.017785406 -0.010974095 0.003616225 0.020531722 0.02486826 0.000731 -0.036535287 -0.026859904 -0.042183294 -0.234198472 -0.565361161 -1.442964291 -7.32825768 -27.98426595
290.72 0 0 0 0 0 0 0 0 0 0 0 0 0 0 0 0 0 0 0 0 0 0 0 0 0 0 0 0 0 0 0 0 0 0 0 0 0 0 0 0 0 0 0 0 0 0 0 0 0 0 0 0 0 0 0 0 0 0 0 0 0 0 0 0 0 0 0 0 0 0 0 0 0 0 0 0 0 0 0 0 0 0 0 0 0 0 0 0 0 0 0 0 0 0 0 0 0 0 0.083816461 0.090128603 0.084477277 0.087460966 0.047486134 0.023813226 0.02808883 0.059348875 0.052883692 0.065596067 0.063359601 0.066180954 0.098288259 0.210108694 0.162216618 0.74572486 2.833659742 7.196567234 9.783852312
293.942 0 0 0 0 0 0 0 0 0 0 0 0 0 0 0 0 0 0 0 0 0 0 0 0 0 0 0 0 0 0 0 0 0 0 0 0 0 0 0 0 0 0 0 0 0 0 0 0 0 0 0 0 0 0 0 0 0 0 0 0 0 0 0 0 0 0 0 0 0 0 0 0 0 0 0 0 0 0 0 0 0 0 0 0 0 0 0 0 0 0 0 0 0 0 0 0 0 0.086582368 0.103864553 0.110032599 0.113277598 0.085123346 0.05975576 0.067231283 0.072141965 0.065810068 0.06979856 0.082151386 0.084838597 0.085420761 0.117432781 0.150358776 0.472156533 0.580533932 1.769089107 5.581198777 -2.247299447
297.166 0 0 0 0 0 0 0 0 0 0 0 0 0 0 0 0 0 0 0 0 0 0 0 0 0 0 0 0 0 0 0 0 0 0 0 0 0 0 0 0 0 0 0 0 0 0 0 0 0 0 0 0 0 0 0 0 0 0 0 0 0 0 0 0 0 0 0 0 0 0 0 0 0 0 0 0 0 0 0 0 0 0 0 0 0 0 0 0 0 0 0 0 0 0 0 0 0.076884895 0.10567119 0.123723432 0.135591583 0.118002561 0.076200264 0.082482132 0.081619201 0.07878402 0.072890548 0.079059734 0.058957745 0.092989449 0.069516578 0.06131676 0.142184807 0.229666737 0.236035205 0.318985608 1.474541397 -8.579210227
300.392 0 0 0 0 0 0 0 0 0 0 0 0 0 0 0 0 0 0 0 0 0 0 0 0 0 0 0 0 0 0 0 0 0 0 0 0 0 0 0 0 0 0 0 0 0 0 0 0 0 0 0 0 0 0 0 0 0 0 0 0 0 0 0 0 0 0 0 0 0 0 0 0 0 0 0 0 0 0 0 0 0 0 0 0 0 0 0 0 0 0 0 0 0 0 0 0.067362235 0.0993352 0.131112182 0.153187178 0.15101707 0.127941367 0.117102222 0.114553653 0.118466376 0.107228498 0.087796031 0.101513795 0.113356243 0.105773624 0.107691253 0.11499136 0.128833267 0.182356881 0.434626106 1.156583452 -7.975230388 10.89471445
303.62 0 0 0 0 0 0 0 0 0 0 0 0 0 0 0 0 0 0 0 0 0 0 0 0 0 0 0 0 0 0 0 0 0 0 0 0 0 0 0 0 0 0 0 0 0 0 0 0 0 0 0 0 0 0 0 0 0 0 0 0 0 0 0 0 0 0 0 0 0 0 0 0 0 0 0 0 0 0 0 0 0 0 0 0 0 0 0 0 0 0 0 0 0 0 0.050647307 0.080371255 0.113619067 0.138061922 0.160947127 0.156489884 0.143123057 0.143870905 0.126468062 0.115848582 0.104670635 0.094809394 0.111387237 0.118940112 0.11434405 0.081076046 0.151322235 0.213500234 0.291375605 0.282427019 0.680846413 2.288985426 6.145511186
306.85 0 0 0 0 0 0 0 0 0 0 0 0 0 0 0 0 0 0 0 0 0 0 0 0 0 0 0 0 0 0 0 0 0 0 0 0 0 0 0 0 0 0 0 0 0 0 0 0 0 0 0 0 0 0 0 0 0 0 0 0 0 0 0 0 0 0 0 0 0 0 0 0 0 0 0 0 0 0 0 0 0 0 0 0 0 0 0 0 0 0 0 0 0 0.041131245 0.059538475 0.09260992 0.129116257 0.156901632 0.16361386 0.166593428 0.164019865 0.156132476 0.143555646 0.128857285 0.118656349 0.120382601 0.109325237 0.098483559 0.118958681 0.11680667 0.133253585 0.156048637 0.285815059 0.133755933 1.203574296 -4.604432499 5.376940693
310.082 0 0 0 0 0 0 0 0 0 0 0 0 0 0 0 0 0 0 0 0 0 0 0 0 0 0 0 0 0 0 0 0 0 0 0 0 0 0 0 0 0 0 0 0 0 0 0 0 0 0 0 0 0 0 0 0 0 0 0 0 0 0 0 0 0 0 0 0 0 0 0 0 0 0 0 0 0 0 0 0 0 0 0 0 0 0 0 0 0 0 0 0 0.034962309 0.047563229 0.071915915 0.105956225 0.135714096 0.150585206 0.169657092 0.176387358 0.179391196 0.169723776 0.156047845 0.138561714 0.133451628 0.130318015 0.125230794 0.134185268 0.138520181 0.145745533 0.158269634 0.238224711 0.33069217 0.233328584 1.360822998 0.21463024 13.93827431
313.316 0 0 0 0 0 0 0 0 0 0 0 0 0 0 0 0 0 0 0 0 0 0 0 0 0 0 0 0 0 0 0 0 0 0 0 0 0 0 0 0 0 0 0 0 0 0 0 0 0 0 0 0 0 0 0 0 0 0 0 0 0 0 0 0 0 0 0 0 0 0 0 0 0 0 0 0 0 0 0 0 0 0 0 0 0 0 0 0 0 0 0 0.026748092 0.037204219 0.052264449 0.08114737 0.11473964 0.133357487 0.159378162 0.179310647 0.187020842 0.183864121 0.154916835 0.144956699 0.129879689 0.135944097 0.11603359 0.129374673 0.130031471 0.115642773 0.112861817 0.140278609 0.20851254 0.084654026 -0.249598433 0.055393445 -8.796041898 -13.83364598
316.553 0 0 0 0 0 0 0 0 0 0 0 0 0 0 0 0 0 0 0 0 0 0 0 0 0 0 0 0 0 0 0 0 0 0 0 0 0 0 0 0 0 0 0 0 0 0 0 0 0 0 0 0 0 0 0 0 0 0 0 0 0 0 0 0 0 0 0 0 0 0 0 0 0 0 0 0 0 0 0 0 0 0 0 0 0 0 0 0 0 0 0.030333706 0.038786058 0.05306614 0.068700197 0.097588699 0.118776666 0.147777918 0.169193518 0.19543331 0.198197369 0.188617168 0.178111587 0.162238007 0.141781339 0.134521122 0.13750459 0.144183825 0.155105726 0.150559007 0.137262272 0.204941394 0.219956981 0.164439761 0.675379277 2.332904247 1.058928045 -6.19446642
319.791 0 0 0 0 0 0 0 0 0 0 0 0 0 0 0 0 0 0 0 0 0 0 0 0 0 0 0 0 0 0 0 0 0 0 0 0 0 0 0 0 0 0 0 0 0 0 0 0 0 0 0 0 0 0 0 0 0 0 0 0 0 0 0 0 0 0 0 0 0 0 0 0 0 0 0 0 0 0 0 0 0 0 0 0 0 0 0 0 0 0.025942964 0.03674407 0.049136486 0.062861145 0.08277563 0.10434959 0.130893853 0.161383217 0.187019713 0.20449589 0.197691581 0.196142873 0.186956185 0.167924023 0.148264593 0.13645735 0.148031474 0.150073026 0.153059556 0.159053294 0.173835701 0.200587591 0.227022015 0.297112759 0.186529972 -1.222161591 -4.460763014 -13.24784759
323.031 0 0 0 0 0 0 0 0 0 0 0 0 0 0 0 0 0 0 0 0 0 0 0 0 0 0 0 0 0 0 0 0 0 0 0 0 0 0 0 0 0 0 0 0 0 0 0 0 0 0 0 0 0 0 0 0 0 0 0 0 0 0 0 0 0 0 0 0 0 0 0 0 0 0 0 0 0 0 0 0 0 0 0 0 0 0 0 0 0.031650607 0.039844028 0.048316122 0.063862999 0.085425739 0.103621248 0.135533664 0.153696724 0.19163034 0.219677056 0.217442196 0.219152741 0.213221772 0.197058198 0.18540274 0.168948932 0.16807067 0.165856453 0.172913955 0.181598196 0.177546761 0.17795077 0.200052234 0.190989623 0.405483684 1.057684985 1.471809227 4.79357756 30.51834839
326.273 0 0 0 0 0 0 0 0 0 0 0 0 0 0 0 0 0 0 0 0 0 0 0 0 0 0 0 0 0 0 0 0 0 0 0 0 0 0 0 0 0 0 0 0 0 0 0 0 0 0 0 0 0 0 0 0 0 0 0 0 0 0 0 0 0 0 0 0 0 0 0 0 0 0 0 0 0 0 0 0 0 0 0 0 0 0 0 0.029846044 0.043105406 0.048758083 0.06705897 0.081917639 0.10177482 0.116535569 0.150804373 0.182190229 0.21532301 0.228137163 0.227774081 0.236651799 0.218871509 0.197726886 0.188075238 0.176137146 0.163166185 0.180971007 0.187248096 0.197928901 0.197976257 0.219232331 0.22498105 0.368932738 0.457479109 0.516279981 0.111254619 -2.902900776 13.95795003
329.517 0 0 0 0 0 0 0 0 0 0 0 0 0 0 0 0 0 0 0 0 0 0 0 0 0 0 0 0 0 0 0 0 0 0 0 0 0 0 0 0 0 0 0 0 0 0 0 0 0 0 0 0 0 0 0 0 0 0 0 0 0 0 0 0 0 0 0 0 0 0 0 0 0 0 0 0 0 0 0 0 0 0 0 0 0 0 0.034070469 0.04471736 0.052730017 0.06655533 0.077974725 0.096805056 0.114269662 0.137556783 0.174953803 0.204174033 0.223936167 0.236222229 0.236269442 0.243787902 0.228087105 0.210493412 0.202784429 0.191435245 0.171775835 0.186611069 0.197013153 0.205725735 0.196401535 0.218921956 0.313732156 0.402693149 0.416860454 0.94286526 1.936231698 1.813010381 -3.450500023
332.763 0 0 0 0 0 0 0 0 0 0 0 0 0 0 0 0 0 0 0 0 0 0 0 0 0 0 0 0 0 0 0 0 0 0 0 0 0 0 0 0 0 0 0 0 0 0 0 0 0 0 0 0 0 0 0 0 0 0 0 0 0 0 0 0 0 0 0 0 0 0 0 0 0 0 0 0 0 0 0 0 0 0 0 0 0 0.031265065 0.042104601 0.053656818 0.065793412 0.082922257 0.095751091 0.104539141 0.127441551 0.154393444 0.182213864 0.216623851 0.236541952 0.247903455 0.247707561 0.244800357 0.237563932 0.222856271 0.209166318 0.20590725 0.206164047 0.19258045 0.20972678 0.19972271 0.219945589 0.273407152 0.269377341 0.337008894 0.286197045 0.551354317 2.307404973 6.457378635 12.00070984
336.011 0 0 0 0 0 0 0 0 0 0 0 0 0 0 0 0 0 0 0 0 0 0 0 0 0 0 0 0 0 0 0 0 0 0 0 0 0 0 0 0 0 0 0 0 0 0 0 0 0 0 0 0 0 0 0 0 0 0 0 0 0 0 0 0 0 0 0 0 0 0 0 0 0 0 0 0 0 0 0 0 0 0 0 0 0.034073911 0.044859905 0.054188149 0.067559763 0.079128749 0.099703028 0.109498911 0.125335873 0.146955566 0.18095115 0.209108885 0.234167395 0.256324203 0.259973872 0.253219756 0.260626003 0.245132315 0.229658283 0.227125057 0.222505469 0.211273986 0.218766102 0.21913998 0.239896861 0.252524097 0.322428134 0.41532163 0.493229368 0.896489103 1.362428855 0.811251714 2.081381915 35.95328186
339.261 0 0 0 0 0 0 0 0 0 0 0 0 0 0 0 0 0 0 0 0 0 0 0 0 0 0 0 0 0 0 0 0 0 0 0 0 0 0 0 0 0 0 0 0 0 0 0 0 0 0 0 0 0 0 0 0 0 0 0 0 0 0 0 0 0 0 0 0 0 0 0 0 0 0 0 0 0 0 0 0 0 0 0 0.047843078 0.039276541 0.057619018 0.066893583 0.083382799 0.095147119 0.108439618 0.130663197 0.144078377 0.173622211 0.196298758 0.22605827 0.250187649 0.268918398 0.267207513 0.272496244 0.258060708 0.260317879 0.242658843 0.226915951 0.228170444 0.221451661 0.231471851 0.222287099 0.256039621 0.26743307 0.316708082 0.36508354 0.473021644 0.545165203 1.252097376 0.351076022 9.026051164 13.67847692
342.512 0 0 0 0 0 0 0 0 0 0 0 0 0 0 0 0 0 0 0 0 0 0 0 0 0 0 0 0 0 0 0 0 0 0 0 0 0 0 0 0 0 0 0 0 0 0 0 0 0 0 0 0 0 0 0 0 0 0 0 0 0 0 0 0 0 0 0 0 0 0 0 0 0 0 0 0 0 0 0 0 0 0 0.056403773 0.043974396 0.054658666 0.066418572 0.081020218 0.094909026 0.110429182 0.126890764 0.141383959 0.163697052 0.189527959 0.215387724 0.24380151 0.271113853 0.276513096 0.283802172 0.27406668 0.274974754 0.268691685 0.262012693 0.245095016 0.249030005 0.233518867 0.24124207 0.254218818 0.269490633 0.331763203 0.365017718 0.405370818 0.562519773 0.676246402 0.830799167 -0.000253 3.011546024 23.93462665
345.766 0 0 0 0 0 0 0 0 0 0 0 0 0 0 0 0 0 0 0 0 0 0 0 0 0 0 0 0 0 0 0 0 0 0 0 0 0 0 0 0 0 0 0 0 0 0 0 0 0 0 0 0 0 0 0 0 0 0 0 0 0 0 0 0 0 0 0 0 0 0 0 0 0 0 0 0 0 0 0 0 0 0.05268066 0.046385182 0.055909198 0.06508878 0.081175216 0.089943365 0.113639307 0.130461846 0.141548993 0.161464061 0.182068926 0.209412448 0.232625468 0.258456753 0.273090882 0.285115059 0.285415472 0.289362117 0.279484036 0.277364747 0.26393221 0.260877184 0.244268785 0.253148371 0.2618899 0.283766317 0.31124587 0.351063892 0.391259919 0.452013164 0.526108385 0.601970579 0.372800705 1.052321018 0.459102794 -8.918345385
349.021 0 0 0 0 0 0 0 0 0 0 0 0 0 0 0 0 0 0 0 0 0 0 0 0 0 0 0 0 0 0 0 0 0 0 0 0 0 0 0 0 0 0 0 0 0 0 0 0 0 0 0 0 0 0 0 0 0 0 0 0 0 0 0 0 0 0 0 0 0 0 0 0 0 0 0 0 0 0 0 0 0.043774167 0.049644471 0.05816588 0.067328004 0.083801836 0.096939701 0.118567517 0.124933964 0.144129286 0.165896176 0.185713826 0.204934401 0.227930209 0.252044062 0.26969849 0.287581282 0.296910874 0.290944312 0.294688147 0.289138575 0.284135494 0.282617634 0.2767407 0.275478181 0.284775811 0.289016453 0.312074369 0.344739112 0.345972527 0.424633716 0.438765803 0.564058181 0.734668629 0.904988467 1.659029981 0.013239835 14.1698069
352.278 0 0 0 0 0 0 0 0 0 0 0 0 0 0 0 0 0 0 0 0 0 0 0 0 0 0 0 0 0 0 0 0 0 0 0 0 0 0 0 0 0 0 0 0 0 0 0 0 0 0 0 0 0 0 0 0 0 0 0 0 0 0 0 0 0 0 0 0 0 0 0 0 0 0 0 0 0 0 0 0.042608794 0.051148982 0.06362405 0.073817088 0.085158269 0.10365452 0.116069486 0.13109155 0.153194896 0.16891401 0.18817514 0.210647572 0.235260583 0.254645249 0.271576976 0.29039291 0.302928631 0.313870167 0.311974686 0.313528846 0.309900465 0.309942418 0.30075974 0.29889486 0.304163716 0.316425346 0.331480619 0.351385299 0.398017952 0.465890105 0.529938295 0.619967009 0.652184204 0.942992272 1.229781885 3.864143097 5.313946494 47.30299281
355.537 0 0 0 0 0 0 0 0 0 0 0 0 0 0 0 0 0 0 0 0 0 0 0 0 0 0 0 0 0 0 0 0 0 0 0 0 0 0 0 0 0 0 0 0 0 0 0 0 0 0 0 0 0 0 0 0 0 0 0 0 0 0 0 0 0 0 0 0 0 0 0 0 0 0 0 0 0 0 0.042201291 0.051249195 0.068334951 0.080566666 0.092668389 0.11003717 0.125211347 0.139072643 0.155470876 0.174337755 0.195690823 0.214348584 0.239771738 0.259709516 0.280014699 0.293898907 0.312546628 0.331219911 0.337733894 0.334982595 0.330477691 0.330743326 0.334008129 0.338556532 0.333129757 0.340709273 0.366632281 0.387335423 0.418766968 0.461087037 0.541425302 0.641323738 0.668473923 0.794052984 1.10864316 2.474935592 5.083217821 10.29864231 32.6912861
358.798 0 0 0 0 0 0 0 0 0 0 0 0 0 0 0 0 0 0 0 0 0 0 0 0 0 0 0 0 0 0 0 0 0 0 0 0 0 0 0 0 0 0 0 0 0 0 0 0 0 0 0 0 0 0 0 0 0 0 0 0 0 0 0 0 0 0 0 0 0 0 0 0 0 0 0 0 0 0.051310912 0.048921362 0.06286065 0.077937865 0.093197676 0.108865927 0.121215199 0.140277602 0.161597878 0.172243916 0.191148127 0.210254039 0.227333852 0.250239626 0.274673199 0.294090646 0.303588111 0.323376944 0.337140063 0.333309548 0.342572244 0.344719207 0.328690147 0.339410202 0.3439575 0.339923857 0.364064043 0.382912705 0.396309758 0.436324086 0.477329573 0.534884816 0.612720404 0.628067931 0.74505194 0.967478852 0.847961865 2.291876875 3.714927188 33.95519212
362.061 0 0 0 0 0 0 0 0 0 0 0 0 0 0 0 0 0 0 0 0 0 0 0 0 0 0 0 0 0 0 0 0 0 0 0 0 0 0 0 0 0 0 0 0 0 0 0 0 0 0 0 0 0 0 0 0 0 0 0 0 0 0 0 0 0 0 0 0 0 0 0 0 0 0 0 0 0.0569886 0.051274672 0.060215038 0.076269784 0.089663527 0.109997597 0.124767835 0.140524967 0.157034934 0.168810387 0.194220975 0.214005955 0.228555236 0.246478702 0.272478008 0.293047839 0.306371014 0.323457387 0.340221028 0.350650715 0.348251913 0.344265433 0.352878955 0.343824572 0.353587327 0.358444595 0.356053178 0.38171241 0.407102784 0.421891606 0.465818887 0.503348819 0.550461014 0.591551483 0.61631703 0.621110601 0.729138089 0.677449983 -0.124230206 2.510914107 -7.147573158
365.325 0 0 0 0 0 0 0 0 0 0 0 0 0 0 0 0 0 0 0 0 0 0 0 0 0 0 0 0 0 0 0 0 0 0 0 0 0 0 0 0 0 0 0 0 0 0 0 0 0 0 0 0 0 0 0 0 0 0 0 0 0 0 0 0 0 0 0 0 0 0 0 0 0 0 0 0.063701182 0.062266484 0.064108595 0.074062271 0.089808169 0.112652703 0.130944622 0.149748828 0.162662618 0.172547995 0.201708998 0.217153384 0.239112539 0.250129244 0.276454093 0.297453204 0.311747129 0.3236004 0.339149159 0.35037559 0.361841687 0.366405098 0.36626216 0.367967124 0.373662725 0.375646206 0.381597823 0.401722068 0.418247309 0.434398802 0.485224079 0.505066228 0.58723272 0.606662803 0.671672763 0.691105421 0.805117025 0.82732959 1.082073565 0.757146476 4.295162527 8.536501449
368.591 0 0 0 0 0 0 0 0 0 0 0 0 0 0 0 0 0 0 0 0 0 0 0 0 0 0 0 0 0 0 0 0 0 0 0 0 0 0 0 0 0 0 0 0 0 0 0 0 0 0 0 0 0 0 0 0 0 0 0 0 0 0 0 0 0 0 0 0 0 0 0 0 0 0 0.062073852 0.063502616 0.06818802 0.075394302 0.092551336 0.103543496 0.128266045 0.150681049 0.163434092 0.182179582 0.20008624 0.223969504 0.240536547 0.257368561 0.275649718 0.294829403 0.315976613 0.331913424 0.347508678 0.357310032 0.368253076 0.376493134 0.380551873 0.377839464 0.387629157 0.391159202 0.39030162 0.410075111 0.41179571 0.441480593 0.47768878 0.498223539 0.513543552 0.591128882 0.663536423 0.670747578 0.735396153 0.792271827 0.844914987 0.62246885 0.945841675 -0.012532255 4.508419854
371.859 0 0 0 0 0 0 0 0 0 0 0 0 0 0 0 0 0 0 0 0 0 0 0 0 0 0 0 0 0 0 0 0 0 0 0 0 0 0 0 0 0 0 0 0 0 0 0 0 0 0 0 0 0 0 0 0 0 0 0 0 0 0 0 0 0 0 0 0 0 0 0 0 0 0.055144767 0.059495406 0.071286548 0.079962373 0.093197904 0.109741928 0.130925168 0.146861148 0.171101535 0.192600438 0.207265588 0.225732397 0.246417261 0.273638213 0.2845221 0.30355317 0.321263859 0.340580135 0.353367381 0.373192727 0.375537866 0.38888806 0.401260002 0.395868093 0.395073424 0.400166907 0.400651067 0.421476534 0.436406819 0.442938743 0.490172197 0.507893315 0.55386454 0.591496692 0.650163046 0.708455738 0.785393594 0.745037734 0.841872502 0.940662745 1.146724258 2.906487809 8.336976149 18.70834672
375.128 0 0 0 0 0 0 0 0 0 0 0 0 0 0 0 0 0 0 0 0 0 0 0 0 0 0 0 0 0 0 0 0 0 0 0 0 0 0 0 0 0 0 0 0 0 0 0 0 0 0 0 0 0 0 0 0 0 0 0 0 0 0 0 0 0 0 0 0 0 0 0 0 0.031818334 0.052924787 0.071071721 0.085012675 0.096905796 0.115586888 0.126924283 0.147922396 0.169459793 0.195490518 0.21622539 0.239432175 0.259895899 0.273716253 0.289018643 0.311145321 0.328362967 0.35177057 0.364706902 0.369353464 0.387364533 0.398718908 0.413934672 0.40654872 0.415556044 0.412670577 0.413383349 0.423530656 0.435978657 0.456950307 0.473155923 0.505247897 0.530383777 0.581792009 0.652921646 0.672378786 0.711518137 0.760036087 0.769781632 0.959319801 1.014392926 1.170556742 2.981505869 1.789002295 13.12072982
378.399 0 0 0 0 0 0 0 0 0 0 0 0 0 0 0 0 0 0 0 0 0 0 0 0 0 0 0 0 0 0 0 0 0 0 0 0 0 0 0 0 0 0 0 0 0 0 0 0 0 0 0 0 0 0 0 0 0 0 0 0 0 0 0 0 0 0 0 0 0 0 0 0.030717819 0.040055975 0.062025331 0.083936167 0.100210559 0.116568236 0.13205809 0.149230416 0.168841195 0.194237982 0.218561502 0.236206468 0.259548601 0.281017753 0.305112038 0.312020909 0.332082961 0.354857226 0.364115114 0.377821456 0.397784533 0.407369151 0.41747017 0.420441958 0.422820621 0.420615038 0.431771913 0.424059774 0.447021681 0.445561884 0.469904655 0.502965103 0.519115523 0.58553893 0.619672773 0.667769702 0.73643567 0.756161629 0.775579296 0.856348025 0.973578161 1.106981518 1.410833438 3.683802624 4.743158413 36.90491168
381.672 0 0 0 0 0 0 0 0 0 0 0 0 0 0 0 0 0 0 0 0 0 0 0 0 0 0 0 0 0 0 0 0 0 0 0 0 0 0 0 0 0 0 0 0 0 0 0 0 0 0 0 0 0 0 0 0 0 0 0 0 0 0 0 0 0 0 0 0 0 0 0.028755191 0.037650154 0.048554882 0.073737935 0.096879178 0.116298658 0.137138806 0.155339332 0.173739947 0.194967145 0.218399396 0.243670308 0.264135081 0.285533291 0.302737526 0.32135202 0.34034359 0.359308247 0.374511798 0.386231575 0.39845251 0.410087935 0.419194332 0.431120917 0.436281691 0.435303139 0.429856229 0.439910361 0.441835242 0.460006796 0.472374683 0.485573485 0.512341663 0.553733369 0.59473407 0.634534334 0.69869569 0.738184646 0.776670677 0.854800058 0.72633244 0.880797212 1.019949599 1.288781277 1.49483419 0.234116332 1.898044503
384.947 0 0 0 0 0 0 0 0 0 0 0 0 0 0 0 0 0 0 0 0 0 0 0 0 0 0 0 0 0 0 0 0 0 0 0 0 0 0 0 0 0 0 0 0 0 0 0 0 0 0 0 0 0 0 0 0 0 0 0 0 0 0 0 0 0 0 0 0 0 0.028316673 0.037978765 0.047793694 0.062968481 0.088131536 0.120075155 0.139473151 0.158280367 0.172249237 0.198369061 0.217232424 0.243664141 0.265448176 0.291819233 0.305472224 0.329835921 0.343419819 0.363772393 0.375983334 0.394579011 0.41078264 0.42133488 0.429254734 0.441752727 0.439787801 0.4434766 0.452213207 0.446690608 0.454331663 0.456993367 0.45853639 0.483049149 0.507620945 0.536629076 0.570754746 0.611504221 0.652323253 0.695739352 0.773501678 0.851075492 0.848777338 0.855959888 1.04597896 0.891328378 1.400868112 1.364083457 -2.972155044 20.13591582
388.223 0 0 0 0 0 0 0 0 0 0 0 0 0 0 0 0 0 0 0 0 0 0 0 0 0 0 0 0 0 0 0 0 0 0 0 0 0 0 0 0 0 0 0 0 0 0 0 0 0 0 0 0 0 0 0 0 0 0 0 0 0 0 0 0 0 0 0 0 0.029577189 0.03684009 0.048312285 0.063261622 0.076051331 0.104161365 0.140624601 0.166309496 0.187376607 0.199098642 0.216639508 0.240035175 0.260945892 0.283241506 0.312306597 0.329231173 0.347195113 0.364941258 0.38237963 0.395326085 0.417183554 0.430671642 0.437760171 0.448486602 0.452715691 0.454687354 0.456029206 0.462173269 0.457399581 0.461090299 0.470571411 0.470556474 0.493584404 0.512776796 0.536770201 0.582066423 0.631756237 0.673444335 0.739358517 0.818966121 0.87352926 0.917911362 0.937696252 1.045636689 1.208778987 1.424281403 0.736563224 4.174568831 20.7899559
391.5 0 0 0 0 0 0 0 0 0 0 0 0 0 0 0 0 0 0 0 0 0 0 0 0 0 0 0 0 0 0 0 0 0 0 0 0 0 0 0 0 0 0 0 0 0 0 0 0 0 0 0 0 0 0 0 0 0 0 0 0 0 0 0 0 0 0 0 0.028800667 0.036540372 0.045729688 0.058632634 0.074773844 0.089060775 0.123489286 0.173409952 0.195489758 0.212610055 0.224279136 0.235072678 0.257697886 0.28382169 0.305309171 0.324661214 0.348831535 0.362412476 0.380338344 0.39603848 0.410236444 0.425523516 0.431654012 0.448145668 0.458258224 0.455205801 0.459817386 0.456120043 0.464472354 0.4651206 0.469545558 0.470868561 0.480476571 0.505581324 0.520962699 0.556607827 0.587695639 0.636644127 0.686198514 0.766463528 0.830847314 0.891030242 0.906381517 0.952739488 1.060801875 1.245334518 1.320883106 3.728279602 7.21730021 14.37227852
394.78 0 0 0 0 0 0 0 0 0 0 0 0 0 0 0 0 0 0 0 0 0 0 0 0 0 0 0 0 0 0 0 0 0 0 0 0 0 0 0 0 0 0 0 0 0 0 0 0 0 0 0 0 0 0 0 0 0 0 0 0 0 0 0 0 0 0 0.029750989 0.036720625 0.045648381 0.052370402 0.072046064 0.088559282 0.107734349 0.147852874 0.222758142 0.256982678 0.260640535 0.252709573 0.252934709 0.277492742 0.299039516 0.320139716 0.344128476 0.364558056 0.378193472 0.39171257 0.412118881 0.426651718 0.439099861 0.446576757 0.456650148 0.462947745 0.467812586 0.467508125 0.465619342 0.460183709 0.464042035 0.468156085 0.471669089 0.482182143 0.496221589 0.523964489 0.546680529 0.588414633 0.64084412 0.692985679 0.761869867 0.801977131 0.869232726 0.909832482 0.947611515 0.988704878 1.075453512 1.484521163 -0.06180652 -2.393536491 21.1617211
398.061 0 0 0 0 0 0 0 0 0 0 0 0 0 0 0 0 0 0 0 0 0 0 0 0 0 0 0 0 0 0 0 0 0 0 0 0 0 0 0 0 0 0 0 0 0 0 0 0 0 0 0 0 0 0 0 0 0 0 0 0 0 0 0 0 0 0.024419267 0.033242598 0.040380464 0.053367939 0.064582232 0.0814049 0.099324045 0.122244595 0.17935155 0.29703267 0.337985282 0.316377302 0.290205178 0.268918194 0.29110495 0.317512678 0.331192133 0.357707499 0.372377996 0.396177236 0.40026777 0.420543916 0.437762474 0.448308414 0.452187818 0.462584246 0.468038787 0.475093495 0.474306874 0.464816539 0.471431193 0.466383966 0.468546 0.472997115 0.477887825 0.499079483 0.522840134 0.568315098 0.600658477 0.668463306 0.712184177 0.759685678 0.83423423 0.859728632 0.882567086 0.953507693 0.949384561 1.055435712 0.24574406 1.183771298 -5.200274833 2.679216112
401.343 0 0 0 0 0 0 0 0 0 0 0 0 0 0 0 0 0 0 0 0 0 0 0 0 0 0 0 0 0 0 0 0 0 0 0 0 0 0 0 0 0 0 0 0 0 0 0 0 0 0 0 0 0 0 0 0 0 0 0 0 0 0 0 0 0.028395759 0.031981103 0.041644179 0.052632372 0.062821913 0.080147868 0.094894114 0.112902179 0.143297335 0.223193037 0.43018993 0.469586423 0.429187562 0.35168493 0.287449929 0.307923385 0.335275193 0.350932127 0.369625456 0.383759967 0.402624177 0.410232372 0.435325498 0.449252185 0.453660449 0.462336433 0.468821243 0.475879348 0.472537603 0.485636355 0.469527251 0.468802038 0.471433914 0.469888664 0.477700865 0.482244047 0.506564412 0.532201493 0.575649579 0.612033886 0.664966585 0.716991467 0.783158759 0.818051541 0.86307803 0.91757476 0.900928717 1.047427186 1.187909062 1.487619169 2.629202812 0.239040945 21.58723999
404.627 0 0 0 0 0 0 0 0 0 0 0 0 0 0 0 0 0 0 0 0 0 0 0 0 0 0 0 0 0 0 0 0 0 0 0 0 0 0 0 0 0 0 0 0 0 0 0 0 0 0 0 0 0 0 0 0 0 0 0 0 0 0 0 0.023079815 0.027332269 0.039045225 0.04948276 0.061627433 0.075142608 0.090348065 0.109157975 0.129358409 0.160251256 0.276450364 0.614844703 0.66976734 0.561843252 0.426576733 0.306526954 0.3246803 0.341646699 0.36772099 0.37669678 0.400069283 0.402958771 0.425283559 0.436697117 0.454917353 0.469213764 0.474930754 0.482306626 0.476028167 0.480555523 0.477591582 0.473919855 0.472743871 0.472624705 0.471261255 0.473692002 0.496065841 0.510896 0.534322563 0.565547327 0.625137582 0.669613091 0.716181943 0.78481554 0.834883725 0.882273831 0.898685444 0.93649077 0.859577562 1.060323371 1.166703384 1.631016175 0.465975283 -3.386248781
407.912 0 0 0 0 0 0 0 0 0 0 0 0 0 0 0 0 0 0 0 0 0 0 0 0 0 0 0 0 0 0 0 0 0 0 0 0 0 0 0 0 0 0 0 0 0 0 0 0 0 0 0 0 0 0 0 0 0 0 0 0 0 0 0.023019828 0.032642557 0.041697742 0.050219508 0.060611982 0.074366756 0.089193613 0.104552529 0.12492173 0.150501729 0.180612005 0.344165452 0.829991386 0.8881571 0.729220013 0.520367695 0.322733225 0.335691525 0.358151503 0.376005551 0.391922956 0.405260964 0.423714388 0.431804319 0.44543276 0.460920001 0.471999436 0.473545128 0.479309304 0.487546789 0.484565853 0.477883469 0.472341543 0.468694888 0.467286206 0.478493064 0.478136805 0.484456384 0.521810036 0.543807275 0.584308394 0.629853397 0.690637581 0.728253766 0.806814983 0.876842884 0.901422191 0.916190332 1.047479739 0.980450051 1.177128424 1.47418895 1.158387396 2.086587725 8.679769648
411.2 0 0 0 0 0 0 0 0 0 0 0 0 0 0 0 0 0 0 0 0 0 0 0 0 0 0 0 0 0 0 0 0 0 0 0 0 0 0 0 0 0 0 0 0 0 0 0 0 0 0 0 0 0 0 0 0 0 0 0 0 0 0.02490746 0.031675711 0.040006574 0.04994322 0.059005713 0.071655988 0.085937121 0.10359074 0.119152553 0.142473779 0.164007383 0.201656176 0.390905087 0.995000162 1.07015054 0.868478474 0.585916951 0.337345185 0.347418413 0.366384922 0.385021843 0.403839047 0.413800689 0.428204897 0.436312854 0.450883865 0.465264648 0.475700844 0.479742749 0.484183709 0.479539484 0.484823379 0.477081144 0.471935476 0.472076304 0.473939144 0.471986177 0.477861123 0.492208402 0.520845054 0.554109965 0.58603127 0.632659426 0.704912879 0.75767718 0.821330754 0.855815 0.899983801 0.932140758 0.985414528 1.153864424 1.196487532 1.380978793 4.167304716 6.618428054 26.13213587
414.488 0 0 0 0 0 0 0 0 0 0 0 0 0 0 0 0 0 0 0 0 0 0 0 0 0 0 0 0 0 0 0 0 0 0 0 0 0 0 0 0 0 0 0 0 0 0 0 0 0 0 0 0 0 0 0 0 0 0 0 0 0.020777307 0.027499011 0.034994056 0.047231085 0.053171513 0.066968176 0.078083399 0.097765085 0.11200917 0.13158494 0.15585328 0.17307136 0.207630059 0.413981946 1.085980001 1.170578816 0.943031116 0.622793021 0.342930454 0.354439727 0.373361948 0.382606988 0.403109318 0.412032296 0.4241316 0.439824299 0.446513189 0.458922863 0.47427295 0.476515249 0.478171899 0.478383568 0.481496747 0.468025338 0.468314739 0.463888931 0.460950022 0.458395533 0.47114251 0.486933041 0.517492152 0.528192287 0.586370069 0.63667821 0.677205873 0.752979744 0.80260734 0.825599651 0.89339928 0.883178368 0.934634429 0.988140857 1.017334343 1.062892872 -0.22523244 -0.9114265 -18.5087719
417.778 0 0 0 0 0 0 0 0 0 0 0 0 0 0 0 0 0 0 0 0 0 0 0 0 0 0 0 0 0 0 0 0 0 0 0 0 0 0 0 0 0 0 0 0 0 0 0 0 0 0 0 0 0 0 0 0 0 0 0 0.021201432 0.026545155 0.035252018 0.042206674 0.050617313 0.064309128 0.076246371 0.092495526 0.107285626 0.123625526 0.143207269 0.164625675 0.187928934 0.219824994 0.426217894 1.085362978 1.167977574 0.95317821 0.636410178 0.350466824 0.356477396 0.377438552 0.391966287 0.402859516 0.416886401 0.42657354 0.429307175 0.447080669 0.463117254 0.47021595 0.472766178 0.475106399 0.472540856 0.469989963 0.468709411 0.462610963 0.457788537 0.457143341 0.46226629 0.469193582 0.478547473 0.505875893 0.538895121 0.5802093 0.6321756 0.680801615 0.734129191 0.794143621 0.833878814 0.895965324 0.911141196 0.935118766 1.080940875 0.988449251 0.958980003 2.787885777 0.004844308 10.03651661
421.069 0 0 0 0 0 0 0 0 0 0 0 0 0 0 0 0 0 0 0 0 0 0 0 0 0 0 0 0 0 0 0 0 0 0 0 0 0 0 0 0 0 0 0 0 0 0 0 0 0 0 0 0 0 0 0 0 0 0 0.016947815 0.023917198 0.028667585 0.039099592 0.049201201 0.061086478 0.070909926 0.085359217 0.100855568 0.116518936 0.133378917 0.154342543 0.175115371 0.196489806 0.231514494 0.422766521 1.059243765 1.139957823 0.923274697 0.621501766 0.35881289 0.358992089 0.373580378 0.39161487 0.401639754 0.410371512 0.421998424 0.434734297 0.448414845 0.451303638 0.466517984 0.46956816 0.464391641 0.470425694 0.463236562 0.45838277 0.45335988 0.450877854 0.45122535 0.457085591 0.461841227 0.466632155 0.50598282 0.54275151 0.578936335 0.627851667 0.680699274 0.727090641 0.783178281 0.82768164 0.848907056 0.860221715 0.817323662 0.84443515 0.718497053 0.703123453 1.490347856 2.210899146 -0.76079122
424.362 0 0 0 0 0 0 0 0 0 0 0 0 0 0 0 0 0 0 0 0 0 0 0 0 0 0 0 0 0 0 0 0 0 0 0 0 0 0 0 0 0 0 0 0 0 0 0 0 0 0 0 0 0 0 0 0 0 0.017775793 0.021192806 0.029162534 0.037630166 0.04572238 0.057231078 0.069066264 0.079686828 0.094502504 0.108043478 0.126890957 0.142694825 0.166603763 0.185103856 0.209941891 0.240273239 0.427760956 1.017940155 1.098049356 0.893567684 0.614262531 0.356663989 0.363954845 0.374651217 0.389055661 0.40294366 0.412913137 0.422693221 0.430008967 0.438274388 0.446667707 0.455423057 0.460568829 0.464584518 0.460040132 0.456329448 0.462081163 0.451089984 0.447059042 0.448176699 0.456891113 0.447084432 0.479429716 0.506848525 0.535461359 0.587782818 0.642254042 0.672425706 0.726447193 0.769241497 0.816422044 0.834808762 0.87928008 0.892769296 0.944130434 1.053162866 0.802789587 0.220268458 1.991556203 0
427.657 0 0 0 0 0 0 0 0 0 0 0 0 0 0 0 0 0 0 0 0 0 0 0 0 0 0 0 0 0 0 0 0 0 0 0 0 0 0 0 0 0 0 0 0 0 0 0 0 0 0 0 0 0 0 0 0 0.017755837 0.02057078 0.02978839 0.036302442 0.045083697 0.055459347 0.064950838 0.078536742 0.092554488 0.104450003 0.121760891 0.138514708 0.158754592 0.172861561 0.192490179 0.215294071 0.250384893 0.42675782 1.019706021 1.081663486 0.894444988 0.609531585 0.360515876 0.364837644 0.378067731 0.391808044 0.397200976 0.409092661 0.41324511 0.422336495 0.431015665 0.440399271 0.449886113 0.452559192 0.454035494 0.446510098 0.452780426 0.438834369 0.437413859 0.433476913 0.439244904 0.435860098 0.450787003 0.479020413 0.497318674 0.536137918 0.571585686 0.621788053 0.67938709 0.734101157 0.781847851 0.809049085 0.842055907 0.82640729 0.87999469 0.923001336 0.952951279 1.171961814 0.761082656 -2.160927393 0
430.952 0 0 0 0 0 0 0 0 0 0 0 0 0 0 0 0 0 0 0 0 0 0 0 0 0 0 0 0 0 0 0 0 0 0 0 0 0 0 0 0 0 0 0 0 0 0 0 0 0 0 0 0 0 0 0 0.020164769 0.023823402 0.030361717 0.034870008 0.04289729 0.05228815 0.0631882 0.075953176 0.090626611 0.101270197 0.117121002 0.132564169 0.147493844 0.168336238 0.188325896 0.207839469 0.229068165 0.262931367 0.447997305 1.060001476 1.130213174 0.912659821 0.633289057 0.365040661 0.365129876 0.379987243 0.390598265 0.401836386 0.406909433 0.415935211 0.423353415 0.429651766 0.438628118 0.441239801 0.453626336 0.451562399 0.444815914 0.444152481 0.441829102 0.432411699 0.430297046 0.442470894 0.449301022 0.452261885 0.48064875 0.497699035 0.528564359 0.579116318 0.634565 0.683008861 0.743390385 0.773867487 0.814087561 0.872648973 0.846412681 0.950812522 0.966186509 1.142515732 1.44062552 2.639409009 0 0
434.249 0 0 0 0 0 0 0 0 0 0 0 0 0 0 0 0 0 0 0 0 0 0 0 0 0 0 0 0 0 0 0 0 0 0 0 0 0 0 0 0 0 0 0 0 0 0 0 0 0 0 0 0 0 0 0.017304101 0.021263819 0.02610004 0.032649797 0.037564726 0.044967326 0.055412887 0.066781158 0.080242683 0.091741993 0.107730516 0.122506598 0.137611662 0.148882688 0.169493638 0.192977869 0.210547537 0.235348157 0.27026858 0.458998727 1.101635879 1.179225816 0.959985178 0.641187453 0.357379477 0.363732682 0.372102775 0.384133982 0.393009242 0.396650245 0.405715483 0.416148865 0.424507243 0.427134666 0.438333122 0.443359069 0.438419725 0.433946095 0.428792335 0.425630782 0.421235872 0.424768724 0.430525341 0.428350222 0.442924827 0.460678732 0.488723632 0.520045242 0.554356978 0.61903398 0.668716539 0.717553346 0.760154274 0.796684861 0.81008784 0.800016758 0.826203408 0.829473785 1.03392454 0.890752884 -0.211553782 0 0
437.548 0 0 0 0 0 0 0 0 0 0 0 0 0 0 0 0 0 0 0 0 0 0 0 0 0 0 0 0 0 0 0 0 0 0 0 0 0 0 0 0 0 0 0 0 0 0 0 0 0 0 0 0 0 0.021901065 0.022080144 0.026514199 0.030439345 0.038755577 0.044648872 0.054919472 0.062032341 0.073343027 0.084594846 0.102443121 0.111944308 0.131027474 0.144139137 0.161537371 0.180279676 0.203080165 0.219865292 0.242708217 0.272364903 0.46707422 1.149463287 1.217085996 1.000825382 0.662922331 0.365847655 0.359820214 0.368818513 0.385158524 0.392393878 0.397749411 0.405825796 0.403058502 0.417921638 0.421284787 0.429869609 0.434558175 0.439168781 0.425725536 0.4260512 0.421354804 0.419228901 0.415364829 0.42133396 0.424056306 0.43573337 0.453099463 0.48999055 0.52608307 0.577941688 0.61981585 0.656497403 0.717686808 0.750063622 0.784861292 0.788400704 0.833665718 0.816933248 0.778618012 0.946484735 0.701806985 0 0 0
440.848 0 0 0 0 0 0 0 0 0 0 0 0 0 0 0 0 0 0 0 0 0 0 0 0 0 0 0 0 0 0 0 0 0 0 0 0 0 0 0 0 0 0 0 0 0 0 0 0 0 0 0 0 0.023101984 0.026582085 0.030636061 0.034438751 0.039347786 0.046984181 0.051652841 0.06437659 0.075920644 0.082693173 0.103323424 0.113647282 0.127547912 0.13741516 0.160592265 0.173570052 0.195231957 0.211344803 0.229311878 0.247533288 0.279677497 0.477334076 1.155879195 1.238324258 1.001266978 0.66640574 0.362385983 0.366161765 0.371303767 0.376195136 0.388892391 0.394673594 0.399961112 0.407996218 0.417059371 0.416182595 0.426039622 0.426244884 0.426243704 0.424931096 0.423561037 0.420014478 0.421243027 0.414933165 0.424537103 0.432025618 0.436833119 0.468862926 0.488621361 0.540427763 0.567209705 0.635459788 0.681951369 0.715875171 0.759254643 0.800310552 0.81870795 0.867210439 0.8757233 0.930534494 1.164022827 1.553525616 0 0 0
444.149 0 0 0 0 0 0 0 0 0 0 0 0 0 0 0 0 0 0 0 0 0 0 0 0 0 0 0 0 0 0 0 0 0 0 0 0 0 0 0 0 0 0 0 0 0 0 0 0 0 0 0 0.016643015 0.022944848 0.028089532 0.030489569 0.036248735 0.040428696 0.046153759 0.057591391 0.062679342 0.078743572 0.087745364 0.099377761 0.112221067 0.128700916 0.143659539 0.160659017 0.177294882 0.193710408 0.215656543 0.229768016 0.247341898 0.280237232 0.467931151 1.107132505 1.184444215 0.956652812 0.642647061 0.360695711 0.35176355 0.369321678 0.368742216 0.372563728 0.380916714 0.386775106 0.392906815 0.398064885 0.405015395 0.410154583 0.414315183 0.408864215 0.41217402 0.406106253 0.40417425 0.411471033 0.407234979 0.403949263 0.416729736 0.429887002 0.449724753 0.482780761 0.51903375 0.558943908 0.610370534 0.660028413 0.706328645 0.724544114 0.758829856 0.754055758 0.77006286 0.801129845 0.815282494 0.614406625 0 0 0 0
447.451 0 0 0 0 0 0 0 0 0 0 0 0 0 0 0 0 0 0 0 0 0 0 0 0 0 0 0 0 0 0 0 0 0 0 0 0 0 0 0 0 0 0 0 0 0 0 0 0 0 0 0.017505041 0.018967314 0.023718209 0.030555885 0.034354246 0.040459311 0.046524297 0.05454804 0.063543332 0.067423468 0.0835457 0.095345983 0.106271229 0.115587906 0.133467844 0.150431659 0.16360328 0.181219374 0.199953039 0.215075263 0.232740263 0.251963354 0.278983794 0.44834411 1.039663925 1.109860499 0.89756832 0.609027729 0.349146495 0.351320672 0.361719802 0.363691714 0.366837787 0.372785481 0.377905689 0.382642565 0.386196383 0.392322344 0.406360757 0.398237691 0.402775572 0.396945067 0.395363701 0.394954168 0.39534129 0.395047152 0.407425491 0.409564194 0.418439726 0.453982641 0.461521718 0.511711277 0.552234068 0.596287247 0.644384386 0.681974374 0.727201509 0.732633139 0.762228061 0.762792648 0.783215394 0.807835988 0.933070834 0 0 0 0
450.755 0 0 0 0 0 0 0 0 0 0 0 0 0 0 0 0 0 0 0 0 0 0 0 0 0 0 0 0 0 0 0 0 0 0 0 0 0 0 0 0 0 0 0 0 0 0 0 0 0 0.014308941 0.018342367 0.023816361 0.030523817 0.033229812 0.038093325 0.042372548 0.04971065 0.058778757 0.067704901 0.073979171 0.084808104 0.101027282 0.114043217 0.124489999 0.1363239 0.153026737 0.171731382 0.184240813 0.204604947 0.22123824 0.235493563 0.252307279 0.27435922 0.42438834 0.946592298 1.017189362 0.836923662 0.576014603 0.345138979 0.339395464 0.349901984 0.355122251 0.359905537 0.36715295 0.368349192 0.375401241 0.377842387 0.38651836 0.388778954 0.390120837 0.389769391 0.389297962 0.389797605 0.385015299 0.381014159 0.381864721 0.393895083 0.407783158 0.419802879 0.439594608 0.472401512 0.517730997 0.543348101 0.580150948 0.648550494 0.66274233 0.693853865 0.739755357 0.758674962 0.735126469 0.828186279 0.774179988 0 0 0 0 0
454.06 0 0 0 0 0 0 0 0 0 0 0 0 0 0 0 0 0 0 0 0 0 0 0 0 0 0 0 0 0 0 0 0 0 0 0 0 0 0 0 0 0 0 0 0 0 0 0 0 0.014615545 0.015267148 0.01947612 0.026492428 0.031415663 0.036802949 0.040326822 0.047042158 0.055067207 0.059879373 0.067724525 0.077241008 0.092480392 0.101051008 0.11397021 0.12440355 0.145227034 0.15796142 0.174753332 0.19168053 0.201974112 0.221563426 0.235408097 0.250219842 0.272915247 0.407117544 0.886205697 0.938065109 0.774222124 0.538600476 0.331582938 0.333703008 0.339927865 0.339239744 0.350364814 0.354106403 0.355639079 0.364631567 0.370556554 0.371564444 0.372052666 0.38116995 0.385954537 0.375637123 0.373018636 0.375708524 0.374442179 0.377259636 0.385264898 0.395447393 0.398885635 0.429312766 0.461782175 0.486330307 0.540123045 0.580723591 0.621051293 0.650926036 0.693313306 0.69758709 0.711084621 0.725349609 0.735288899 0.791077245 0 0 0 0 0
457.366 0 0 0 0 0 0 0 0 0 0 0 0 0 0 0 0 0 0 0 0 0 0 0 0 0 0 0 0 0 0 0 0 0 0 0 0 0 0 0 0 0 0 0 0 0 0 0 0.00608675 0.012057276 0.016536238 0.020026175 0.025495215 0.030525674 0.037170236 0.043816982 0.049773433 0.055730972 0.062656527 0.071904421 0.082115158 0.094356488 0.102801938 0.113968295 0.131360136 0.143801435 0.15832642 0.174146286 0.185959639 0.199673647 0.214507897 0.230683401 0.249726396 0.268722634 0.388323849 0.818269664 0.873492902 0.722497372 0.512321515 0.319516018 0.32564062 0.331225182 0.335327733 0.338006611 0.338774399 0.345996615 0.346985999 0.353046376 0.35387765 0.363110953 0.362981352 0.364269656 0.361134725 0.365133049 0.365579439 0.363064784 0.369841033 0.37146688 0.379251278 0.397204547 0.412651303 0.453482501 0.482004888 0.525141435 0.559770135 0.6056872 0.645004495 0.662575732 0.68295356 0.702542378 0.707559959 0.679488276 0 0 0 0 0 0
460.673 0 0 0 0 0 0 0 0 0 0 0 0 0 0 0 0 0 0 0 0 0 0 0 0 0 0 0 0 0 0 0 0 0 0 0 0 0 0 0 0 0 0 0 0 0 0 0.009902226 0.012172977 0.018760367 0.019373796 0.024961334 0.028571106 0.037829335 0.04386735 0.047758674 0.053605332 0.060343435 0.071055469 0.075614432 0.088220361 0.098984973 0.106964146 0.123303752 0.133987218 0.144533992 0.159830989 0.171207397 0.18971638 0.203065553 0.216870333 0.232649219 0.246409985 0.266032498 0.377329729 0.782904031 0.822937766 0.689392019 0.492425883 0.317829974 0.315564307 0.321131601 0.3262188 0.330305193 0.331003912 0.333675449 0.335760201 0.34119804 0.349922722 0.351462204 0.351273659 0.353213555 0.35315065 0.350169873 0.353256871 0.355311179 0.350951826 0.364972391 0.37578942 0.39516724 0.418684639 0.44770999 0.483703041 0.524905751 0.564769244 0.586679754 0.636761842 0.661284904 0.673533761 0.711608602 0.673070164 0 0 0 0 0 0 0
463.982 0 0 0 0 0 0 0 0 0 0 0 0 0 0 0 0 0 0 0 0 0 0 0 0 0 0 0 0 0 0 0 0 0 0 0 0 0 0 0 0 0 0 0 0 0 0.008957875 0.010534659 0.012885892 0.018717799 0.023364142 0.026925218 0.033915898 0.038859522 0.046353582 0.048403181 0.052905678 0.063146722 0.071837784 0.078565494 0.08663317 0.099640477 0.105347422 0.123688255 0.136993852 0.144045183 0.160816404 0.175769329 0.189256801 0.198796557 0.213246798 0.230622565 0.242433907 0.255613199 0.361735539 0.741960785 0.78978266 0.655412904 0.472128708 0.308542707 0.305186101 0.303978398 0.311361369 0.318846219 0.322213077 0.318421778 0.326301187 0.330605645 0.333783572 0.340669149 0.336357195 0.342159831 0.338763815 0.340696654 0.338930233 0.340572412 0.349118946 0.355983061 0.376577034 0.390390527 0.402593723 0.425059174 0.462286124 0.508137012 0.541274005 0.576928138 0.628849031 0.637071998 0.674264123 0.668882006 0.719757585 0 0 0 0 0 0 3.97761283
467.292 0 0 0 0 0 0 0 0 0 0 0 0 0 0 0 0 0 0 0 0 0 0 0 0 0 0 0 0 0 0 0 0 0 0 0 0 0 0 0 0 0 0 0 0 0.00809429 0.011052355 0.012456846 0.0148684 0.020807293 0.025743534 0.02854307 0.034637774 0.040121548 0.047393647 0.052626323 0.056912766 0.066847015 0.072348517 0.083610276 0.091061196 0.101423888 0.112180575 0.122467778 0.136383159 0.151676229 0.160085994 0.174384325 0.18981341 0.198555468 0.21176865 0.221703585 0.234417972 0.254169429 0.34783636 0.716961653 0.762385573 0.624768595 0.454152535 0.293650441 0.292618442 0.303403625 0.302143529 0.302864256 0.306107957 0.305525297 0.31147664 0.317600225 0.324531754 0.325940094 0.321360135 0.326560185 0.330795763 0.330327492 0.327001561 0.333727224 0.343631297 0.344143369 0.356160727 0.367889724 0.398961583 0.421013802 0.460933529 0.497724099 0.529561696 0.570953874 0.590278316 0.621188672 0.642575799 0.663887384 0 0 0 0 0 0 0 15.95299986
470.603 0 0 0 0 0 0 0 0 0 0 0 0 0 0 0 0 0 0 0 0 0 0 0 0 0 0 0 0 0 0 0 0 0 0 0 0 0 0 0 0 0 0 0 0.006061011 0.008487203 0.01062701 0.013525989 0.015628533 0.018479775 0.025124544 0.029932411 0.03632911 0.041265208 0.046056973 0.051186729 0.058954654 0.064540118 0.073551273 0.085037962 0.091318992 0.105314131 0.114367564 0.125502623 0.134655801 0.148431694 0.159020547 0.167568148 0.183908107 0.195244684 0.206634979 0.216570258 0.229322922 0.244689861 0.335775181 0.67543317 0.715345824 0.604036653 0.428371777 0.28391832 0.282607552 0.286443727 0.289624533 0.293036386 0.290652109 0.292508154 0.298781076 0.301277323 0.303734403 0.307789755 0.312627226 0.314892137 0.311686965 0.313262272 0.317699115 0.318941772 0.325997079 0.333728501 0.344449289 0.358275283 0.378268371 0.406880281 0.441998201 0.47705024 0.51197861 0.536023126 0.578109484 0.590633105 0.60244345 0.619465076 0 0 0 0 0 0 -5.130592837 -9.181583386
473.915 0 0 0 0 0 0 0 0 0 0 0 0 0 0 0 0 0 0 0 0 0 0 0 0 0 0 0 0 0 0 0 0 0 0 0 0 0 0 0 0 0 0 0.004061316 0.008506877 0.007172482 0.01234602 0.013288558 0.016198 0.019846285 0.023663601 0.032392025 0.035785236 0.042716645 0.047766045 0.052546567 0.060304774 0.067409588 0.077654005 0.081685673 0.089140047 0.097835782 0.112049388 0.124181824 0.131236424 0.145000145 0.158564412 0.166599575 0.17788621 0.191249801 0.200903339 0.21187498 0.221567531 0.236115811 0.322665716 0.638123711 0.671242222 0.560910383 0.410293178 0.271728976 0.269303215 0.274959619 0.278474661 0.279321804 0.277596265 0.285140868 0.281647962 0.288916431 0.295298774 0.297315069 0.300235033 0.301160621 0.303787893 0.305273889 0.306889418 0.30573732 0.309384317 0.327600667 0.342495672 0.347683316 0.36835153 0.392659308 0.428686534 0.45576676 0.491667845 0.520405643 0.554947197 0.571297913 0.555705415 0 0 0 0 0 0 0 -3.483079469 -44.63455684
477.228 0 0 0 0 0 0 0 0 0 0 0 0 0 0 0 0 0 0 0 0 0 0 0 0 0 0 0 0 0 0 0 0 0 0 0 0 0 0 0 0 0 0.006048412 0.007692195 0.009157822 0.009723684 0.013157075 0.016666039 0.018419706 0.023743872 0.028823166 0.033542084 0.041922273 0.044423479 0.052298636 0.05615217 0.062659672 0.068451037 0.076731393 0.086979247 0.091621454 0.100794075 0.114393856 0.122080984 0.130085808 0.141837104 0.155859287 0.165062277 0.175794932 0.186067327 0.198707406 0.205816942 0.216519338 0.230204019 0.305504512 0.595195495 0.62304235 0.522533658 0.388510089 0.261684327 0.26155997 0.266766341 0.263849479 0.265037566 0.271098614 0.27414317 0.272327748 0.282164666 0.280377202 0.28219987 0.286868447 0.287922299 0.297297567 0.296893032 0.29139073 0.298100464 0.30730883 0.318922406 0.329545781 0.341351106 0.362497235 0.376855998 0.404450816 0.444184781 0.474211911 0.511872814 0.542117942 0.537634148 0.56538235 0 0 0 0 0 0 0.872537524 -0.802383519 2.554440633
480.542 0 0 0 0 0 0 0 0 0 0 0 0 0 0 0 0 0 0 0 0 0 0 0 0 0 0 0 0 0 0 0 0 0 0 0 0 0 0 0 0 0.005853283 0.006289462 0.008443191 0.010756279 0.011075519 0.01451249 0.018249561 0.022025411 0.026571358 0.029777321 0.035807584 0.040684662 0.046386142 0.052166495 0.058320053 0.064035312 0.070240846 0.078921978 0.085228398 0.093789969 0.101305951 0.113619037 0.123495252 0.131885437 0.142561372 0.152798533 0.16078839 0.172783826 0.181367048 0.191553347 0.202925315 0.212105999 0.224360603 0.288266106 0.547569109 0.576927567 0.484758477 0.363605994 0.252579738 0.247385698 0.254570241 0.254110191 0.257652662 0.259792391 0.262211825 0.260731032 0.273968538 0.265774078 0.272191496 0.274806336 0.278992949 0.283203144 0.28072589 0.289975479 0.289707714 0.298194459 0.308862629 0.312871245 0.321456665 0.352475457 0.378657586 0.408739878 0.44027734 0.469347524 0.479437678 0.511286444 0.522556931 0 0 0 0 0 0 0 0.715151602 -3.047952785 -11.32340119
483.858 0 0 0 0 0 0 0 0 0 0 0 0 0 0 0 0 0 0 0 0 0 0 0 0 0 0 0 0 0 0 0 0 0 0 0 0 0 0 0 0.004949013 0.007266136 0.007344314 0.010611013 0.012804248 0.014127039 0.018091539 0.019122881 0.023222044 0.027250879 0.031785154 0.039232624 0.044426418 0.047403792 0.055259387 0.062585044 0.066144674 0.072568748 0.075374296 0.089955184 0.097275989 0.10219144 0.112631932 0.12525966 0.132552216 0.141222379 0.153027151 0.161095684 0.168365585 0.181675925 0.1896044 0.199764564 0.207085087 0.216288324 0.273412101 0.505966052 0.53214856 0.452457541 0.345150295 0.245411408 0.241627823 0.244952626 0.244587287 0.251035247 0.251044126 0.251231935 0.253460064 0.262046293 0.264793393 0.263549844 0.268381428 0.265222567 0.269403123 0.274347401 0.274308902 0.279707478 0.295028356 0.297245171 0.309846486 0.323775641 0.343938107 0.370510168 0.396894443 0.424534993 0.458410105 0.489459397 0.513370301 0.524743894 0 0 0 0 0 0 0.573008441 -0.46189662 2.469235039 -15.26553356
487.174 0 0 0 0 0 0 0 0 0 0 0 0 0 0 0 0 0 0 0 0 0 0 0 0 0 0 0 0 0 0 0 0 0 0 0 0 0 0 0.005848922 0.007488981 0.007487901 0.00966321 0.011303694 0.013454752 0.015664682 0.019069609 0.020014383 0.024368153 0.028272908 0.034950652 0.039640473 0.043852478 0.049414313 0.055353323 0.061342224 0.065164457 0.073871118 0.08049174 0.085215062 0.095930647 0.102756297 0.10943773 0.122490749 0.128868063 0.138261953 0.146777479 0.154217449 0.165984188 0.172729517 0.181226089 0.189449455 0.197518716 0.212023571 0.258637418 0.456438579 0.486248705 0.414001121 0.321360887 0.233256199 0.234789737 0.237676264 0.239029998 0.240155524 0.240528488 0.243937519 0.243574762 0.249432006 0.250159172 0.257924378 0.260504983 0.260707836 0.26296938 0.266152336 0.266123267 0.271425164 0.278132429 0.283451448 0.300915907 0.319279858 0.332981252 0.363722037 0.387395645 0.413566942 0.428620951 0.466763021 0.482974245 0 0 0 0 0 0 0 0.967636814 -0.050651261 0.01087301 -19.0481482
490.492 0 0 0 0 0 0 0 0 0 0 0 0 0 0 0 0 0 0 0 0 0 0 0 0 0 0 0 0 0 0 0 0 0 0 0 0 0 0.005256114 0.005814428 0.008409898 0.009477995 0.011199912 0.013675308 0.014855167 0.0174376 0.019666214 0.022040657 0.028829871 0.030335017 0.036398278 0.040465462 0.046959495 0.051468136 0.05573765 0.06075991 0.065144104 0.073035809 0.081231272 0.088994533 0.095069196 0.104220759 0.115676797 0.122509346 0.126136973 0.135137689 0.145420718 0.156046442 0.162185964 0.17236985 0.175391305 0.187036988 0.192153923 0.200620954 0.246360035 0.424665137 0.447430583 0.387919342 0.299344146 0.222131992 0.225167879 0.229290026 0.229164999 0.228144905 0.228380952 0.232038952 0.236381214 0.235817802 0.240091238 0.240392693 0.250335851 0.248825498 0.248270158 0.248434539 0.25959411 0.266026137 0.268889017 0.278222683 0.286581131 0.302043905 0.326180171 0.363697211 0.374354756 0.403997814 0.418945436 0.453660782 0.472798612 0 0 0 0 0 0 0.609151384 0.641979699 2.068666333 -3.715890216 11.58908862
493.81 0 0 0 0 0 0 0 0 0 0 0 0 0 0 0 0 0 0 0 0 0 0 0 0 0 0 0 0 0 0 0 0 0 0 0 0 0.004602729 0.006104196 0.005923441 0.008169054 0.009975264 0.010382032 0.012652037 0.014126196 0.017328831 0.019974094 0.024035352 0.025747042 0.029758991 0.035614636 0.040983306 0.043988561 0.04987669 0.056907187 0.059976187 0.067609535 0.073519901 0.08140048 0.087249751 0.090895517 0.099990421 0.106978037 0.115923882 0.12298477 0.131274766 0.139007108 0.150678559 0.155882725 0.163407607 0.170571513 0.180255639 0.183699249 0.191474705 0.232972709 0.394154511 0.412106694 0.361969015 0.278725566 0.214290885 0.212841365 0.218288069 0.214547462 0.217818777 0.221336132 0.218031466 0.218046492 0.223620454 0.230621204 0.232047561 0.235815646 0.235821117 0.238381862 0.244316536 0.244576983 0.252276032 0.258445577 0.266042981 0.280851616 0.292381548 0.31268113 0.333439001 0.358292788 0.391784215 0.408851239 0.43469372 0 0 0 0 0 0 0 0.326803066 0.575698643 -0.413115599 -2.686342355 -26.8846035
497.13 0 0 0 0 0 0 0 0 0 0 0 0 0 0 0 0 0 0 0 0 0 0 0 0 0 0 0 0 0 0 0 0 0 0 0 0.006330128 0.005485102 0.006357185 0.007379268 0.008846293 0.011167917 0.011583573 0.014035855 0.016412086 0.020850798 0.021555013 0.025698265 0.026653291 0.032837081 0.035344199 0.041890213 0.047361604 0.052541926 0.057817181 0.061648638 0.063595876 0.072832705 0.079612561 0.084719933 0.089723793 0.096037655 0.10972004 0.114422934 0.121542436 0.131847857 0.133174472 0.144076792 0.150972683 0.157855335 0.165360886 0.173916381 0.176847762 0.182381415 0.218804776 0.369163157 0.383762089 0.334230402 0.270495878 0.20373917 0.203617098 0.206348949 0.205152429 0.208344658 0.209529701 0.211470609 0.215505764 0.218647471 0.215151656 0.222633537 0.230645632 0.230145162 0.23387053 0.234323452 0.239493076 0.239413963 0.252326974 0.257752037 0.273806543 0.281872403 0.304385473 0.329658222 0.342062587 0.362895021 0.385010844 0.411703484 0 0 0 0 0 0 0.490069685 0.552323094 0.527781933 2.225994048 0.416182764 -2.357028889
500.451 0 0 0 0 0 0 0 0 0 0 0 0 0 0 0 0 0 0 0 0 0 0 0 0 0 0 0 0 0 0 0 0 0 0 0.00697111 0.006885541 0.006551331 0.007472045 0.008860206 0.010177163 0.011114465 0.014210555 0.015767991 0.019043243 0.020472779 0.024030017 0.024571411 0.030431099 0.035443183 0.040136856 0.043149199 0.04864788 0.053082805 0.057923104 0.063605968 0.067516262 0.077304771 0.081369587 0.087316152 0.090040068 0.099615511 0.105116699 0.112502033 0.115861387 0.126274375 0.133738017 0.143173488 0.147100496 0.155299708 0.161180137 0.166127346 0.179048893 0.176957485 0.21067074 0.350418473 0.362940644 0.321654152 0.254547331 0.197119417 0.195935906 0.196540243 0.199318533 0.198947841 0.201549479 0.202989192 0.205653348 0.210653636 0.214218628 0.210989751 0.215852679 0.222980853 0.224942372 0.223320633 0.228499353 0.232313512 0.2450648 0.25372718 0.262521967 0.280085596 0.291109975 0.319551873 0.340934423 0.366456993 0.385128285 0 0 0 0 0 0 0 0.434036202 0.428271065 0.915626695 0.000114 0.833223849 13.08643768
503.772 0 0 0 0 0 0 0 0 0 0 0 0 0 0 0 0 0 0 0 0 0 0 0 0 0 0 0 0 0 0 0 0 0 0.001718584 0.001395143 0.00460629 0.005753821 0.005454069 0.006310008 0.011777704 0.013168829 0.013631092 0.014960492 0.017386597 0.021484702 0.022430467 0.025942394 0.028340002 0.032165508 0.038383795 0.04185113 0.047226758 0.049644894 0.057177032 0.059653158 0.06444999 0.071331964 0.078549541 0.082427116 0.08669357 0.095162795 0.101559592 0.108930182 0.118853862 0.120475854 0.13007619 0.134618716 0.145497968 0.146723722 0.154810714 0.161647539 0.16523268 0.170712475 0.201749661 0.326867884 0.337666962 0.299583677 0.242826571 0.191925098 0.190067674 0.192028644 0.190150727 0.18886791 0.193011202 0.194380526 0.193646798 0.202231299 0.205760032 0.203355051 0.205987879 0.208222806 0.214589133 0.211794127 0.220758665 0.222331684 0.22751674 0.249928074 0.250843408 0.263521072 0.276563112 0.305622675 0.32640787 0.344291815 0.37193968 0 0 0 0 0 0 0.366010811 0.319558243 0.35568452 0.017232712 -1.326568962 -3.618152072 -33.00914813
507.095 0 0 0 0 0 0 0 0 0 0 0 0 0 0 0 0 0 0 0 0 0 0 0 0 0 0 0 0 0 0 0 0 0.002348965 0.004234899 0.006567413 0.005300468 0.00764262 0.009245862 0.010433585 0.011781834 0.014467833 0.016086751 0.016606097 0.019109498 0.023494176 0.025087882 0.025021995 0.032844526 0.036290362 0.04139953 0.043100354 0.048718067 0.056000366 0.058621035 0.061066763 0.067614797 0.074295145 0.078828458 0.084790382 0.090268588 0.092853641 0.10326333 0.106525531 0.114955027 0.120060007 0.126723877 0.131684795 0.137181136 0.144297547 0.15054463 0.154243711 0.160695903 0.168618928 0.190751898 0.308522791 0.320063657 0.281954983 0.228645527 0.18269823 0.186266692 0.18264134 0.184781905 0.187058696 0.186181788 0.190944395 0.190066551 0.191547838 0.19916039 0.199615767 0.204161835 0.208843724 0.2022382 0.213444472 0.214170922 0.220114922 0.229269278 0.234923031 0.246748723 0.257187365 0.289146535 0.294727695 0.311113936 0.346060661 0 0 0 0 0 0 0 0.377655273 0.487082622 0.193493192 0.514025402 -1.558168897 -2.797417333 -8.722146259
510.418 0 0 0 0 0 0 0 0 0 0 0 0 0 0 0 0 0 0 0 0 0 0 0 0 0 0 0 0 0 0 0 0.002651904 0.002361079 0.004711253 0.00577346 0.006394931 0.008525891 0.008913081 0.011356089 0.012723289 0.015763355 0.016802597 0.01987694 0.019580066 0.022636578 0.023603937 0.027186349 0.030550122 0.034126445 0.039056917 0.040977736 0.051830498 0.052891242 0.055806778 0.063360581 0.066407896 0.069934824 0.075693679 0.077361483 0.087523785 0.094521599 0.100999226 0.103835531 0.109243793 0.117941586 0.121652235 0.128193382 0.129891536 0.1353485 0.143373832 0.149628615 0.153021042 0.157572214 0.18384024 0.28706972 0.300062128 0.264404098 0.217935808 0.173236122 0.171322824 0.174894096 0.175825124 0.176806914 0.177600795 0.179669271 0.183605205 0.186555684 0.187721287 0.190148137 0.191504447 0.199498568 0.200384021 0.201961836 0.211433612 0.210788118 0.220720614 0.231617261 0.232966295 0.249255858 0.254808536 0.294909648 0.306989848 0.322503494 0 0 0 0 0 0 0.410136236 0.367333133 0.416841842 0.442492402 0.292753523 1.297687832 1.289925585 0.95015917
513.742 0 0 0 0 0 0 0 0 0 0 0 0 0 0 0 0 0 0 0 0 0 0 0 0 0 0 0 0 0 0 0.004444768 0.005760363 0.003511679 0.006548873 0.005785624 0.006761789 0.007628852 0.010263166 0.012539974 0.015215183 0.015359363 0.018669422 0.018588555 0.022689839 0.022995007 0.025486986 0.030073804 0.033693538 0.036176191 0.042042142 0.043984555 0.049548615 0.051250363 0.054405309 0.059900236 0.065212213 0.067344905 0.079468201 0.078924177 0.084923007 0.093681248 0.098609604 0.102379929 0.108437725 0.110427224 0.116926428 0.124264565 0.127632292 0.133543414 0.141808633 0.143486804 0.144242324 0.150907753 0.176195282 0.267442591 0.278256585 0.247101175 0.203352545 0.166456908 0.165960905 0.165690416 0.167841078 0.169370122 0.173576013 0.169915301 0.173507829 0.175374435 0.177297204 0.183151144 0.182749114 0.192295612 0.192959848 0.195544318 0.198417442 0.204437676 0.211838391 0.221780272 0.233751491 0.238427997 0.255051621 0.28010227 0.291683247 0 0 0 0 0 0 0.377246881 0.387297473 0.376874458 0.40511202 0.54425595 0.776034971 -0.324378049 3.697026226 12.02694664
517.068 0 0 0 0 0 0 0 0 0 0 0 0 0 0 0 0 0 0 0 0 0 0 0 0 0 0 0 0 0 0.002510435 0.003722215 0.003828244 0.005832449 0.006204167 0.008766308 0.009453648 0.012332388 0.011460238 0.011263386 0.016434888 0.016325167 0.017960436 0.021549135 0.02120433 0.025085876 0.02590666 0.02987922 0.032024992 0.039245058 0.041102911 0.042443795 0.050379996 0.052198944 0.055479052 0.060105635 0.061662324 0.068414432 0.073256128 0.079134016 0.084436301 0.090301772 0.093098281 0.097249359 0.099710708 0.106916777 0.109834175 0.121557864 0.125518226 0.125818523 0.135679426 0.136751096 0.139325243 0.145331768 0.162359567 0.24868913 0.258685525 0.229527532 0.192871102 0.157193688 0.152754351 0.160086803 0.159918353 0.159715071 0.157701706 0.163038182 0.164931643 0.16708881 0.171845279 0.169089293 0.179972035 0.176722826 0.181173835 0.186922077 0.189408684 0.197315492 0.200461924 0.212617263 0.219175488 0.231650644 0.242302332 0.267943557 0.283349903 0 0 0 0 0 0 0.380094544 0.386220042 0.387756113 0.474233617 0.432483089 0.659475031 0.929073802 -1.729832138 11.4514592
520.394 0 0 0 0 0 0 0 0 0 0 0 0 0 0 0 0 0 0 0 0 0 0 0 0 0 0 0 0 0.005417856 0.005669102 0.007229365 0.009881123 0.005383188 0.009027232 0.009294303 0.0103228 0.012163745 0.013871381 0.016064618 0.016717353 0.017471899 0.017624148 0.021040319 0.023853395 0.024653986 0.028016484 0.030535103 0.03288621 0.036715057 0.038107337 0.043049999 0.04930885 0.052071086 0.053262982 0.059134241 0.063496779 0.067895292 0.07202839 0.074821698 0.081198129 0.08722406 0.092284639 0.09457503 0.097059598 0.104910234 0.109958122 0.113315622 0.121386274 0.129585959 0.127827925 0.129937203 0.134744726 0.14142982 0.15443829 0.234283744 0.235987749 0.216402284 0.176195031 0.151876525 0.147856981 0.152345766 0.152847933 0.150707841 0.157214335 0.155406885 0.155694042 0.160160214 0.162021053 0.165559812 0.169271283 0.17151085 0.176514899 0.178281861 0.185085909 0.186120731 0.198393594 0.204945107 0.208390059 0.220290425 0.244490411 0.256355046 0 0 0 0 0 0 0.333152905 0.342950117 0.336702307 0.369516123 0.391269059 0.463002123 0.314770159 1.153212686 3.076301764 5.705231508
523.721 0 0 0 0 0 0 0 0 0 0 0 0 0 0 0 0 0 0 0 0 0 0 0 0 0 0 0 -0.000229 0.003602694 0.00808753 0.004636427 0.004887648 0.005009736 0.007550422 0.006756094 0.011574125 0.009128212 0.010096351 0.012279495 0.015449016 0.015341016 0.017690628 0.018502093 0.021505733 0.024030456 0.027067759 0.028954896 0.033312163 0.03403817 0.037482559 0.042262361 0.046307946 0.048582135 0.053400543 0.055506828 0.060479918 0.064700208 0.066711808 0.071612739 0.074883728 0.082529498 0.085794078 0.089367537 0.097451908 0.100879606 0.100628943 0.107949072 0.111476006 0.116786804 0.118717678 0.119213655 0.123046087 0.130311149 0.14103368 0.211789653 0.221724499 0.197535275 0.167220063 0.142092121 0.142586492 0.144820829 0.140538072 0.145743299 0.149958884 0.145890506 0.14698007 0.151985802 0.155946927 0.155267128 0.158320517 0.166549616 0.166216932 0.166541879 0.173017186 0.179855867 0.184602362 0.190988303 0.202131397 0.207043223 0.225078613 0.243154366 0 0 0 0 0 0 0.29971453 0.333949659 0.325312527 0.27282885 0.320287188 0.164873603 -0.034056391 -0.107469868 0.004813707 -0.633818055
527.048 0 0 0 0 0 0 0 0 0 0 0 0 0 0 0 0 0 0 0 0 0 0 0 0 0 0 0.005823293 0.004070974 0.004019661 0.004342319 0.006729148 0.007071232 0.006018725 0.00716792 0.007690033 0.011005216 0.013148139 0.013032937 0.015146508 0.016021668 0.017192635 0.020188052 0.020924885 0.023117601 0.024996582 0.027938754 0.02990134 0.034317611 0.035126478 0.038642335 0.044983112 0.045016411 0.050097056 0.052733866 0.057203843 0.060468823 0.062508509 0.068055852 0.073098579 0.074461158 0.078298417 0.082786477 0.087012831 0.091481655 0.096462742 0.099629253 0.103519556 0.110613687 0.1145308 0.116027638 0.118989037 0.119135631 0.123373624 0.137291895 0.199581063 0.199732283 0.18273928 0.154116093 0.13476317 0.132583411 0.134183003 0.138663338 0.138454157 0.139806249 0.140680543 0.140333957 0.145502628 0.144911488 0.148768793 0.153432712 0.155125874 0.158040256 0.158459135 0.166851236 0.175907897 0.179250328 0.185494265 0.198743191 0.201634943 0.220476611 0 0 0 0 0 0 0.318060322 0.307692013 0.315498515 0.298004333 0.324872299 0.359421329 0.488079984 0.494396121 0.390847564 0.666839293 -2.372977215
530.377 0 0 0 0 0 0 0 0 0 0 0 0 0 0 0 0 0 0 0 0 0 0 0 0 0 -0.000589 0.004472669 0.006544746 0.0064021 0.005721797 0.003695528 0.008798652 0.009957331 0.009039356 0.008693125 0.009254503 0.012418212 0.01453065 0.014199017 0.01677877 0.016434733 0.01958509 0.020612866 0.020950713 0.025791217 0.027651728 0.02984679 0.031462271 0.033046 0.039104639 0.042305638 0.042713888 0.048638942 0.053987083 0.055111601 0.058354647 0.062456384 0.064758214 0.066808506 0.071129037 0.077822642 0.080779776 0.083033692 0.090203126 0.088979995 0.092205541 0.101638509 0.100142104 0.104520488 0.109274777 0.111803749 0.11463165 0.119111779 0.126548827 0.181151387 0.187849782 0.173266631 0.147345619 0.12647286 0.12949103 0.130039504 0.13135346 0.12703316 0.129141848 0.132888998 0.131534061 0.142271013 0.140340349 0.144651142 0.146881899 0.148865028 0.152505936 0.154525196 0.159897551 0.162506632 0.168933276 0.177958229 0.185274777 0.195645051 0.205259695 0 0 0 0 0 0 0.291668477 0.297844848 0.268350595 0.319076888 0.292836442 0.346565065 0.398816887 0.511675307 -0.443419577 -2.880547074 -14.7116955
533.706 0 0 0 0 0 0 0 0 0 0 0 0 0 0 0 0 0 0 0 0 0 0 0 0 0.004271575 0.005155572 0.002349227 0.001924914 0.003822758 0.005142083 0.006171094 0.008541144 0.008546265 0.011784775 0.010247291 0.011826548 0.014981249 0.012728301 0.015710471 0.01579577 0.017718507 0.018874296 0.020008625 0.023595793 0.026568805 0.025588079 0.029708397 0.03095508 0.033632732 0.038127367 0.040335611 0.04517072 0.04932332 0.048201371 0.052627299 0.053075848 0.059530372 0.060487527 0.065413755 0.071652579 0.073967254 0.075457545 0.078921676 0.082979673 0.086264325 0.085917532 0.093652659 0.094321045 0.099490167 0.10525282 0.106133513 0.109426673 0.111661213 0.12078234 0.168386175 0.172027666 0.157433543 0.136104873 0.120136881 0.119924918 0.119334642 0.123171011 0.12498082 0.124266845 0.124474805 0.128646252 0.130762778 0.132190151 0.132466659 0.140429224 0.143822001 0.13962983 0.142175866 0.148957407 0.151456175 0.160036248 0.166305197 0.170304676 0.188128434 0 0 0 0 0 0 0.259827373 0.285719778 0.282852528 0.289067045 0.270911113 0.282569405 0.360096268 0.199734706 0.742627539 0.167698065 -2.442291039 36.07729341
537.037 0 0 0 0 0 0 0 0 0 0 0 0 0 0 0 0 0 0 0 0 0 0 0 0.002823887 0.000738 0.001416285 0.002144585 0.003137175 0.005110318 0.004384573 0.008330876 0.005037623 0.006589193 0.007713752 0.008464809 0.005807212 0.010718541 0.012377389 0.014704554 0.01455205 0.017006094 0.016965189 0.019213637 0.020915213 0.02334288 0.025229134 0.02647806 0.029312564 0.0323277 0.03551682 0.036710174 0.041866102 0.044800101 0.048211662 0.049609404 0.053104006 0.053075172 0.059931095 0.062776408 0.063829954 0.066893188 0.072729494 0.075065366 0.076940381 0.081755036 0.082366497 0.090010701 0.092062023 0.093109427 0.094716244 0.100993318 0.101315031 0.105410668 0.113534878 0.151630691 0.159656464 0.145320184 0.125422583 0.111666194 0.11366248 0.112976901 0.114439239 0.115125224 0.116302477 0.117826873 0.119162699 0.126019281 0.125328129 0.128411913 0.127453997 0.13247313 0.133471009 0.137390831 0.143530714 0.145053405 0.151689105 0.156025821 0.161696476 0.174813775 0 0 0 0 0 0 0.24903254 0.244121173 0.24957274 0.261194208 0.218537284 0.283131336 0.114487276 0.222243954 -0.231609361 -0.168372222 8.729441889 -31.51446942
540.367 0 0 0 0 0 0 0 0 0 0 0 0 0 0 0 0 0 0 0 0 0 0 0.002021925 0.00312129 0.00087 0.003113022 0.003663449 0.002190427 0.007925475 0.004043022 0.007084034 0.005196984 0.008819795 0.01013072 0.010158205 0.010077437 0.011002565 0.011880353 0.01496437 0.016661567 0.016962751 0.018800204 0.019517653 0.020702218 0.022636663 0.026444651 0.026839325 0.032506533 0.033531638 0.038132653 0.03802409 0.041857825 0.040748936 0.044662336 0.048799917 0.048265181 0.05300204 0.053879165 0.062495043 0.063688316 0.0674603 0.068561124 0.073589627 0.073665899 0.080707802 0.082811554 0.08456487 0.089724617 0.087677419 0.092183857 0.096582418 0.09804085 0.100404575 0.10864542 0.142395069 0.15029816 0.136457528 0.12204651 0.107005329 0.108413808 0.109123938 0.110180969 0.110850798 0.110573419 0.113080793 0.114214707 0.117130105 0.119342549 0.123107943 0.122006391 0.128430961 0.130019126 0.134988096 0.13930204 0.137557007 0.151143343 0.152464087 0.162116324 0 0 0 0 0 0 0.234819407 0.248137444 0.238679163 0.239397321 0.254756497 0.264449378 0.244919386 0.215507949 0.358986697 -0.288835821 -0.907939042 -6.589317135 17.62250077
543.699 0 0 0 0 0 0 0 0 0 0 0 0 0 0 0 0 0 0 0 0 0 0.00327049 0.000141 0.001315573 -0.000253 0.00242171 0.002434786 0.00355814 0.003636414 0.005420076 0.002256298 0.006481615 0.008750561 0.008634117 0.009478744 0.010420288 0.010855564 0.012566833 0.015448043 0.01665176 0.018877691 0.018206002 0.019649155 0.020642471 0.02181278 0.024120788 0.026452699 0.028177414 0.029965312 0.033490058 0.034702512 0.037188638 0.040116681 0.046199007 0.04916625 0.051535987 0.053038191 0.051073869 0.058733562 0.061807058 0.065932061 0.067680455 0.068433533 0.071508824 0.072706523 0.076363616 0.078446153 0.083023815 0.085349873 0.089126197 0.092137026 0.095423385 0.093343172 0.103478132 0.137566198 0.139755798 0.13356938 0.114361665 0.101044176 0.100541933 0.103509468 0.104123297 0.109125917 0.107036581 0.104743388 0.108301269 0.108807217 0.109648981 0.113118162 0.112074759 0.117232303 0.121361335 0.124112964 0.129149231 0.13862984 0.140230465 0.147258738 0.149461286 0 0 0 0 0 0 0.223206851 0.233045626 0.232618382 0.235334275 0.240648336 0.225244897 0.212653126 0.154290182 -0.021349728 0.164120886 -0.401863874 2.980930822 -29.83419843
547.031 0 0 0 0 0 0 0 0 0 0 0 0 0 0 0 0 0 0 0 0 0.004159875 0.000283 0.000543 0.003843494 0.002667192 0.00353951 0.007358509 0.002345314 0.008627038 0.010306791 0.009101718 0.008422525 0.009953637 0.011223877 0.011240041 0.014383081 0.012681477 0.012451151 0.015690656 0.016671378 0.017057951 0.018118349 0.019231298 0.019897047 0.023738645 0.025206057 0.026790189 0.026424721 0.02894583 0.032512571 0.038541438 0.041141313 0.042457381 0.04322806 0.046868418 0.04691579 0.049641126 0.052500493 0.053426829 0.057683779 0.061436259 0.065160451 0.067987982 0.069511867 0.070613079 0.07375936 0.080096253 0.081237826 0.084402912 0.084966937 0.088066921 0.089546288 0.091198961 0.097870894 0.130404305 0.130471697 0.121508334 0.110476449 0.096323603 0.098654937 0.09790764 0.100030058 0.10230939 0.101362412 0.100142505 0.104155293 0.105610071 0.10757332 0.111585141 0.113213883 0.11486396 0.117602093 0.122964218 0.12397455 0.128788991 0.135231877 0.149043884 0 0 0 0 0 0 0.214313429 0.221574092 0.221829365 0.212603872 0.22279195 0.230788187 0.208567919 0.260911653 0.20621164 0.193771804 0.681766823 -0.288434709 1.861038747 2.519146779
550.364 0 0 0 0 0 0 0 0 0 0 0 0 0 0 0 0 0 0 0 0.003407075 0.001495091 0.006630404 0.003193658 0.003469526 0.002944229 0.006267923 0.007412132 0.005859429 0.007162233 0.006740962 0.009863694 0.00752997 0.010638226 0.011056358 0.012127872 0.013485965 0.012979713 0.01472929 0.015235987 0.016787208 0.018540608 0.018011964 0.01945886 0.020900027 0.022579976 0.023477921 0.024842218 0.030215889 0.032144281 0.030942103 0.036060604 0.037816638 0.040996198 0.04202426 0.044499434 0.046956096 0.050801281 0.052233166 0.053053332 0.056799701 0.059866102 0.061433621 0.065246561 0.067501294 0.067082128 0.070132269 0.073445735 0.07675685 0.079397159 0.0816465 0.079304459 0.085745571 0.084829881 0.091424938 0.119461377 0.121128833 0.115531161 0.101550018 0.091967719 0.092836127 0.095265229 0.0948368 0.095994053 0.095942773 0.098150356 0.099620292 0.100351413 0.106602016 0.109508442 0.105516019 0.113162954 0.115819979 0.114881965 0.11728136 0.127424694 0.133743856 0.131864033 0 0 0 0 0 0 0.188511535 0.20205089 0.217174472 0.22935073 0.228986857 0.215862418 0.193762328 0.245849631 0.279144509 0.274631775 0.074746148 -0.815958805 5.356164171 3.645111825
553.698 0 0 0 0 0 0 0 0 0 0 0 0 0 0 0 0 0 0 0.005443722 -0.000467 0.002858115 0.005511829 0.002508889 0.004028096 0.002190187 0.001977689 0.004732478 0.00793897 0.006327579 0.007930004 0.012318327 0.012169064 0.008659782 0.01390624 0.013979735 0.014019211 0.014104572 0.014801349 0.01399565 0.017560299 0.018533148 0.01883465 0.018691975 0.019728704 0.021080334 0.024195934 0.022947278 0.02829446 0.029374321 0.035416126 0.032625062 0.036073702 0.036672235 0.039547074 0.043742611 0.042318528 0.046595075 0.049387811 0.051063276 0.052497045 0.054297052 0.056845435 0.062494579 0.063454466 0.065026391 0.067468799 0.068794845 0.069589584 0.073802648 0.075929439 0.078231604 0.08027129 0.081785934 0.089725859 0.112298332 0.11757705 0.106683299 0.097069311 0.086243399 0.088464041 0.087765635 0.092368653 0.089462797 0.088873064 0.095316534 0.098311997 0.093847696 0.09746102 0.097706947 0.101238016 0.107061784 0.10675099 0.116316348 0.116308692 0.118282216 0.121579046 0 0 0 0 0 0 0.186170702 0.180171848 0.200535326 0.183742724 0.187612996 0.203294319 0.217719932 0.220376285 0.194244412 0.174453798 0.261421166 0.503091291 -0.291598135 5.614390583 14.61333596
557.032 0 0 0 0 0 0 0 0 0 0 0 0 0 0 0 0 0 -0.001486107 0.004479587 -4.28e-06 0.002106673 0.002316686 0.002231355 0.000668 0.006059134 0.004576404 0.004851487 0.00419226 0.005899886 0.004801346 0.007218332 0.007673255 0.010176993 0.011704103 0.007401817 0.00917454 0.013486308 0.010355718 0.012370863 0.013631481 0.016707782 0.018816938 0.018099063 0.020220072 0.021057503 0.022190503 0.021419645 0.025226609 0.028144635 0.027834225 0.027912081 0.030490459 0.034110628 0.03698992 0.038232732 0.042529339 0.044808837 0.044441947 0.04605296 0.048945405 0.056221029 0.053496543 0.05487158 0.057635944 0.06179189 0.062392721 0.064187783 0.064397867 0.071992424 0.071615711 0.070788688 0.074846917 0.073843934 0.082419288 0.104315842 0.10605321 0.099454701 0.088505374 0.081906313 0.079333949 0.082406143 0.079897566 0.08287625 0.085527104 0.085225053 0.084287084 0.085944777 0.091329898 0.091765431 0.095203192 0.09885091 0.094652831 0.101530755 0.105281616 0.109670179 0.117569432 0 0 0 0 0 0 0.160751565 0.170115232 0.174960793 0.190271857 0.190163405 0.17327467 0.181579193 0.13194335 0.168075093 0.215837256 0.050928608 -0.223229171 -0.879094036 -4.921957284 -6.945417463
560.367 0 0 0 0 0 0 0 0 0 0 0 0 0 0 0 0 0.004781273 0.01144276 0.005316024 0.007848468 0.011525626 0.008332513 0.006607044 0.008252045 0.010384711 0.008966023 0.006436634 0.010966955 0.010446133 0.013673924 0.011104459 0.009851727 0.011314747 0.010867673 0.013023436 0.013588479 0.014429097 0.016643612 0.01453687 0.01742073 0.016482147 0.019221209 0.020106992 0.022100224 0.021362365 0.023545314 0.025033014 0.028371001 0.031606249 0.033328361 0.032268913 0.035543722 0.03974683 0.038135582 0.042695073 0.042150582 0.0435299 0.045135233 0.048873868 0.050831929 0.052708359 0.05341392 0.059823919 0.059152542 0.060195275 0.062185162 0.064006084 0.065694161 0.067654483 0.069957219 0.071528456 0.071262657 0.072617723 0.077219641 0.100599232 0.101189243 0.094506961 0.086313708 0.077279318 0.079919863 0.080921738 0.08227259 0.081370712 0.080243554 0.083506564 0.084992314 0.087315958 0.089012884 0.089130785 0.090295618 0.097504964 0.099505742 0.100025847 0.105864216 0.109291651 0 0 0 0 0 0 0.157464933 0.163510631 0.161079136 0.189912074 0.184852921 0.190946326 0.201996709 0.229076323 0.223337178 0.277562052 0.193101211 0.366032026 0.56344186 1.712869672 8.265185577 9.709229451
563.703 0 0 0 0 0 0 0 0 0 0 0 0 0 0 0 0.001948348 0.002583824 0.001335858 0.004064341 0.007282145 0.003673076 0.005311263 0.003405618 0.002866525 0.004320377 0.003893774 0.007578171 0.004838617 0.005769056 0.007642481 0.00774017 0.009062611 0.010428428 0.006363838 0.010579879 0.011361539 0.012911884 0.012325294 0.015177902 0.013511829 0.015094656 0.01575311 0.016389927 0.018412694 0.019132032 0.020712899 0.022948488 0.024124037 0.024160303 0.027320699 0.029365139 0.032026725 0.033354148 0.034493134 0.036008978 0.037291397 0.039703455 0.040125503 0.041781372 0.048488819 0.047143754 0.050155734 0.052363752 0.053438712 0.051794134 0.056166025 0.057601475 0.055750861 0.061108966 0.062526062 0.064291401 0.066000627 0.065916049 0.071798511 0.088057022 0.087821422 0.084537005 0.081051419 0.072515173 0.071376713 0.072341363 0.071948421 0.072868273 0.0768562 0.07685645 0.07904838 0.078880665 0.082863621 0.082303112 0.087850671 0.088065129 0.091198583 0.093394498 0.09263446 0.098825205 0 0 0 0 0 0 0.143556322 0.141614337 0.155922974 0.157127668 0.165657837 0.16746818 0.158226326 0.16914385 0.134034368 0.20719167 0.059148408 0.317683827 0.644853419 0.895031134 -1.6571495 1.739555391
567.039 0 0 0 0 0 0 0 0 0 0 0 0 0 0 0.001282428 0.002846359 0.001556999 0.000505 -0.000988 -0.002396285 0.006148862 0.00222013 0.001562008 0.001094544 0.003417623 0.005931553 0.006525293 0.007413317 0.00969689 0.003721464 0.005520729 0.0108681 0.007039513 0.008158287 0.008963027 0.011328873 0.010510719 0.011175519 0.013820529 0.013574558 0.014684321 0.01573052 0.016021102 0.017087039 0.018309372 0.019826516 0.021786885 0.022568969 0.025321408 0.023668097 0.027062849 0.029215709 0.031336098 0.033169376 0.034818189 0.036715084 0.038134901 0.038681627 0.041879187 0.044909169 0.045295745 0.047397464 0.052340336 0.045984796 0.053156542 0.05073418 0.056174563 0.051551356 0.058977979 0.056557553 0.061388246 0.063354669 0.062332835 0.065750775 0.082970162 0.079958555 0.077902381 0.076999491 0.066261227 0.068589352 0.067942538 0.070109777 0.071617018 0.072087657 0.072509819 0.072720605 0.071755854 0.074457653 0.076540047 0.078718587 0.07990816 0.082049714 0.085722677 0.091573957 0 0 0 0 0 0 0.124412943 0.130770832 0.131599939 0.143839228 0.157501595 0.141646421 0.164980303 0.158923785 0.132656775 0.178713719 0.144503496 0.13980729 0.20036926 0.057301348 2.153703307 -3.110012408 14.21515822
570.375 0 0 0 0 0 0 0 0 0 0 0 0 0 0.000574 0.002593251 0.001434954 0.00297253 0.004238257 0.009735536 0.004496231 0.005586104 0.006580517 0.003884423 0.004847587 0.009172095 0.007017019 0.006836048 0.005025138 0.004835867 0.007967754 0.009100888 0.011181609 0.007480273 0.010537754 0.010990486 0.011127865 0.014265216 0.011493386 0.01331998 0.013999948 0.014552059 0.014806161 0.015051811 0.017374085 0.018733067 0.020530616 0.022153767 0.021359122 0.023051174 0.025700508 0.026479592 0.02914381 0.031012113 0.029900225 0.033177073 0.033355724 0.036623747 0.040570139 0.0393114 0.041640285 0.040992171 0.045777646 0.046391491 0.049398617 0.047743381 0.049685548 0.051293976 0.057190902 0.054239465 0.057811215 0.061682844 0.05894034 0.061526552 0.061886308 0.076605021 0.081148487 0.075357138 0.068224307 0.062762177 0.063858912 0.066248091 0.06755021 0.063348603 0.068814308 0.06792382 0.070682155 0.073266557 0.07175524 0.072294039 0.077038663 0.078071801 0.086490977 0.083507172 0.082475017 0 0 0 0 0 0 0.120869095 0.121766232 0.126999823 0.134992218 0.142453156 0.150357163 0.165336052 0.150384803 0.155333106 0.16013361 0.165534975 0.201349204 0.262469554 0.327227018 -0.603312277 -1.20367152 -12.67677333
573.713 0 0 0 0 0 0 0 0 0 0 0 0 0.004343042 -0.011684838 0.000559 -0.002705227 -0.001577214 0.001875446 -0.001486806 0.000643 -0.004985226 -0.001048976 0.000143 0.000275 0.0004 0.006266587 0.00329913 0.003864434 0.004515485 0.003883774 0.007048522 0.00555201 0.005303674 0.008177594 0.007566054 0.008756236 0.008378054 0.010024454 0.012644637 0.012497881 0.010913798 0.014034625 0.013548933 0.015251042 0.017169013 0.016611261 0.018773601 0.019496444 0.024421279 0.024463637 0.025825132 0.025071601 0.027134328 0.029258896 0.027996273 0.030204742 0.030641382 0.032186052 0.035612576 0.036016246 0.038372924 0.041267518 0.039893624 0.044069053 0.044653389 0.045330164 0.048245681 0.046667924 0.048840919 0.051693202 0.051283181 0.054120477 0.053050475 0.056762576 0.071510566 0.0721646 0.065795291 0.062626897 0.05808645 0.056209023 0.05878571 0.060028715 0.062989701 0.06252559 0.061857445 0.064486831 0.06245827 0.066114034 0.066604312 0.073074121 0.070714966 0.075952155 0.075513741 0 0 0 0 0 0 0.105029157 0.096902076 0.110276608 0.116518921 0.119838382 0.13085995 0.126029643 0.129776204 0.126617578 0.131938929 0.132762879 0.107365951 0.088515616 0.015043379 -0.327682285 0.423408936 -8.966318833 4.386495326
577.05 0 0 0 0 0 0 0 0 0 0 0 0.007943597 0.002768106 0.004030269 0.0094856 0.002887507 0.005088382 0.001868457 0.007123914 0.00661201 0.007018866 0.00871902 0.013016814 0.007092675 0.007474536 0.008453433 0.006497644 0.008693868 0.005760968 0.007894377 0.010587147 0.012517565 0.008336324 0.009129504 0.013392329 0.012680171 0.012999021 0.014392981 0.012545171 0.012356406 0.014170984 0.014628432 0.015808226 0.016279651 0.018231454 0.018129197 0.02028565 0.01991106 0.021420023 0.023362809 0.026581221 0.026801219 0.027104246 0.028806356 0.029845439 0.033790907 0.032921428 0.034133138 0.037397769 0.035985585 0.03743643 0.039910241 0.041331812 0.044806802 0.044888736 0.044846851 0.046774592 0.051630777 0.050394362 0.051556924 0.052657435 0.053637494 0.052081595 0.055812563 0.069498138 0.070647118 0.066645397 0.06042131 0.057429919 0.060343882 0.059225972 0.060970682 0.06185712 0.063906502 0.061488397 0.064186061 0.062974779 0.065364586 0.068901071 0.071385909 0.068683367 0.069486559 0.075735084 0 0 0 0 0 0 0.104107738 0.112166357 0.124517089 0.123985955 0.126502151 0.136556391 0.147918341 0.127645215 0.152181433 0.146917334 0.17528195 0.181811445 0.074469167 0.43665437 1.004428604 1.577464823 3.891734364 16.98857884
580.388 0 0 0 0 0 0 0 0 0 0 0.002924929 -0.005275678 -0.001973781 0.004019729 -0.00019 -0.001082805 0.000342 0.00544142 0.000811 0.004019229 0.003104515 0.002544252 0.001727147 0.005268758 0.001460286 0.005875354 0.003663386 0.006672573 0.006430656 0.00700975 0.002896635 0.004452887 0.008498034 0.006726349 0.008310784 0.007533232 0.008734737 0.009464203 0.012389724 0.011281229 0.012569597 0.012690938 0.013240537 0.013392724 0.015950451 0.014674582 0.015395476 0.019404968 0.018255665 0.023064262 0.020248156 0.023136024 0.024553335 0.027454695 0.027255804 0.028376344 0.029467053 0.030264412 0.033859682 0.035364314 0.034723914 0.037065821 0.040033442 0.040265226 0.037646397 0.042664556 0.041716899 0.042657717 0.046225912 0.045986013 0.046154246 0.048130864 0.048316646 0.05180051 0.061665177 0.061581718 0.057020115 0.058179532 0.050232241 0.050356565 0.053341253 0.051179812 0.051726048 0.054761109 0.054577909 0.053495312 0.058003453 0.059575012 0.063586339 0.056086675 0.062655303 0.068355027 0 0 0 0 0 0 0.088401786 0.097511071 0.098461392 0.103399896 0.114423851 0.112716583 0.118517757 0.114177861 0.139003172 0.118687604 0.110509742 0.113339616 0.115054657 0.088438853 -0.187725504 -0.057507397 -0.906491806 2.180467791 -6.162443303
583.727 0 0 0 0 0 0 0 0 0 -0.005344477 -0.003536902 0.00324225 0.000787 0.004770207 0.000555 -0.001973201 -0.000876 0.002035894 0.000991 0.00192553 0.002172934 0.001640143 0.000431 0.003462505 -0.001462192 0.002037771 0.010247855 0.004909707 0.005734833 0.004621888 0.007639323 0.005034916 0.007742948 0.007043846 0.008701274 0.009510379 0.010533028 0.009313187 0.011194226 0.012125291 0.01150846 0.014170408 0.014584418 0.013298973 0.016014816 0.014386203 0.017828844 0.018888825 0.014281121 0.020318525 0.022002063 0.023980493 0.02287518 0.025245088 0.025019497 0.027766028 0.028074032 0.030503796 0.030405517 0.030266327 0.033085923 0.032442322 0.033156614 0.037548243 0.0361381 0.036966794 0.041047366 0.04073205 0.041017643 0.040047864 0.040579329 0.043886157 0.043557856 0.046806581 0.055260748 0.058006388 0.054622659 0.053818683 0.048317138 0.049926788 0.047518846 0.04975675 0.048823087 0.053022582 0.053709093 0.054369619 0.055754363 0.055048641 0.059556497 0.06121002 0.060058844 0.061295521 0 0 0 0 0 0 0.07689355 0.088538523 0.096944227 0.102630729 0.098088674 0.097508774 0.099845273 0.107778639 0.115781508 0.131523787 0.079169541 0.108195686 0.106931473 0.130490102 0.284500747 0.076792972 -2.113321123 -5.073508913 -10.77362792
587.066 0 0 0 0 0 0 0 0 -0.004852561 0.002993651 -0.000417 0.001419934 0.006100562 0.000573 0.005367977 0.0057504 0.000347 -0.000174 -0.000332 0.003526083 0.007607291 0.00268787 0.000428 0.003182075 0.006773138 0.007518497 0.004145299 0.005840946 0.006642768 0.00365841 0.00629976 0.006618977 0.007381568 0.008150339 0.003840361 0.007048194 0.006393501 0.010673873 0.009707916 0.011967957 0.01053693 0.012039951 0.012858366 0.01367134 0.015333389 0.016121776 0.015085358 0.015313596 0.016412814 0.019437506 0.018763697 0.021849446 0.024123012 0.023478788 0.024100727 0.025003117 0.025404614 0.029613777 0.029041251 0.028052158 0.030028368 0.032452795 0.032825482 0.030304137 0.036885897 0.03602783 0.039367763 0.037682824 0.03772801 0.039119142 0.038662991 0.040087728 0.045107617 0.044749092 0.05289527 0.053558762 0.05363624 0.047357142 0.043729179 0.049129429 0.044362193 0.048721177 0.046170142 0.051172675 0.049927849 0.051098461 0.05030211 0.052173864 0.052256763 0.053866686 0.055159832 0 0 0 0 0 0 0.078248526 0.081100495 0.085492918 0.085817433 0.092506381 0.091378469 0.089691535 0.10501765 0.107432464 0.120471088 0.125558473 0.111044325 0.114253183 0.138093378 0.197571414 0.059910083 0.28841253 1.507657355 -0.236675374 -13.47143042
590.406 0 0 0 0 0 0 0.00896191 0.007106744 -0.000666 0.001512142 0.004627853 0.002661136 -0.001590658 -0.000193 0.004114208 0.005445625 -0.002647219 0.006340616 0.005664882 0.001459153 0.00376401 0.001511906 0.003925645 0.002236021 0.007247434 0.0055366 0.008137101 0.005431825 0.004087477 0.007826544 0.006678659 0.007285282 0.00883351 0.005748026 0.007015893 0.008012531 0.008961234 0.007208372 0.009812108 0.010537374 0.011533496 0.012356656 0.010891243 0.011368017 0.013814424 0.013915829 0.017204697 0.014006373 0.016823607 0.018819894 0.020634818 0.018986008 0.01951044 0.021642244 0.022097495 0.024507272 0.026439512 0.027594068 0.026994013 0.027528667 0.029517118 0.030107043 0.032298446 0.03061145 0.033132773 0.035031222 0.036502062 0.034516003 0.038041161 0.037617032 0.039492363 0.03964293 0.039292208 0.042348924 0.050197202 0.050618545 0.048600865 0.045185727 0.043084493 0.045984084 0.044398291 0.044255074 0.046060535 0.044301428 0.047385247 0.046922085 0.049144035 0.049957414 0.049539061 0.053513507 0.053671046 0 0 0 0 0 0 0.068111672 0.070577126 0.074134612 0.080547127 0.085933338 0.096103234 0.09314916 0.098956647 0.108533245 0.124056894 0.101963126 0.103123089 0.071667347 0.123813704 0.163954414 0.121060702 -0.252427559 0.119721719 0.49032523 -5.476835325
593.746 0 0 0 0 0 0.002441454 -0.000708 -0.006476855 -0.002692676 -0.004796049 -0.001904949 -0.003716393 -2.22e-06 -0.001750011 -0.004152273 -0.008792484 -0.004101975 -0.004512635 -0.001533045 -0.004259396 -0.002220064 -0.000619 0.002486504 -0.001276933 0.000398 0.001555265 0.00123452 0.003924213 0.003089406 0.002844544 0.002521592 0.004122749 0.004262523 0.005801671 0.005370349 0.006953873 0.007409656 0.007553613 0.007848024 0.008500229 0.008800217 0.009227903 0.009072193 0.011845569 0.011780772 0.012840642 0.012232308 0.014287775 0.014478323 0.014028054 0.016466169 0.017910546 0.014927729 0.018867705 0.020174036 0.020906477 0.019967681 0.020644894 0.023293518 0.023237534 0.025185268 0.025506576 0.026925351 0.026892592 0.029929899 0.031612837 0.030153215 0.031851843 0.031050128 0.034263788 0.035040287 0.034247966 0.036941694 0.038292944 0.043615689 0.046378256 0.042924311 0.039676538 0.036637346 0.040421411 0.040154648 0.042291591 0.040371315 0.039136512 0.039355382 0.041784111 0.04358548 0.043984954 0.043412178 0.04840986 0 0 0 0 0 0 0.056549901 0.062530641 0.06399023 0.072029775 0.071125068 0.070139091 0.071255525 0.077147426 0.076275757 0.07633015 0.073016187 0.070428769 0.088207905 0.057591413 0.019782278 0.032356457 -0.12213401 -0.489206431 -0.673922926 -3.203573506 -2.624283129
597.086 0 0 0 0 -0.002794678 0.006395225 -0.003116818 0.006297354 0.000682 -0.001758571 -0.000855 0.00146056 0.003032012 -0.001960694 0.002472313 0.005721509 0.010951419 0.002265609 0.007963555 0.004784772 -0.001440585 0.000299 0.002509944 0.005686856 0.00532388 0.004583025 0.004512415 0.002520492 0.004851815 0.002756779 0.007107127 0.007913141 0.007294387 0.008202948 0.00886753 0.007997708 0.008443043 0.006601007 0.010245852 0.009194266 0.010578376 0.010377559 0.012656461 0.01183521 0.013171571 0.011489213 0.011782583 0.015659843 0.01888347 0.015061974 0.017087336 0.018137043 0.019249043 0.020703179 0.021303259 0.021467513 0.02115504 0.023856126 0.023134472 0.026358458 0.027710743 0.025082753 0.025741549 0.029252989 0.029419624 0.031547217 0.030164567 0.031116141 0.03379589 0.030228051 0.032684873 0.034529145 0.036097105 0.034068044 0.040472503 0.048016957 0.043486433 0.040489863 0.038750665 0.036832429 0.038430796 0.039898806 0.041000783 0.038768065 0.038644051 0.044024707 0.041560505 0.042949668 0.044757021 0.049180481 0 0 0 0 0 0 0.062540906 0.06067195 0.066344938 0.068354641 0.065874399 0.078144927 0.077496019 0.079215732 0.077565221 0.089417366 0.101345027 0.088295816 0.06629653 0.088984325 0.033951107 0.108776407 0.146254143 0.276181838 -0.557546672 1.488742094 -16.54712189
600.427 0 0 0 0.007950575 0.002309361 0.009235886 0.006817329 0.001893866 0.00643932 0.01271166 0.002172601 0.004442365 0.008410457 0.003584124 0.004434622 0.005051479 0.005644821 0.005659074 0.004637233 0.006019222 0.008898145 0.004204074 0.010054699 0.005483303 0.007614698 0.005445846 0.007627665 0.008774978 0.009619292 0.00740042 0.009475828 0.005967078 0.010162056 0.008322666 0.008301765 0.0086146 0.008947845 0.009652243 0.009920787 0.010875893 0.011345055 0.009787257 0.011605092 0.013105906 0.013066933 0.015587656 0.014822629 0.018117283 0.017116374 0.014778085 0.017503665 0.018403646 0.020443894 0.01915935 0.022290113 0.023188787 0.02386036 0.024035419 0.026163893 0.027024545 0.028401923 0.027849013 0.026476515 0.025334978 0.027975939 0.028938314 0.031333285 0.030093123 0.032685333 0.03248557 0.032792565 0.032092439 0.034079334 0.036369644 0.042777768 0.042011583 0.040331378 0.03742696 0.038968171 0.035029389 0.039499223 0.039314016 0.039271364 0.044017243 0.03832292 0.041158369 0.041308663 0.045888589 0.0433259 0 0 0 0 0 0 0.057366493 0.063459567 0.065636045 0.066654371 0.070113726 0.077638227 0.072702436 0.079673318 0.082718502 0.081049517 0.079284854 0.086827459 0.111517205 0.106433868 0.121652187 0.150097664 0.084615272 0.249929626 -0.300325376 2.708560876 2.524489868 29.92528009
603.768 0 0 0.000558 0.009912104 -0.004415179 -0.002522257 0.004179966 0.00024 0.003951615 -0.00292993 -0.002634201 0.006622779 -0.002902965 -0.001207005 0.000973 0.005491599 0.001289736 0.00590221 0.006260886 0.007950028 0.000324 0.003154057 0.005159309 0.006710357 0.001963176 0.00671372 0.004501008 0.005909462 0.00449654 0.004975564 0.001624917 0.005299656 0.005276007 0.009302673 0.007507439 0.009291327 0.008276403 0.008716565 0.008457997 0.009545773 0.007659094 0.010592069 0.010215405 0.012191539 0.011577061 0.012040524 0.011729073 0.013248871 0.014543649 0.015704713 0.015852771 0.016746754 0.016972338 0.017568106 0.017761024 0.019804874 0.021291318 0.018929831 0.019194045 0.022429437 0.019196683 0.021713618 0.023062886 0.024016669 0.025341121 0.027573193 0.024844021 0.028364432 0.025450079 0.031225249 0.030051251 0.028564392 0.030392187 0.032313774 0.037904352 0.037819133 0.038063456 0.034978905 0.036455966 0.034397782 0.033591652 0.037880897 0.037786087 0.034877778 0.03717567 0.038381136 0.038602232 0.041889821 0.040755765 0 0 0 0 0 0 0.053289584 0.055008098 0.061615304 0.059231604 0.059612872 0.059425528 0.069194631 0.073677729 0.072370418 0.077845843 0.075348557 0.084805393 0.074078134 0.099833087 0.06208903 0.096332646 0.040897341 0.284147112 0.506331307 -0.382029262 -0.251009372 -20.77686273
607.109 0 0.017350404 0.008932862 -0.002962976 0.005738368 0.002788276 0.009145019 0.011300791 0.007246988 0.005211262 0.005293856 0.006014686 0.004168658 0.009504532 0.00235291 0.010087069 0.008699306 0.008631168 0.003840032 0.008842048 0.008716211 0.0101397 0.006400317 0.007335459 0.009147387 0.002968643 0.006720637 0.006067761 0.008694149 0.009228887 0.008747487 0.010674486 0.009848045 0.008182437 0.007726149 0.008833036 0.00909439 0.008310335 0.009946123 0.009306332 0.010028105 0.010648281 0.010112423 0.012980959 0.012972093 0.011714713 0.012786399 0.01428781 0.015920282 0.017677617 0.016775482 0.019425618 0.01698707 0.021722128 0.019376542 0.019830146 0.020511962 0.02103275 0.023211872 0.0227374 0.024937161 0.023047878 0.02436252 0.027235912 0.027988171 0.024939535 0.025710994 0.031925198 0.028540302 0.028014183 0.03134629 0.030282953 0.033881996 0.031827957 0.035939863 0.037087858 0.03519261 0.035952027 0.031556548 0.03349715 0.034136153 0.034511445 0.034241287 0.037201004 0.036058614 0.036204933 0.037225921 0.039586667 0 0 0 0 0 0 0.049519097 0.04810045 0.048909677 0.057509124 0.060574995 0.066634512 0.063402648 0.073390679 0.067192109 0.073348267 0.078258822 0.075742677 0.067513494 0.092290103 0.08565489 0.11085468 0.103031464 0.063540075 0.198371526 0.121771355 1.597879622 6.656971586 4.676758645
610.451 0.011751491 0.004086483 0.008740096 -0.001090012 -0.000796 0.008451744 0.000505 0.001214657 0.002363436 0.005492053 0.007800208 0.004559224 0.002946051 0.007762027 0.000395 -0.001348349 0.003736026 0.005265484 0.010230914 0.004120658 0.004808641 0.001432921 0.007848737 0.002813693 0.00397685 0.002316102 0.007566292 0.005489246 0.00805542 0.004590836 0.005852272 0.006973375 0.007505477 0.007992363 0.008877888 0.006545896 0.007856758 0.008627259 0.007755335 0.008220378 0.009134312 0.008013848 0.010584118 0.009452444 0.008632367 0.013022757 0.010904786 0.012471714 0.013457519 0.014298855 0.016351512 0.01643139 0.015283868 0.014801184 0.014194524 0.01898659 0.017113319 0.019922928 0.019580803 0.020011457 0.020842582 0.018544798 0.021404572 0.026169929 0.024067283 0.021785589 0.024896086 0.02511771 0.024741121 0.027984044 0.026153858 0.026962925 0.024433457 0.028154487 0.031476724 0.034559068 0.032229405 0.031401851 0.030930815 0.032155093 0.03174633 0.030874017 0.028021488 0.033734045 0.035589791 0.031244949 0.035912055 0.03752298 0 0 0 0 0 0 0.042953888 0.04652501 0.045328898 0.0491157 0.05532941 0.052404785 0.059265813 0.060600296 0.062248249 0.058785695 0.058764755 0.078119853 0.070677027 0.090000594 0.076879664 0.106812406 0.079083547 0.12080088 0.008031739 0.719753133 0.777056252 6.967960417 10.68778118
613.792 -0.004483296 -0.006363032 -0.002791569 -0.007002308 -0.007041698 -0.003802249 -0.006424481 0.00144271 -0.000703 -0.002718733 -0.003530913 -0.001932145 -0.005420154 -0.007280095 -0.002157608 0.001715864 0.000922 -0.001974346 -0.006813498 -0.002548864 0.003617874 0.005866563 0.002897862 0.003079109 0.002953294 0.001213167 0.003229963 0.005069253 0.000937 0.001122276 0.005030588 0.003346861 0.004633808 0.004316105 0.003727822 0.006058545 0.006624749 0.004409341 0.006102123 0.006859993 0.006511766 0.007130509 0.008068947 0.009024657 0.008425793 0.011586747 0.009589739 0.011703676 0.01193981 0.012875835 0.00939559 0.013031026 0.013744415 0.012324413 0.012612217 0.013798759 0.014349477 0.016248028 0.017568731 0.018021012 0.017006036 0.019861696 0.019019191 0.020339803 0.019843242 0.020222552 0.019016989 0.023684668 0.023641156 0.020262686 0.024305032 0.02504988 0.023747596 0.02692477 0.029356767 0.02811777 0.029196 0.026802028 0.026248902 0.028661732 0.029458627 0.026924282 0.027286042 0.029918801 0.025134213 0.03025598 0.030904188 0 0 0 0 0 0 0.036903942 0.038975801 0.040847542 0.04279536 0.046644317 0.047804686 0.046716124 0.050933999 0.052109399 0.058990508 0.059684748 0.060565843 0.057306117 0.053222446 0.066832036 0.025947326 0.04587126 0.010291444 -0.044857598 -0.269793091 -3.25e-05 -0.12820502 -3.074976111 -26.49238253
617.135 0.006406186 0.003251285 0.007984577 0.001102027 0.001600508 0.011137016 0.002778582 0.010808536 -0.002871018 0.008102086 0.001575729 0.001532164 0.004685102 0.009917714 0.002804947 0.006610498 0.000945 0.000739 0.004102711 0.000868 0.003023247 0.002428473 0.003896606 -0.001950532 0.003740051 0.006895905 0.00779337 0.004160983 0.007783023 0.008258419 0.003909567 0.006847172 0.004933934 0.004410297 0.006714667 0.00989386 0.005036315 0.007881667 0.009602965 0.007784852 0.008291003 0.008262313 0.009047805 0.009619432 0.009599371 0.009897781 0.011612496 0.010473947 0.013261014 0.010341849 0.013711233 0.014637397 0.012780595 0.012746036 0.014518862 0.01612868 0.016318653 0.014735264 0.017763551 0.017158828 0.017277651 0.019145473 0.021559616 0.019966248 0.02337185 0.022301023 0.019596274 0.021284739 0.021213658 0.023289039 0.022201705 0.024981759 0.026226761 0.024892304 0.02970107 0.029462997 0.029179725 0.027384414 0.025500142 0.027289095 0.028231043 0.02720445 0.031235891 0.026927491 0.031470147 0.032301092 0.032652256 0 0 0 0 0 0 0.038621486 0.038368142 0.044852839 0.044999573 0.047030953 0.045189229 0.051450349 0.049628991 0.056174388 0.056489392 0.057639676 0.062573754 0.067972694 0.065957109 0.072180604 0.086657501 0.075505556 0.084228607 -0.007641414 0.162122868 0.041326771 1.436834025 -8.638462494 35.62723037
