NaN 600 596.73 593.46 590.19 586.92 583.65 580.38 577.11 573.84 570.57 567.3 564.03 560.76 557.49 554.22 550.95 547.68 544.41 541.14 537.87 534.6 531.33 528.06 524.79 521.52 518.25 514.98 511.71 508.44 505.17 501.9 498.63 495.36 492.09 488.82 485.55 482.28 479.01 475.74 472.47 469.2 465.93 462.66 459.39 456.12 452.85 449.58 446.31 443.04 439.77 436.5 433.23 429.96 426.69 423.42 420.15 416.88 413.61 410.34 407.07 403.8 400.53 397.26 393.99 390.72 387.45 384.18 380.91 377.64 374.37 371.1 367.83 364.56 361.29 358.02 354.75 351.48 348.21 344.94 341.67 338.4 335.13 331.86 328.59 325.32 322.05 318.78 315.51 312.24 308.97 305.7 302.43 299.16 295.89 292.62 289.35 286.08 282.81 279.54 276.27 273 269.73 266.46 263.19 259.92 256.65 253.38 250.11 246.84 243.57 240.3 237.03 233.76 230.49 227.22 223.95 220.68
NaN NaN NaN NaN NaN NaN NaN NaN NaN NaN NaN NaN NaN NaN NaN NaN NaN NaN NaN NaN NaN NaN NaN NaN NaN NaN NaN NaN NaN NaN NaN NaN NaN NaN NaN NaN NaN NaN NaN NaN NaN NaN NaN NaN NaN NaN NaN NaN NaN NaN NaN NaN NaN NaN NaN NaN NaN NaN NaN NaN NaN NaN NaN NaN NaN NaN NaN NaN NaN NaN NaN NaN NaN NaN NaN NaN NaN NaN NaN NaN NaN NaN NaN NaN NaN NaN NaN NaN NaN NaN NaN NaN NaN NaN NaN NaN NaN NaN NaN NaN NaN NaN NaN NaN NaN NaN NaN NaN NaN NaN NaN NaN NaN NaN NaN NaN NaN NaN
NaN NaN NaN NaN NaN NaN NaN NaN NaN NaN NaN NaN NaN NaN NaN NaN NaN NaN NaN NaN NaN NaN NaN NaN NaN NaN NaN NaN NaN NaN NaN NaN NaN NaN NaN NaN NaN NaN NaN NaN NaN NaN NaN NaN NaN NaN NaN NaN NaN NaN NaN NaN NaN NaN NaN NaN NaN NaN NaN NaN NaN NaN NaN NaN NaN NaN NaN NaN NaN NaN NaN NaN NaN NaN NaN NaN NaN NaN NaN NaN NaN NaN NaN NaN NaN NaN NaN NaN NaN NaN NaN NaN NaN NaN NaN NaN NaN NaN NaN NaN NaN NaN NaN NaN NaN NaN NaN NaN NaN NaN NaN NaN NaN NaN NaN NaN NaN NaN
210.901 0 0 0 0 0 0 0 0 0 0 0 0 0 0 0 0 0 0 0 0 0 0 0 0 0 0 0 0 0 0 0 0 0 0 0 0 0 0 0 0 0 0 0 0 0 0 0 0 0 0 0 0 0 0 0 0 0 0 0 0 0 0 0 0 0 0 0 0 0 0 0 0 0 0 0 0 0 0 0 0 0 0 0 0 0 0 0 0 0 0 0 0 0 0 0 0 0 0 0 0 0 0 0 0 0 0 0 0 0 0 0 0 0 0 0 0 0
214.065 0 0 0 0 0 0 0 0 0 0 0 0 0 0 0 0 0 0 0 0 0 0 0 0 0 0 0 0 0 0 0 0 0 0 0 0 0 0 0 0 0 0 0 0 0 0 0 0 0 0 0 0 0 0 0 0 0 0 0 0 0 0 0 0 0 0 0 0 0 0 0 0 0 0 0 0 0 0 0 0 0 0 0 0 0 0 0 0 0 0 0 0 0 0 0 0 0 0 0 0 0 0 0 0 0 0 0 0 0 0 0 0 0 0 0 0 0
217.232 0 0 0 0 0 0 0 0 0 0 0 0 0 0 0 0 0 0 0 0 0 0 0 0 0 0 0 0 0 0 0 0 0 0 0 0 0 0 0 0 0 0 0 0 0 0 0 0 0 0 0 0 0 0 0 0 0 0 0 0 0 0 0 0 0 0 0 0 0 0 0 0 0 0 0 0 0 0 0 0 0 0 0 0 0 0 0 0 0 0 0 0 0 0 0 0 0 0 0 0 0 0 0 0 0 0 0 0 0 0 0 0 0 0 0 0 0
220.402 0 0 0 0 0 0 0 0 0 0 0 0 0 0 0 0 0 0 0 0 0 0 0 0 0 0 0 0 0 0 0 0 0 0 0 0 0 0 0 0 0 0 0 0 0 0 0 0 0 0 0 0 0 0 0 0 0 0 0 0 0 0 0 0 0 0 0 0 0 0 0 0 0 0 0 0 0 0 0 0 0 0 0 0 0 0 0 0 0 0 0 0 0 0 0 0 0 0 0 0 0 0 0 0 0 0 0 0 0 0 0 0 0 0 0 0 0
223.574 0 0 0 0 0 0 0 0 0 0 0 0 0 0 0 0 0 0 0 0 0 0 0 0 0 0 0 0 0 0 0 0 0 0 0 0 0 0 0 0 0 0 0 0 0 0 0 0 0 0 0 0 0 0 0 0 0 0 0 0 0 0 0 0 0 0 0 0 0 0 0 0 0 0 0 0 0 0 0 0 0 0 0 0 0 0 0 0 0 0 0 0 0 0 0 0 0 0 0 0 0 0 0 0 0 0 0 0 0 0 0 0 0 0 0 0 0
226.748 0 0 0 0 0 0 0 0 0 0 0 0 0 0 0 0 0 0 0 0 0 0 0 0 0 0 0 0 0 0 0 0 0 0 0 0 0 0 0 0 0 0 0 0 0 0 0 0 0 0 0 0 0 0 0 0 0 0 0 0 0 0 0 0 0 0 0 0 0 0 0 0 0 0 0 0 0 0 0 0 0 0 0 0 0 0 0 0 0 0 0 0 0 0 0 0 0 0 0 0 0 0 0 0 0 0 0 0 0 0 0 0 0 0 0 0 0
229.925 0 0 0 0 0 0 0 0 0 0 0 0 0 0 0 0 0 0 0 0 0 0 0 0 0 0 0 0 0 0 0 0 0 0 0 0 0 0 0 0 0 0 0 0 0 0 0 0 0 0 0 0 0 0 0 0 0 0 0 0 0 0 0 0 0 0 0 0 0 0 0 0 0 0 0 0 0 0 0 0 0 0 0 0 0 0 0 0 0 0 0 0 0 0 0 0 0 0 0 0 0 0 0 0 0 0 0 0 0 0 0 0 0 0 0 0 0
233.104 0 0 0 0 0 0 0 0 0 0 0 0 0 0 0 0 0 0 0 0 0 0 0 0 0 0 0 0 0 0 0 0 0 0 0 0 0 0 0 0 0 0 0 0 0 0 0 0 0 0 0 0 0 0 0 0 0 0 0 0 0 0 0 0 0 0 0 0 0 0 0 0 0 0 0 0 0 0 0 0 0 0 0 0 0 0 0 0 0 0 0 0 0 0 0 0 0 0 0 0 0 0 0 0 0 0 0 0 0 0 0 0 0 0 0 0 -5.089924519
236.285 0 0 0 0 0 0 0 0 0 0 0 0 0 0 0 0 0 0 0 0 0 0 0 0 0 0 0 0 0 0 0 0 0 0 0 0 0 0 0 0 0 0 0 0 0 0 0 0 0 0 0 0 0 0 0 0 0 0 0 0 0 0 0 0 0 0 0 0 0 0 0 0 0 0 0 0 0 0 0 0 0 0 0 0 0 0 0 0 0 0 0 0 0 0 0 0 0 0 0 0 0 0 0 0 0 0 0 0 0 0 0 0 0 0 0 -40.3138254 -26.70370681
239.469 0 0 0 0 0 0 0 0 0 0 0 0 0 0 0 0 0 0 0 0 0 0 0 0 0 0 0 0 0 0 0 0 0 0 0 0 0 0 0 0 0 0 0 0 0 0 0 0 0 0 0 0 0 0 0 0 0 0 0 0 0 0 0 0 0 0 0 0 0 0 0 0 0 0 0 0 0 0 0 0 0 0 0 0 0 0 0 0 0 0 0 0 0 0 0 0 0 0 0 0 0 0 0 0 0 0 0 0 0 0 0 0 0 0 -0.040846476 34.15855361 38.62867225
242.655 0 0 0 0 0 0 0 0 0 0 0 0 0 0 0 0 0 0 0 0 0 0 0 0 0 0 0 0 0 0 0 0 0 0 0 0 0 0 0 0 0 0 0 0 0 0 0 0 0 0 0 0 0 0 0 0 0 0 0 0 0 0 0 0 0 0 0 0 0 0 0 0 0 0 0 0 0 0 0 0 0 0 0 0 0 0 0 0 0 0 0 0 0 0 0 0 0 0 0 0 0 0 0 0 0 0 0 0 0 0 0 0 0 0.548486564 0.193703469 -18.94603075 -54.1208586
245.844 0 0 0 0 0 0 0 0 0 0 0 0 0 0 0 0 0 0 0 0 0 0 0 0 0 0 0 0 0 0 0 0 0 0 0 0 0 0 0 0 0 0 0 0 0 0 0 0 0 0 0 0 0 0 0 0 0 0 0 0 0 0 0 0 0 0 0 0 0 0 0 0 0 0 0 0 0 0 0 0 0 0 0 0 0 0 0 0 0 0 0 0 0 0 0 0 0 0 0 0 0 0 0 0 0 0 0 0 0 0 0 0 0.173340713 0.055491358 1.557497695 -49.65816004 27.02506196
249.035 0 0 0 0 0 0 0 0 0 0 0 0 0 0 0 0 0 0 0 0 0 0 0 0 0 0 0 0 0 0 0 0 0 0 0 0 0 0 0 0 0 0 0 0 0 0 0 0 0 0 0 0 0 0 0 0 0 0 0 0 0 0 0 0 0 0 0 0 0 0 0 0 0 0 0 0 0 0 0 0 0 0 0 0 0 0 0 0 0 0 0 0 0 0 0 0 0 0 0 0 0 0 0 0 0 0 0 0 0 0 0 -0.157453726 -0.090421246 0.072688011 -0.567554647 20.07294557 9.740430963
252.228 0 0 0 0 0 0 0 0 0 0 0 0 0 0 0 0 0 0 0 0 0 0 0 0 0 0 0 0 0 0 0 0 0 0 0 0 0 0 0 0 0 0 0 0 0 0 0 0 0 0 0 0 0 0 0 0 0 0 0 0 0 0 0 0 0 0 0 0 0 0 0 0 0 0 0 0 0 0 0 0 0 0 0 0 0 0 0 0 0 0 0 0 0 0 0 0 0 0 0 0 0 0 0 0 0 0 0 0 0 0 0.014314806 0.002762638 -0.144178692 0.206002273 0.315532472 -24.34290351 -15.79816516
255.423 0 0 0 0 0 0 0 0 0 0 0 0 0 0 0 0 0 0 0 0 0 0 0 0 0 0 0 0 0 0 0 0 0 0 0 0 0 0 0 0 0 0 0 0 0 0 0 0 0 0 0 0 0 0 0 0 0 0 0 0 0 0 0 0 0 0 0 0 0 0 0 0 0 0 0 0 0 0 0 0 0 0 0 0 0 0 0 0 0 0 0 0 0 0 0 0 0 0 0 0 0 0 0 0 0 0 0 0 0 0.02940913 0.050425773 -0.088848261 0.145586672 0.124975819 2.573062184 -8.313170252 9.043369549
258.621 0 0 0 0 0 0 0 0 0 0 0 0 0 0 0 0 0 0 0 0 0 0 0 0 0 0 0 0 0 0 0 0 0 0 0 0 0 0 0 0 0 0 0 0 0 0 0 0 0 0 0 0 0 0 0 0 0 0 0 0 0 0 0 0 0 0 0 0 0 0 0 0 0 0 0 0 0 0 0 0 0 0 0 0 0 0 0 0 0 0 0 0 0 0 0 0 0 0 0 0 0 0 0 0 0 0 0 0 -0.026070548 -0.028576688 -0.153600067 -0.186468575 -0.225588724 -0.011497356 -1.671192829 -5.877088829 -6.697869592
261.821 0 0 0 0 0 0 0 0 0 0 0 0 0 0 0 0 0 0 0 0 0 0 0 0 0 0 0 0 0 0 0 0 0 0 0 0 0 0 0 0 0 0 0 0 0 0 0 0 0 0 0 0 0 0 0 0 0 0 0 0 0 0 0 0 0 0 0 0 0 0 0 0 0 0 0 0 0 0 0 0 0 0 0 0 0 0 0 0 0 0 0 0 0 0 0 0 0 0 0 0 0 0 0 0 0 0 0 0.004166227 -0.00351637 -0.051452278 -0.150852874 -0.069746164 -0.137681813 0.347810455 0.135770667 -10.23772658 4.287581997
265.023 0 0 0 0 0 0 0 0 0 0 0 0 0 0 0 0 0 0 0 0 0 0 0 0 0 0 0 0 0 0 0 0 0 0 0 0 0 0 0 0 0 0 0 0 0 0 0 0 0 0 0 0 0 0 0 0 0 0 0 0 0 0 0 0 0 0 0 0 0 0 0 0 0 0 0 0 0 0 0 0 0 0 0 0 0 0 0 0 0 0 0 0 0 0 0 0 0 0 0 0 0 0 0 0 0 0 -0.010772298 -0.005862002 0.01216709 -0.091532442 -0.084046441 -0.009954582 -0.156663961 0.255376861 -0.196431861 -3.621130873 -12.06918498
268.228 0 0 0 0 0 0 0 0 0 0 0 0 0 0 0 0 0 0 0 0 0 0 0 0 0 0 0 0 0 0 0 0 0 0 0 0 0 0 0 0 0 0 0 0 0 0 0 0 0 0 0 0 0 0 0 0 0 0 0 0 0 0 0 0 0 0 0 0 0 0 0 0 0 0 0 0 0 0 0 0 0 0 0 0 0 0 0 0 0 0 0 0 0 0 0 0 0 0 0 0 0 0 0 0 0 0.010484964 0.004794197 -0.026563602 -0.079634145 -0.11725374 -0.011333632 0.079898826 0.027566706 0.159663127 1.332563655 34.23259453 29.22072751
271.434 0 0 0 0 0 0 0 0 0 0 0 0 0 0 0 0 0 0 0 0 0 0 0 0 0 0 0 0 0 0 0 0 0 0 0 0 0 0 0 0 0 0 0 0 0 0 0 0 0 0 0 0 0 0 0 0 0 0 0 0 0 0 0 0 0 0 0 0 0 0 0 0 0 0 0 0 0 0 0 0 0 0 0 0 0 0 0 0 0 0 0 0 0 0 0 0 0 0 0 0 0 0 0 0 0.005559537 0.009554674 -0.021426858 -0.074965876 -0.099086136 -0.013158941 -0.000791 0.004063933 -0.030464806 0.028654905 0.679761653 6.188944316 -9.204887644
274.643 0 0 0 0 0 0 0 0 0 0 0 0 0 0 0 0 0 0 0 0 0 0 0 0 0 0 0 0 0 0 0 0 0 0 0 0 0 0 0 0 0 0 0 0 0 0 0 0 0 0 0 0 0 0 0 0 0 0 0 0 0 0 0 0 0 0 0 0 0 0 0 0 0 0 0 0 0 0 0 0 0 0 0 0 0 0 0 0 0 0 0 0 0 0 0 0 0 0 0 0 0 0 0 0.010185092 0.011038259 0.001430058 -0.061471208 -0.095154321 -0.047075046 -0.012174666 -0.001543969 -0.056172892 0.11077882 -0.301338036 -1.692948497 9.043737303 -42.99099116
277.854 0 0 0 0 0 0 0 0 0 0 0 0 0 0 0 0 0 0 0 0 0 0 0 0 0 0 0 0 0 0 0 0 0 0 0 0 0 0 0 0 0 0 0 0 0 0 0 0 0 0 0 0 0 0 0 0 0 0 0 0 0 0 0 0 0 0 0 0 0 0 0 0 0 0 0 0 0 0 0 0 0 0 0 0 0 0 0 0 0 0 0 0 0 0 0 0 0 0 0 0 0 0 0.024927552 0.03359764 0.014824473 -0.016754384 -0.071166439 -0.047922075 0.001922347 0.013726262 -0.013633909 0.008547422 -0.012716164 0.32630609 1.957328159 21.31883179 -23.68557569
281.068 0 0 0 0 0 0 0 0 0 0 0 0 0 0 0 0 0 0 0 0 0 0 0 0 0 0 0 0 0 0 0 0 0 0 0 0 0 0 0 0 0 0 0 0 0 0 0 0 0 0 0 0 0 0 0 0 0 0 0 0 0 0 0 0 0 0 0 0 0 0 0 0 0 0 0 0 0 0 0 0 0 0 0 0 0 0 0 0 0 0 0 0 0 0 0 0 0 0 0 0 0 0.042552025 0.051287729 0.026040996 0.023589523 -0.042312473 -0.027926844 0.023049302 0.022302037 -0.006742468 -0.005511592 -0.015887391 0.157399113 -0.005044689 1.751581243 -27.45312433 -24.40134655
284.283 0 0 0 0 0 0 0 0 0 0 0 0 0 0 0 0 0 0 0 0 0 0 0 0 0 0 0 0 0 0 0 0 0 0 0 0 0 0 0 0 0 0 0 0 0 0 0 0 0 0 0 0 0 0 0 0 0 0 0 0 0 0 0 0 0 0 0 0 0 0 0 0 0 0 0 0 0 0 0 0 0 0 0 0 0 0 0 0 0 0 0 0 0 0 0 0 0 0 0 0 0.070685225 0.065529809 0.061227727 0.038288885 -0.00165723 -0.023770514 0.021029255 0.011377855 0.010669416 0.042575408 -0.009312289 0.063610079 0.020895599 0.106392216 -0.593530826 12.33995058 17.2328231
287.501 0 0 0 0 0 0 0 0 0 0 0 0 0 0 0 0 0 0 0 0 0 0 0 0 0 0 0 0 0 0 0 0 0 0 0 0 0 0 0 0 0 0 0 0 0 0 0 0 0 0 0 0 0 0 0 0 0 0 0 0 0 0 0 0 0 0 0 0 0 0 0 0 0 0 0 0 0 0 0 0 0 0 0 0 0 0 0 0 0 0 0 0 0 0 0 0 0 0 0 0.102391938 0.108432698 0.106434409 0.083580595 0.013318018 0.005662265 0.034329472 0.04474116 0.048948379 0.03674631 0.036782693 0.044094279 -0.028016144 -0.135692693 0.053980094 2.242102304 -1.607286945 -40.83900674
290.72 0 0 0 0 0 0 0 0 0 0 0 0 0 0 0 0 0 0 0 0 0 0 0 0 0 0 0 0 0 0 0 0 0 0 0 0 0 0 0 0 0 0 0 0 0 0 0 0 0 0 0 0 0 0 0 0 0 0 0 0 0 0 0 0 0 0 0 0 0 0 0 0 0 0 0 0 0 0 0 0 0 0 0 0 0 0 0 0 0 0 0 0 0 0 0 0 0 0 0.132610302 0.151196059 0.159876306 0.146450785 0.090005904 0.057650299 0.073287657 0.084157428 0.069604709 0.076361738 0.072980532 0.08369602 0.071112021 0.092592529 0.039399578 0.220684858 -0.067098246 2.091467077 10.20287239
293.942 0 0 0 0 0 0 0 0 0 0 0 0 0 0 0 0 0 0 0 0 0 0 0 0 0 0 0 0 0 0 0 0 0 0 0 0 0 0 0 0 0 0 0 0 0 0 0 0 0 0 0 0 0 0 0 0 0 0 0 0 0 0 0 0 0 0 0 0 0 0 0 0 0 0 0 0 0 0 0 0 0 0 0 0 0 0 0 0 0 0 0 0 0 0 0 0 0 0.144206253 0.180367607 0.205107433 0.188193367 0.174707768 0.11477235 0.109622503 0.109971042 0.109342721 0.081467552 0.07739221 0.068937695 0.055472973 0.132019553 0.153943303 0.255876727 -0.130561128 1.42352391 8.551459147 26.85186142
297.166 0 0 0 0 0 0 0 0 0 0 0 0 0 0 0 0 0 0 0 0 0 0 0 0 0 0 0 0 0 0 0 0 0 0 0 0 0 0 0 0 0 0 0 0 0 0 0 0 0 0 0 0 0 0 0 0 0 0 0 0 0 0 0 0 0 0 0 0 0 0 0 0 0 0 0 0 0 0 0 0 0 0 0 0 0 0 0 0 0 0 0 0 0 0 0 0 0.135834873 0.183800312 0.226948729 0.234704196 0.201955401 0.165241177 0.165366181 0.151002257 0.134936174 0.121614517 0.123298738 0.093950573 0.130088856 0.137787055 0.146362632 0.126397063 0.20316682 0.719677574 0.44925193 0 7.676737019
300.392 0 0 0 0 0 0 0 0 0 0 0 0 0 0 0 0 0 0 0 0 0 0 0 0 0 0 0 0 0 0 0 0 0 0 0 0 0 0 0 0 0 0 0 0 0 0 0 0 0 0 0 0 0 0 0 0 0 0 0 0 0 0 0 0 0 0 0 0 0 0 0 0 0 0 0 0 0 0 0 0 0 0 0 0 0 0 0 0 0 0 0 0 0 0 0 0.117117118 0.170131454 0.220826011 0.26212773 0.255797422 0.228302762 0.216140897 0.213665481 0.185973721 0.167460913 0.152520793 0.135422943 0.145653009 0.13729448 0.144602843 0.131236016 0.24417933 0.290854427 1.094335184 2.191755086 -21.69156295 -22.39156912
303.62 0 0 0 0 0 0 0 0 0 0 0 0 0 0 0 0 0 0 0 0 0 0 0 0 0 0 0 0 0 0 0 0 0 0 0 0 0 0 0 0 0 0 0 0 0 0 0 0 0 0 0 0 0 0 0 0 0 0 0 0 0 0 0 0 0 0 0 0 0 0 0 0 0 0 0 0 0 0 0 0 0 0 0 0 0 0 0 0 0 0 0 0 0 0 0.088119092 0.133611932 0.197012181 0.247962294 0.272691931 0.277901484 0.26522672 0.2579655 0.240523019 0.208892599 0.188595925 0.164175895 0.160156801 0.153491576 0.167670208 0.150481939 0.187574953 0.21127661 0.340688963 0.773745289 0.859251705 -4.529962752 -21.6184678
306.85 0 0 0 0 0 0 0 0 0 0 0 0 0 0 0 0 0 0 0 0 0 0 0 0 0 0 0 0 0 0 0 0 0 0 0 0 0 0 0 0 0 0 0 0 0 0 0 0 0 0 0 0 0 0 0 0 0 0 0 0 0 0 0 0 0 0 0 0 0 0 0 0 0 0 0 0 0 0 0 0 0 0 0 0 0 0 0 0 0 0 0 0 0 0.067009755 0.110617223 0.160856028 0.229422233 0.278526683 0.296654034 0.295992272 0.303084232 0.282844319 0.259935322 0.219498208 0.203523928 0.192212431 0.194206863 0.191926974 0.191016508 0.201094049 0.263885249 0.381201955 0.657266242 0.998808982 0.553015288 -14.90133973 19.21908724
310.082 0 0 0 0 0 0 0 0 0 0 0 0 0 0 0 0 0 0 0 0 0 0 0 0 0 0 0 0 0 0 0 0 0 0 0 0 0 0 0 0 0 0 0 0 0 0 0 0 0 0 0 0 0 0 0 0 0 0 0 0 0 0 0 0 0 0 0 0 0 0 0 0 0 0 0 0 0 0 0 0 0 0 0 0 0 0 0 0 0 0 0 0 0.052605827 0.082195554 0.12631291 0.182083253 0.233827406 0.275287573 0.300844136 0.305654835 0.31649273 0.292998834 0.25167315 0.234785054 0.206218192 0.200299728 0.191648297 0.189366675 0.180167745 0.160267229 0.219042347 0.274808107 0.444405295 0.272995944 -0.086501337 8.303255964 -4.217012638
313.316 0 0 0 0 0 0 0 0 0 0 0 0 0 0 0 0 0 0 0 0 0 0 0 0 0 0 0 0 0 0 0 0 0 0 0 0 0 0 0 0 0 0 0 0 0 0 0 0 0 0 0 0 0 0 0 0 0 0 0 0 0 0 0 0 0 0 0 0 0 0 0 0 0 0 0 0 0 0 0 0 0 0 0 0 0 0 0 0 0 0 0 0.0472942 0.071175622 0.10145341 0.139891465 0.204536953 0.248604668 0.281246809 0.317821879 0.334394406 0.322587601 0.306972257 0.266010475 0.237359292 0.215883064 0.199295989 0.204997953 0.202487752 0.206058931 0.193826348 0.239933864 0.314446928 0.396056176 0.307929617 -0.090149554 -11.5086993 -19.72148619
316.553 0 0 0 0 0 0 0 0 0 0 0 0 0 0 0 0 0 0 0 0 0 0 0 0 0 0 0 0 0 0 0 0 0 0 0 0 0 0 0 0 0 0 0 0 0 0 0 0 0 0 0 0 0 0 0 0 0 0 0 0 0 0 0 0 0 0 0 0 0 0 0 0 0 0 0 0 0 0 0 0 0 0 0 0 0 0 0 0 0 0 0.043158418 0.060759302 0.085652794 0.121205034 0.168987173 0.222533474 0.26858148 0.298464568 0.338581915 0.34421929 0.329177105 0.30560647 0.282842898 0.26201005 0.243956535 0.226051702 0.220507823 0.229733851 0.220082287 0.233146558 0.32041457 0.305413588 0.289025433 0.764223381 1.5269552 17.9633136 7.97803771
319.791 0 0 0 0 0 0 0 0 0 0 0 0 0 0 0 0 0 0 0 0 0 0 0 0 0 0 0 0 0 0 0 0 0 0 0 0 0 0 0 0 0 0 0 0 0 0 0 0 0 0 0 0 0 0 0 0 0 0 0 0 0 0 0 0 0 0 0 0 0 0 0 0 0 0 0 0 0 0 0 0 0 0 0 0 0 0 0 0 0 0.038580956 0.059950961 0.082226086 0.10655286 0.143296145 0.195130092 0.237831256 0.277314562 0.326114488 0.355915621 0.35451523 0.335419881 0.31073448 0.283999638 0.260614481 0.23982073 0.243080513 0.253225656 0.240532047 0.237432899 0.254118709 0.248363622 0.34622152 0.435532041 0.80581815 -0.306481503 -7.553853745 31.66350465
323.031 0 0 0 0 0 0 0 0 0 0 0 0 0 0 0 0 0 0 0 0 0 0 0 0 0 0 0 0 0 0 0 0 0 0 0 0 0 0 0 0 0 0 0 0 0 0 0 0 0 0 0 0 0 0 0 0 0 0 0 0 0 0 0 0 0 0 0 0 0 0 0 0 0 0 0 0 0 0 0 0 0 0 0 0 0 0 0 0 0.044222305 0.059644261 0.081596941 0.10596401 0.140189956 0.174728713 0.21704699 0.27020212 0.330686971 0.358912574 0.376155781 0.375252475 0.357286495 0.339923004 0.31078493 0.285192704 0.266644881 0.248327692 0.252092712 0.239335795 0.265861639 0.287228001 0.264993908 0.383347912 0.60245774 0.510582852 -0.36008021 24.17148183 -2.773487481
326.273 0 0 0 0 0 0 0 0 0 0 0 0 0 0 0 0 0 0 0 0 0 0 0 0 0 0 0 0 0 0 0 0 0 0 0 0 0 0 0 0 0 0 0 0 0 0 0 0 0 0 0 0 0 0 0 0 0 0 0 0 0 0 0 0 0 0 0 0 0 0 0 0 0 0 0 0 0 0 0 0 0 0 0 0 0 0 0 0.048583251 0.066438372 0.079461871 0.104678233 0.136813791 0.167447771 0.213635658 0.251137048 0.315612746 0.364852003 0.387616642 0.400998298 0.386544538 0.379767434 0.351243099 0.328338805 0.303048435 0.279143326 0.290142474 0.278054032 0.278268266 0.301761136 0.331802984 0.317452666 0.515027439 0.710082277 0.896174132 0.427163874 10.25559888 -18.07720645
329.517 0 0 0 0 0 0 0 0 0 0 0 0 0 0 0 0 0 0 0 0 0 0 0 0 0 0 0 0 0 0 0 0 0 0 0 0 0 0 0 0 0 0 0 0 0 0 0 0 0 0 0 0 0 0 0 0 0 0 0 0 0 0 0 0 0 0 0 0 0 0 0 0 0 0 0 0 0 0 0 0 0 0 0 0 0 0 0.048737688 0.065035994 0.082101638 0.103912402 0.127268718 0.158505716 0.193559982 0.243150004 0.285684627 0.336624327 0.385459854 0.400038059 0.406934901 0.412327172 0.391180892 0.365267368 0.340568083 0.309247837 0.308153585 0.307770961 0.29512645 0.301740988 0.31786098 0.323848143 0.407373284 0.59051025 0.872407635 0.990790692 2.405990836 10.03682531 22.12076486
332.763 0 0 0 0 0 0 0 0 0 0 0 0 0 0 0 0 0 0 0 0 0 0 0 0 0 0 0 0 0 0 0 0 0 0 0 0 0 0 0 0 0 0 0 0 0 0 0 0 0 0 0 0 0 0 0 0 0 0 0 0 0 0 0 0 0 0 0 0 0 0 0 0 0 0 0 0 0 0 0 0 0 0 0 0 0 0.051143986 0.066175404 0.084281759 0.105206021 0.13059975 0.153593071 0.191228259 0.211226992 0.259482094 0.322444516 0.36542068 0.403742393 0.412547608 0.419306175 0.398925026 0.407326194 0.377717577 0.358242415 0.329042108 0.324595812 0.316397474 0.325047718 0.342472962 0.365731055 0.435795212 0.436415694 0.695338034 0.844513326 2.121521584 0.384094607 -16.37398933 7.742676544
336.011 0 0 0 0 0 0 0 0 0 0 0 0 0 0 0 0 0 0 0 0 0 0 0 0 0 0 0 0 0 0 0 0 0 0 0 0 0 0 0 0 0 0 0 0 0 0 0 0 0 0 0 0 0 0 0 0 0 0 0 0 0 0 0 0 0 0 0 0 0 0 0 0 0 0 0 0 0 0 0 0 0 0 0 0 0.048975156 0.066326379 0.085674746 0.107889858 0.131196067 0.153635349 0.175690344 0.20943487 0.243927957 0.299364979 0.345233647 0.389250327 0.422132342 0.437721292 0.434799655 0.428306549 0.410149395 0.383795488 0.368816893 0.360438107 0.359570199 0.332794753 0.350628549 0.352741081 0.406502484 0.429776834 0.451605933 0.572408268 1.00874753 1.608727724 1.398207966 10.55749562 7.226492396
339.261 0 0 0 0 0 0 0 0 0 0 0 0 0 0 0 0 0 0 0 0 0 0 0 0 0 0 0 0 0 0 0 0 0 0 0 0 0 0 0 0 0 0 0 0 0 0 0 0 0 0 0 0 0 0 0 0 0 0 0 0 0 0 0 0 0 0 0 0 0 0 0 0 0 0 0 0 0 0 0 0 0 0 0 0.049058981 0.065923716 0.086591695 0.105894929 0.128073724 0.154479773 0.182146971 0.205732723 0.236417277 0.282455047 0.331625871 0.378210673 0.421144814 0.43689398 0.453587965 0.461463993 0.456405845 0.431185767 0.415679741 0.382016438 0.364503944 0.375031233 0.378484897 0.378326872 0.398143971 0.455274519 0.487783959 0.625192556 0.736367715 0.814534191 1.608301626 1.284837362 -16.16006034 -24.44111545
342.512 0 0 0 0 0 0 0 0 0 0 0 0 0 0 0 0 0 0 0 0 0 0 0 0 0 0 0 0 0 0 0 0 0 0 0 0 0 0 0 0 0 0 0 0 0 0 0 0 0 0 0 0 0 0 0 0 0 0 0 0 0 0 0 0 0 0 0 0 0 0 0 0 0 0 0 0 0 0 0 0 0 0 0.052211643 0.066303079 0.086282095 0.106862189 0.12785977 0.156727353 0.182454827 0.207819603 0.235502562 0.271868821 0.318457146 0.364473481 0.404553495 0.441123588 0.461267415 0.475146441 0.475866508 0.456604281 0.446403306 0.428659827 0.414690935 0.407127064 0.387233965 0.401018751 0.409055124 0.451465769 0.501602647 0.552929184 0.619065325 0.80048445 0.956618387 1.792577052 3.656609188 -14.40789265 -23.06926166
345.766 0 0 0 0 0 0 0 0 0 0 0 0 0 0 0 0 0 0 0 0 0 0 0 0 0 0 0 0 0 0 0 0 0 0 0 0 0 0 0 0 0 0 0 0 0 0 0 0 0 0 0 0 0 0 0 0 0 0 0 0 0 0 0 0 0 0 0 0 0 0 0 0 0 0 0 0 0 0 0 0 0 0.057785562 0.071443455 0.091330914 0.10687135 0.13648886 0.161718246 0.188139028 0.21309157 0.239508354 0.271531698 0.308142153 0.344911603 0.392558125 0.434241143 0.466658447 0.478789246 0.486746607 0.490425852 0.465886502 0.461128644 0.458454087 0.444946461 0.437849318 0.420562231 0.445214664 0.458547138 0.524002016 0.585606218 0.69729263 0.707314658 0.881559166 1.457586313 2.049734135 0.463934294 -13.89956883 -9.338875914
349.021 0 0 0 0 0 0 0 0 0 0 0 0 0 0 0 0 0 0 0 0 0 0 0 0 0 0 0 0 0 0 0 0 0 0 0 0 0 0 0 0 0 0 0 0 0 0 0 0 0 0 0 0 0 0 0 0 0 0 0 0 0 0 0 0 0 0 0 0 0 0 0 0 0 0 0 0 0 0 0 0 0.057353982 0.073798693 0.093982397 0.111615468 0.139452675 0.162914427 0.188069201 0.214513915 0.244221698 0.268783394 0.305518017 0.348529584 0.381437749 0.42292943 0.458609586 0.488867894 0.497562744 0.505176349 0.498984911 0.486408427 0.485466874 0.472073574 0.466327548 0.472690027 0.464381029 0.501315622 0.541612475 0.595121907 0.653258524 0.741147012 0.822364653 0.985467826 1.017080743 1.393060625 2.248221864 -14.46538885 2.061672633
352.278 0 0 0 0 0 0 0 0 0 0 0 0 0 0 0 0 0 0 0 0 0 0 0 0 0 0 0 0 0 0 0 0 0 0 0 0 0 0 0 0 0 0 0 0 0 0 0 0 0 0 0 0 0 0 0 0 0 0 0 0 0 0 0 0 0 0 0 0 0 0 0 0 0 0 0 0 0 0 0 0.058597679 0.073153416 0.093755748 0.117227158 0.138794892 0.166532875 0.192919146 0.219868112 0.247245989 0.273920348 0.312595323 0.349395493 0.37985813 0.410945885 0.449214541 0.479256542 0.511460961 0.521202128 0.524537872 0.519541755 0.509651494 0.504856862 0.498184458 0.497267388 0.502794995 0.494506663 0.545837862 0.582085994 0.652343871 0.744428005 0.848080965 0.935940215 1.082856405 1.45705824 1.795462102 -0.025783691 -14.90364413 -4.559091098
355.537 0 0 0 0 0 0 0 0 0 0 0 0 0 0 0 0 0 0 0 0 0 0 0 0 0 0 0 0 0 0 0 0 0 0 0 0 0 0 0 0 0 0 0 0 0 0 0 0 0 0 0 0 0 0 0 0 0 0 0 0 0 0 0 0 0 0 0 0 0 0 0 0 0 0 0 0 0 0 0.062500771 0.08145285 0.098180239 0.120627542 0.144924182 0.171683577 0.201713666 0.22695352 0.251155331 0.286290424 0.318941075 0.353472844 0.38442978 0.418372984 0.457335281 0.484526815 0.509560898 0.537631733 0.547800121 0.54073086 0.543652638 0.539469352 0.541649465 0.54154577 0.540111276 0.548364562 0.579167997 0.611998266 0.637835137 0.714848677 0.830950503 0.966030107 1.023908842 1.158107385 1.460280156 2.434671891 4.540280388 -30.4075922 12.30520685
358.798 0 0 0 0 0 0 0 0 0 0 0 0 0 0 0 0 0 0 0 0 0 0 0 0 0 0 0 0 0 0 0 0 0 0 0 0 0 0 0 0 0 0 0 0 0 0 0 0 0 0 0 0 0 0 0 0 0 0 0 0 0 0 0 0 0 0 0 0 0 0 0 0 0 0 0 0 0 0.057236785 0.081568009 0.095938675 0.12356884 0.150510509 0.174755374 0.201642297 0.234371431 0.256917673 0.286034002 0.322112023 0.34880781 0.387357906 0.414664579 0.44698141 0.481608877 0.51109543 0.544563851 0.552417013 0.567797526 0.577074135 0.563589312 0.558088044 0.554620989 0.57717177 0.594493059 0.615633627 0.632756011 0.687291924 0.728811737 0.781007455 0.911576764 0.930477645 1.066662895 1.130088901 1.361145274 1.220919061 0.328338178 -1.418068673 -16.09800309
362.061 0 0 0 0 0 0 0 0 0 0 0 0 0 0 0 0 0 0 0 0 0 0 0 0 0 0 0 0 0 0 0 0 0 0 0 0 0 0 0 0 0 0 0 0 0 0 0 0 0 0 0 0 0 0 0 0 0 0 0 0 0 0 0 0 0 0 0 0 0 0 0 0 0 0 0 0 0.057310571 0.076305205 0.098477912 0.121796308 0.152240372 0.178227665 0.206907401 0.23172909 0.262466977 0.295089866 0.324714376 0.355682841 0.389524932 0.418255429 0.447628826 0.483602666 0.509269692 0.539015189 0.565451493 0.580098144 0.594259776 0.597059222 0.601744229 0.59338538 0.610419019 0.623290249 0.627319339 0.66395576 0.692607721 0.719344345 0.80799801 0.876652006 0.965663554 1.032090955 1.136575567 1.418085584 1.948985057 1.893668839 4.986525519 -11.2092091 2.305461142
365.325 0 0 0 0 0 0 0 0 0 0 0 0 0 0 0 0 0 0 0 0 0 0 0 0 0 0 0 0 0 0 0 0 0 0 0 0 0 0 0 0 0 0 0 0 0 0 0 0 0 0 0 0 0 0 0 0 0 0 0 0 0 0 0 0 0 0 0 0 0 0 0 0 0 0 0 0.052160262 0.07003339 0.094735108 0.119878228 0.150726269 0.181337103 0.208762668 0.240111315 0.268713865 0.291073043 0.328573766 0.359301767 0.389006564 0.41289052 0.446630949 0.479702624 0.508076517 0.535313384 0.56106409 0.593407098 0.602056343 0.606611314 0.600797178 0.600388237 0.59617432 0.614290385 0.64345421 0.676858817 0.712141029 0.722971083 0.777849876 0.848015698 0.94029277 0.989131089 1.081162077 1.133595619 1.303772735 1.236606058 1.294721175 0.118887 -1.000222411 10.61395863
368.591 0 0 0 0 0 0 0 0 0 0 0 0 0 0 0 0 0 0 0 0 0 0 0 0 0 0 0 0 0 0 0 0 0 0 0 0 0 0 0 0 0 0 0 0 0 0 0 0 0 0 0 0 0 0 0 0 0 0 0 0 0 0 0 0 0 0 0 0 0 0 0 0 0 0 0.051059875 0.070716136 0.091323808 0.117647694 0.143788658 0.178981381 0.215306189 0.249860228 0.270379936 0.302966389 0.335133909 0.363054488 0.40212859 0.426299972 0.452867649 0.481948062 0.51851725 0.54178413 0.574210432 0.595135358 0.611794995 0.626185691 0.630667958 0.629943833 0.606074064 0.633525464 0.659224069 0.694813353 0.703898201 0.749382373 0.792113039 0.816456317 0.916940631 0.981566406 1.086408771 1.171658067 1.229731018 1.471462475 1.496618983 2.015586041 3.056207058 -0.549005333 34.85964012
371.859 0 0 0 0 0 0 0 0 0 0 0 0 0 0 0 0 0 0 0 0 0 0 0 0 0 0 0 0 0 0 0 0 0 0 0 0 0 0 0 0 0 0 0 0 0 0 0 0 0 0 0 0 0 0 0 0 0 0 0 0 0 0 0 0 0 0 0 0 0 0 0 0 0 0.047607686 0.065102887 0.089482195 0.10990937 0.141759508 0.17688789 0.210321219 0.243098435 0.275020671 0.31043968 0.346497621 0.371965739 0.405062004 0.444229641 0.463716317 0.496103886 0.523740232 0.548782762 0.575571844 0.597813596 0.617811152 0.642340574 0.648433623 0.653231269 0.64851836 0.649453063 0.665025585 0.673430535 0.703525682 0.737873685 0.775672623 0.829785312 0.899218678 0.952599108 1.069805334 1.155305005 1.233512319 1.302414697 1.427549557 1.374750058 1.729083213 3.066184091 7.384865377 -2.573461074
375.128 0 0 0 0 0 0 0 0 0 0 0 0 0 0 0 0 0 0 0 0 0 0 0 0 0 0 0 0 0 0 0 0 0 0 0 0 0 0 0 0 0 0 0 0 0 0 0 0 0 0 0 0 0 0 0 0 0 0 0 0 0 0 0 0 0 0 0 0 0 0 0 0 0.044176304 0.062042356 0.085697865 0.110940314 0.142167172 0.173835258 0.207472429 0.244702965 0.284125322 0.315512046 0.356467371 0.388154103 0.42039458 0.450778572 0.484798187 0.513985658 0.538954913 0.563033432 0.592685966 0.612371351 0.643263288 0.656231599 0.667242677 0.676973725 0.680511183 0.687067114 0.684219541 0.696198966 0.705656415 0.751182593 0.780034089 0.82565075 0.877574937 0.950870107 1.027413811 1.142605124 1.232337097 1.273368742 1.44303245 1.397603134 1.453882821 2.398411755 4.558931695 -45.64321399 -57.83868364
378.399 0 0 0 0 0 0 0 0 0 0 0 0 0 0 0 0 0 0 0 0 0 0 0 0 0 0 0 0 0 0 0 0 0 0 0 0 0 0 0 0 0 0 0 0 0 0 0 0 0 0 0 0 0 0 0 0 0 0 0 0 0 0 0 0 0 0 0 0 0 0 0 0.043299809 0.059813552 0.07951875 0.10500373 0.134495658 0.16828334 0.202758455 0.241904919 0.283603196 0.314458544 0.351862062 0.389446661 0.419494669 0.458701636 0.482246644 0.513140391 0.541774808 0.567309435 0.594345167 0.614987702 0.644459326 0.663492297 0.681165945 0.680576517 0.686855766 0.691026921 0.693255145 0.702567978 0.716302038 0.740234568 0.77392558 0.803673195 0.854791551 0.915848544 0.967554873 1.080005233 1.184117478 1.233998885 1.294950156 1.324165596 1.460467954 1.555796288 1.93758123 2.148877044 -12.35117229 8.647120888
381.672 0 0 0 0 0 0 0 0 0 0 0 0 0 0 0 0 0 0 0 0 0 0 0 0 0 0 0 0 0 0 0 0 0 0 0 0 0 0 0 0 0 0 0 0 0 0 0 0 0 0 0 0 0 0 0 0 0 0 0 0 0 0 0 0 0 0 0 0 0 0 0.038645969 0.058269813 0.078171386 0.101504077 0.129308723 0.160263413 0.201855031 0.234800371 0.280742511 0.321543579 0.362130852 0.394272819 0.423965886 0.462155607 0.495056134 0.52680736 0.548637883 0.579445691 0.604594379 0.625955417 0.654067977 0.667316952 0.687211087 0.694294162 0.703492382 0.704358314 0.709060108 0.707491407 0.717533709 0.734052429 0.763764339 0.801887005 0.842448599 0.90795198 0.942830443 1.019420033 1.146625282 1.205008169 1.266850797 1.321307063 1.404445825 1.441093731 1.780521249 1.20531933 1.802968619 -19.64701687 -22.65479636
384.947 0 0 0 0 0 0 0 0 0 0 0 0 0 0 0 0 0 0 0 0 0 0 0 0 0 0 0 0 0 0 0 0 0 0 0 0 0 0 0 0 0 0 0 0 0 0 0 0 0 0 0 0 0 0 0 0 0 0 0 0 0 0 0 0 0 0 0 0 0 0.042006389 0.056678212 0.073625782 0.09768278 0.126430921 0.156884049 0.191519943 0.228978469 0.269749209 0.315914417 0.3560083 0.399225398 0.436667879 0.468861986 0.499593651 0.528860771 0.553994527 0.584452252 0.621255605 0.638493791 0.65691596 0.676301934 0.697384318 0.715688679 0.723425653 0.732441982 0.724075042 0.733869892 0.7373932 0.747530418 0.753255249 0.779306963 0.814460634 0.860590746 0.914961201 0.996942012 1.048994326 1.18607615 1.259547493 1.372984999 1.456356597 1.499628309 1.54004687 1.656523897 1.680390854 2.861183666 -35.53257066 20.49328765
388.223 0 0 0 0 0 0 0 0 0 0 0 0 0 0 0 0 0 0 0 0 0 0 0 0 0 0 0 0 0 0 0 0 0 0 0 0 0 0 0 0 0 0 0 0 0 0 0 0 0 0 0 0 0 0 0 0 0 0 0 0 0 0 0 0 0 0 0 0 0.038632809 0.0496763 0.064958036 0.090150674 0.113675447 0.144951288 0.178613935 0.222193031 0.260006626 0.30158079 0.34627539 0.383631103 0.422040682 0.465408559 0.496434049 0.531516285 0.555373763 0.589350172 0.605064135 0.644558593 0.661528169 0.678678331 0.698834378 0.709842623 0.716330009 0.724415668 0.730622164 0.732215445 0.732549486 0.731917202 0.742045678 0.760610805 0.787464926 0.828594041 0.858449304 0.943559016 0.994373321 1.092210801 1.182229735 1.279094731 1.338751279 1.438663581 1.469200356 1.453827727 1.509967492 1.712659305 1.265703654 -14.31852946 -12.78973335
391.5 0 0 0 0 0 0 0 0 0 0 0 0 0 0 0 0 0 0 0 0 0 0 0 0 0 0 0 0 0 0 0 0 0 0 0 0 0 0 0 0 0 0 0 0 0 0 0 0 0 0 0 0 0 0 0 0 0 0 0 0 0 0 0 0 0 0 0 0.036079396 0.048392679 0.066099152 0.086069623 0.111186206 0.137498925 0.168925843 0.205465273 0.242235343 0.280979371 0.326139786 0.375321973 0.406081988 0.45056054 0.492936462 0.521926918 0.547385142 0.574113801 0.61057144 0.624913315 0.651403181 0.671227818 0.695188714 0.706226958 0.719673987 0.729452995 0.724666431 0.732166468 0.725748919 0.736116376 0.737011418 0.734064453 0.747715364 0.78401041 0.826342262 0.880880629 0.940710802 1.007343006 1.099368097 1.168798295 1.283139217 1.328315637 1.362521855 1.454481174 1.459721842 1.678518351 2.246111605 2.300258856 -23.43781341 -29.03621842
394.78 0 0 0 0 0 0 0 0 0 0 0 0 0 0 0 0 0 0 0 0 0 0 0 0 0 0 0 0 0 0 0 0 0 0 0 0 0 0 0 0 0 0 0 0 0 0 0 0 0 0 0 0 0 0 0 0 0 0 0 0 0 0 0 0 0 0 0.038029368 0.049352644 0.063530087 0.083946679 0.106049493 0.130333514 0.163292978 0.194593285 0.235110849 0.273031733 0.318806112 0.361692791 0.399420868 0.445834902 0.480612854 0.518472346 0.553411241 0.578907207 0.606959428 0.634058651 0.649644837 0.676832299 0.699517255 0.708799034 0.728089807 0.739655888 0.742498562 0.742564603 0.741862614 0.73782783 0.745022024 0.7416954 0.749365293 0.758591479 0.798837221 0.85114542 0.882366105 0.965217693 1.046989005 1.147822308 1.237142313 1.337174971 1.413416091 1.490175994 1.492287586 1.582115257 1.843943366 1.643446422 1.551629529 -1.198774506 -34.40644815
398.061 0 0 0 0 0 0 0 0 0 0 0 0 0 0 0 0 0 0 0 0 0 0 0 0 0 0 0 0 0 0 0 0 0 0 0 0 0 0 0 0 0 0 0 0 0 0 0 0 0 0 0 0 0 0 0 0 0 0 0 0 0 0 0 0 0 0.036466325 0.049244742 0.062077216 0.07749388 0.097957804 0.127034584 0.151697596 0.185593231 0.220937753 0.261987867 0.2943563 0.340511191 0.385141477 0.434790705 0.466783022 0.505279292 0.538980795 0.569131908 0.608143695 0.61955644 0.645686275 0.66713869 0.687534648 0.709108413 0.721341772 0.743412328 0.739057392 0.753331919 0.753685147 0.743272269 0.746737893 0.73327098 0.751199658 0.740283556 0.769657402 0.791155869 0.84461581 0.887421615 0.96814581 1.04198466 1.177361504 1.242213609 1.332230649 1.437239357 1.450223703 1.56414721 1.555853985 1.667619818 2.234075132 2.83260953 -40.65276907 -11.54763806
401.343 0 0 0 0 0 0 0 0 0 0 0 0 0 0 0 0 0 0 0 0 0 0 0 0 0 0 0 0 0 0 0 0 0 0 0 0 0 0 0 0 0 0 0 0 0 0 0 0 0 0 0 0 0 0 0 0 0 0 0 0 0 0 0 0 0.035670192 0.047250642 0.058325713 0.076100792 0.09369171 0.118453952 0.143153764 0.176188821 0.208251588 0.242829589 0.279735994 0.325653107 0.363590168 0.40882545 0.446465698 0.484180716 0.524453712 0.554899925 0.586719955 0.612495261 0.632983161 0.65867385 0.676197707 0.692985946 0.712759591 0.735071578 0.739014563 0.754220272 0.746625829 0.743351749 0.745299558 0.731322543 0.73614247 0.743489169 0.743953596 0.762545067 0.798739579 0.838484111 0.913953801 0.985167075 1.061701944 1.149521412 1.249913699 1.309326932 1.403753109 1.446491618 1.594760965 1.644144049 1.784992997 1.307197107 2.062816089 -24.56477094 18.00499261
404.627 0 0 0 0 0 0 0 0 0 0 0 0 0 0 0 0 0 0 0 0 0 0 0 0 0 0 0 0 0 0 0 0 0 0 0 0 0 0 0 0 0 0 0 0 0 0 0 0 0 0 0 0 0 0 0 0 0 0 0 0 0 0 0 0.031761392 0.039236464 0.053667895 0.07074541 0.089088035 0.111462476 0.136911201 0.166292113 0.195181901 0.22871489 0.267099745 0.309445838 0.344923989 0.384672292 0.429209346 0.470307751 0.508059817 0.541453192 0.570866557 0.603062935 0.624144071 0.645161261 0.674542948 0.691975648 0.714165337 0.726720066 0.74475608 0.751832967 0.752182828 0.758336942 0.742310306 0.739668823 0.742046426 0.735925298 0.74312192 0.743278096 0.757669281 0.792088711 0.853831289 0.890252686 0.968444125 1.073397166 1.152166658 1.240408842 1.341413527 1.432370977 1.420126894 1.496005741 1.564800684 1.650895772 2.288168349 2.648870324 -34.66755641 -60.87948184
407.912 0 0 0 0 0 0 0 0 0 0 0 0 0 0 0 0 0 0 0 0 0 0 0 0 0 0 0 0 0 0 0 0 0 0 0 0 0 0 0 0 0 0 0 0 0 0 0 0 0 0 0 0 0 0 0 0 0 0 0 0 0 0 0.030861975 0.041560637 0.054931747 0.070410203 0.087309263 0.107438871 0.131743734 0.15886394 0.189444637 0.215768683 0.253816055 0.293286467 0.325522485 0.370705869 0.411147731 0.447875667 0.493218054 0.526308132 0.566047826 0.590492032 0.616265357 0.641898529 0.658209722 0.677854645 0.695106502 0.715632985 0.738454072 0.739390904 0.757268013 0.741987797 0.750159968 0.744375125 0.750045108 0.730272246 0.738535338 0.740678865 0.741770926 0.764862523 0.80069558 0.846679337 0.922938622 0.991514344 1.06992118 1.192448642 1.270165998 1.347216339 1.420085111 1.511067285 1.536886909 1.694270127 1.811270124 1.763344857 3.319409627 -6.263348751 -24.02584171
411.2 0 0 0 0 0 0 0 0 0 0 0 0 0 0 0 0 0 0 0 0 0 0 0 0 0 0 0 0 0 0 0 0 0 0 0 0 0 0 0 0 0 0 0 0 0 0 0 0 0 0 0 0 0 0 0 0 0 0 0 0 0 0.03102399 0.040502698 0.051854931 0.064815716 0.081538287 0.098698767 0.120672359 0.146595921 0.172080959 0.203731553 0.238541625 0.275584863 0.313335751 0.34603354 0.385872744 0.42481803 0.467719183 0.506811664 0.539477973 0.568419513 0.598239965 0.618820146 0.641027394 0.662736951 0.686648394 0.697073306 0.711211191 0.731852352 0.747487349 0.748158718 0.748439151 0.745208408 0.73287922 0.730976765 0.729641452 0.712515241 0.727080492 0.738768385 0.762986056 0.789767214 0.83750588 0.90257367 0.992696451 1.045341657 1.173220507 1.273796768 1.304805335 1.416080008 1.394938504 1.529913444 1.52318834 1.780902004 1.928913943 4.598111725 -37.37927322 -24.69768734
414.488 0 0 0 0 0 0 0 0 0 0 0 0 0 0 0 0 0 0 0 0 0 0 0 0 0 0 0 0 0 0 0 0 0 0 0 0 0 0 0 0 0 0 0 0 0 0 0 0 0 0 0 0 0 0 0 0 0 0 0 0 0.030727669 0.03798745 0.050103085 0.063007764 0.078227059 0.094953989 0.11803641 0.140483472 0.164048202 0.198159981 0.226740784 0.264578602 0.296718731 0.331824085 0.366416805 0.405771002 0.438949017 0.479180466 0.519062302 0.550599258 0.581361773 0.603210579 0.633343725 0.640376665 0.669262365 0.687030094 0.699544702 0.717816195 0.724817481 0.743018935 0.738747017 0.740203655 0.735595819 0.721722613 0.729902321 0.714229081 0.712452634 0.726845632 0.72546262 0.747920066 0.790586537 0.836232386 0.903282368 0.992595413 1.085116357 1.176122491 1.262208557 1.330866754 1.427109871 1.500389736 1.555631284 1.63128084 1.941637557 2.019368573 5.562341249 -13.82087564 26.86625986
417.778 0 0 0 0 0 0 0 0 0 0 0 0 0 0 0 0 0 0 0 0 0 0 0 0 0 0 0 0 0 0 0 0 0 0 0 0 0 0 0 0 0 0 0 0 0 0 0 0 0 0 0 0 0 0 0 0 0 0 0 0.028372292 0.035868053 0.04833259 0.059102277 0.074995112 0.089341101 0.109921382 0.133711514 0.157672613 0.180520052 0.208832363 0.247465736 0.279471932 0.310181833 0.350408572 0.384329904 0.420289291 0.452392112 0.491904602 0.525112156 0.561668638 0.583109534 0.606763013 0.625878503 0.646084444 0.667693621 0.673237323 0.687223803 0.713101991 0.718519087 0.729299634 0.733059703 0.727318134 0.724954414 0.717738255 0.715907148 0.703391544 0.710255625 0.705838174 0.715441916 0.748589051 0.79131635 0.834700822 0.901473555 0.982626579 1.084256023 1.180635026 1.242532587 1.340386995 1.387718307 1.452573066 1.53171883 1.671838537 2.080205067 3.588290803 6.270386776 -50.27497283 11.22663826
421.069 0 0 0 0 0 0 0 0 0 0 0 0 0 0 0 0 0 0 0 0 0 0 0 0 0 0 0 0 0 0 0 0 0 0 0 0 0 0 0 0 0 0 0 0 0 0 0 0 0 0 0 0 0 0 0 0 0 0 0.021843507 0.031105021 0.041217543 0.052474981 0.067523526 0.082584893 0.102008918 0.119979322 0.142960441 0.169800673 0.194984946 0.227767608 0.254207942 0.289740037 0.325717262 0.363089656 0.394967828 0.427039291 0.462485558 0.490633656 0.527063166 0.551961587 0.580622315 0.611060503 0.625365581 0.637749616 0.653423564 0.670921699 0.680484133 0.699826304 0.707534161 0.719331048 0.716449296 0.716824544 0.703251325 0.697419334 0.699196264 0.690235032 0.69035351 0.699220477 0.705187426 0.725459727 0.769241812 0.838286567 0.882015179 0.958734441 1.074785006 1.147961577 1.252826798 1.308045393 1.358893396 1.406950505 1.48719985 1.613300963 1.64798496 2.561044249 2.246844682 -4.311752545 9.729180454
424.362 0 0 0 0 0 0 0 0 0 0 0 0 0 0 0 0 0 0 0 0 0 0 0 0 0 0 0 0 0 0 0 0 0 0 0 0 0 0 0 0 0 0 0 0 0 0 0 0 0 0 0 0 0 0 0 0 0 0.026474718 0.033748352 0.040859022 0.052430437 0.069203328 0.080285715 0.098132328 0.113810057 0.136545829 0.161903237 0.186472558 0.213821061 0.243597633 0.272601673 0.30911341 0.340788945 0.374973207 0.406957032 0.438450934 0.472729031 0.505728927 0.526102507 0.558503331 0.58343747 0.598212396 0.621924402 0.632679662 0.652196372 0.659925014 0.673078907 0.692915488 0.702756514 0.704753589 0.709828499 0.705363451 0.698249003 0.696836833 0.691736266 0.694613963 0.688325513 0.679223176 0.699077074 0.729953135 0.763670627 0.824885344 0.884001238 0.978962494 1.080484728 1.161197706 1.224867595 1.309050249 1.376215432 1.43800011 1.452583959 1.633415705 1.731629832 2.697528305 5.1362933 -23.28256041 0
427.657 0 0 0 0 0 0 0 0 0 0 0 0 0 0 0 0 0 0 0 0 0 0 0 0 0 0 0 0 0 0 0 0 0 0 0 0 0 0 0 0 0 0 0 0 0 0 0 0 0 0 0 0 0 0 0 0 0.023130011 0.028883515 0.039131516 0.044358895 0.058039469 0.071940897 0.085760825 0.106094868 0.124691865 0.145387827 0.17300876 0.201605624 0.224600896 0.255187514 0.288435033 0.320485494 0.352596494 0.384640192 0.421657138 0.445610489 0.477464119 0.503312363 0.53570869 0.554005048 0.578473778 0.597342648 0.612165358 0.618527377 0.639520943 0.649168271 0.658245859 0.671579202 0.684932852 0.690194166 0.68895382 0.681190284 0.683597449 0.674096898 0.674328922 0.667108436 0.664014675 0.667541625 0.685441915 0.716640004 0.757995281 0.821341186 0.878849843 0.967942576 1.048209858 1.14940264 1.196403062 1.25439781 1.315424196 1.414836392 1.446005497 1.529827111 1.530096593 2.344804747 3.175260843 -31.78510063 0
430.952 0 0 0 0 0 0 0 0 0 0 0 0 0 0 0 0 0 0 0 0 0 0 0 0 0 0 0 0 0 0 0 0 0 0 0 0 0 0 0 0 0 0 0 0 0 0 0 0 0 0 0 0 0 0 0 0.020252282 0.026111209 0.031842954 0.040266717 0.051176901 0.065939771 0.080341363 0.095718172 0.111384962 0.136661949 0.16035873 0.182454625 0.210364362 0.24097463 0.264681508 0.301849168 0.328552225 0.364924942 0.394878411 0.421990244 0.449465923 0.47667859 0.503319677 0.525318408 0.557974489 0.574112969 0.593939548 0.603689081 0.610949832 0.625596523 0.637119451 0.644878612 0.65618353 0.66776523 0.680087454 0.683049688 0.673908426 0.672922094 0.655120891 0.657441479 0.657939079 0.662024337 0.668517581 0.668930766 0.711815578 0.74535079 0.797671435 0.873117695 0.955939471 1.061552518 1.126489324 1.17692561 1.268815231 1.264843873 1.302285115 1.346951956 1.54210367 1.851067108 1.731938389 2.213559127 0 0
434.249 0 0 0 0 0 0 0 0 0 0 0 0 0 0 0 0 0 0 0 0 0 0 0 0 0 0 0 0 0 0 0 0 0 0 0 0 0 0 0 0 0 0 0 0 0 0 0 0 0 0 0 0 0 0 0.022387365 0.027715087 0.033802119 0.041260136 0.050731807 0.063746761 0.074063697 0.091139153 0.106644976 0.127108552 0.148941626 0.174262165 0.19848061 0.224341753 0.249640671 0.28396913 0.314370543 0.346979541 0.37707348 0.400968241 0.430401486 0.459345437 0.482421211 0.505276195 0.533190755 0.550526185 0.571382049 0.586618531 0.594559383 0.606865398 0.622067563 0.628365108 0.644198034 0.652815446 0.66118835 0.663125357 0.67072806 0.665164328 0.662829024 0.659785973 0.650288358 0.653166308 0.640584558 0.660467397 0.679388067 0.698131555 0.746162254 0.806459018 0.867577047 0.952051348 1.043586158 1.115608671 1.202868773 1.256744391 1.290119657 1.322544704 1.386322784 1.334855409 1.704917863 1.907414776 4.685151716 0 0
437.548 0 0 0 0 0 0 0 0 0 0 0 0 0 0 0 0 0 0 0 0 0 0 0 0 0 0 0 0 0 0 0 0 0 0 0 0 0 0 0 0 0 0 0 0 0 0 0 0 0 0 0 0 0 0.022519077 0.027113938 0.035989199 0.040479234 0.049445026 0.059604587 0.073481565 0.083760153 0.105389631 0.116804282 0.140521427 0.160014998 0.188077121 0.205135255 0.234208982 0.261057381 0.296680684 0.320772127 0.348868811 0.380667998 0.413952041 0.441563339 0.461677587 0.485088789 0.508470773 0.532198402 0.552141519 0.567754251 0.584243019 0.59328896 0.601863989 0.611946191 0.621570279 0.630476086 0.637429935 0.650057211 0.65448168 0.657625082 0.645328911 0.64228395 0.641160323 0.635241497 0.639106593 0.645230928 0.652510752 0.672173015 0.701568492 0.751906068 0.794747013 0.866487628 0.959289791 1.024270929 1.105688209 1.199354436 1.238626525 1.303860139 1.330246974 1.38498855 1.497023241 1.845020161 2.57546956 0 0 0
440.848 0 0 0 0 0 0 0 0 0 0 0 0 0 0 0 0 0 0 0 0 0 0 0 0 0 0 0 0 0 0 0 0 0 0 0 0 0 0 0 0 0 0 0 0 0 0 0 0 0 0 0 0 0.017149288 0.022850455 0.030382637 0.035580354 0.044964111 0.052489984 0.065533795 0.074675234 0.092029203 0.106828866 0.128903152 0.145812831 0.167777787 0.188455387 0.220014127 0.24551856 0.270499732 0.303207597 0.329003922 0.357425052 0.386092673 0.418001316 0.43551067 0.464146348 0.478520057 0.501429304 0.528832295 0.540491941 0.560629317 0.569587621 0.576305272 0.586075017 0.599261111 0.604510091 0.617843963 0.628674197 0.636329943 0.637205013 0.629047734 0.640755772 0.634038618 0.624741383 0.633591155 0.622781854 0.624394129 0.642093876 0.658636076 0.692046486 0.737578606 0.791424667 0.858742845 0.936546865 1.03328355 1.093676863 1.151103439 1.200106473 1.228364543 1.23263475 1.303037484 1.345830618 1.393431625 1.438766364 0 0 0
444.149 0 0 0 0 0 0 0 0 0 0 0 0 0 0 0 0 0 0 0 0 0 0 0 0 0 0 0 0 0 0 0 0 0 0 0 0 0 0 0 0 0 0 0 0 0 0 0 0 0 0 0 0.018519807 0.021677845 0.028726281 0.033987214 0.040839623 0.048723361 0.054823216 0.069731038 0.083231151 0.100509987 0.115589433 0.1355251 0.154737889 0.177732942 0.204161142 0.225415796 0.25371703 0.282235663 0.310562192 0.339093688 0.361725182 0.387794328 0.417541558 0.436537869 0.457803965 0.47783383 0.500587408 0.512383294 0.532031852 0.544930316 0.552320964 0.564828025 0.575242443 0.581597589 0.588188361 0.598583435 0.608856491 0.61010884 0.616447769 0.621949784 0.620223029 0.609478838 0.609981134 0.605304231 0.604001864 0.614365305 0.617695013 0.648939558 0.675104624 0.723010271 0.782556477 0.863064751 0.934742053 0.995608164 1.076564816 1.133486463 1.174336774 1.229628058 1.186025173 1.256031398 1.355884354 1.46905379 0 0 0 0
447.451 0 0 0 0 0 0 0 0 0 0 0 0 0 0 0 0 0 0 0 0 0 0 0 0 0 0 0 0 0 0 0 0 0 0 0 0 0 0 0 0 0 0 0 0 0 0 0 0 0 0 0.016816599 0.022187181 0.027017842 0.03407197 0.039050056 0.047677338 0.059316742 0.065810325 0.078217583 0.092036587 0.106412709 0.123706182 0.145494507 0.164598371 0.180621305 0.208259569 0.233126495 0.255456927 0.288417992 0.318591191 0.339797058 0.36376714 0.394953707 0.412268839 0.430054253 0.451769825 0.473079496 0.494403147 0.50910868 0.521666595 0.534038148 0.543856164 0.552195202 0.559346483 0.563398896 0.579361783 0.585402009 0.589544703 0.596888613 0.604545173 0.607338232 0.593725342 0.596823128 0.584690187 0.587397961 0.594556927 0.599821441 0.607396633 0.63898352 0.670512288 0.709454864 0.781213115 0.853264381 0.930758094 0.988833759 1.042334711 1.101271583 1.132472135 1.166345881 1.193421272 1.263223251 1.222957237 1.465752948 0 0 0 0
450.755 0 0 0 0 0 0 0 0 0 0 0 0 0 0 0 0 0 0 0 0 0 0 0 0 0 0 0 0 0 0 0 0 0 0 0 0 0 0 0 0 0 0 0 0 0 0 0 0 0 0.015109133 0.017318751 0.02429011 0.03019207 0.035932137 0.043651019 0.053671189 0.06034592 0.071135146 0.081392547 0.095552659 0.113504524 0.131614121 0.1483929 0.168231074 0.191505989 0.21199846 0.236050986 0.265457522 0.288064325 0.314318971 0.336764875 0.36210101 0.386390587 0.410764759 0.428579655 0.445794842 0.464829252 0.480855153 0.498970404 0.501828285 0.517358583 0.527997301 0.530069606 0.544355745 0.545377625 0.558834535 0.565154547 0.571532703 0.576192918 0.581221411 0.581555051 0.582676149 0.577896538 0.575845636 0.575890498 0.575236678 0.583477984 0.595040786 0.613348453 0.653122058 0.694575828 0.77014721 0.827473622 0.90097638 0.962743772 1.048209659 1.117352915 1.10944881 1.134016298 1.141111885 1.245100434 1.420573003 0 0 0 0 0
454.06 0 0 0 0 0 0 0 0 0 0 0 0 0 0 0 0 0 0 0 0 0 0 0 0 0 0 0 0 0 0 0 0 0 0 0 0 0 0 0 0 0 0 0 0 0 0 0 0 0.012199244 0.017126702 0.02136112 0.026842328 0.032932321 0.040692403 0.047511036 0.056116627 0.064705182 0.075082686 0.088738054 0.103835698 0.120530618 0.136008102 0.156260526 0.177111159 0.192413089 0.21451584 0.242335641 0.268413053 0.289500877 0.316309446 0.342353888 0.361721733 0.38279018 0.407633796 0.419420534 0.441039372 0.456874063 0.468094624 0.476960086 0.492169542 0.508046128 0.510302111 0.516634151 0.520997896 0.534216464 0.542998299 0.544664007 0.556478326 0.561712235 0.563855296 0.557193009 0.562413898 0.562345276 0.553484045 0.5535426 0.555355838 0.569464931 0.578785675 0.603755151 0.646565112 0.693425511 0.746335027 0.803590139 0.886198089 0.942208237 1.004729427 1.055844573 1.099590344 1.119888071 1.147225873 1.118675237 1.142415 0 0 0 0 0
457.366 0 0 0 0 0 0 0 0 0 0 0 0 0 0 0 0 0 0 0 0 0 0 0 0 0 0 0 0 0 0 0 0 0 0 0 0 0 0 0 0 0 0 0 0 0 0 0 0.010528299 0.015409837 0.020670947 0.025785046 0.028906697 0.037892181 0.043977791 0.053022066 0.05919131 0.073654929 0.08088938 0.091292624 0.111373744 0.122834305 0.138121233 0.159799887 0.183450029 0.20089229 0.217997789 0.240999053 0.266659741 0.294508511 0.316383814 0.339749194 0.354969434 0.378415231 0.400411499 0.409541037 0.431944235 0.448699679 0.458738768 0.467451695 0.480799107 0.491466686 0.498231546 0.505173282 0.514080878 0.514395846 0.514388108 0.526648436 0.532151177 0.538173949 0.545012532 0.540645467 0.542686231 0.552615798 0.541191442 0.536465483 0.545504454 0.562518102 0.573935179 0.587655185 0.622170081 0.666894027 0.732887828 0.782442367 0.857448423 0.94196596 0.981023432 1.042480544 1.078638117 1.11278898 1.121640242 1.140484037 0 0 0 0 0 0
460.673 0 0 0 0 0 0 0 0 0 0 0 0 0 0 0 0 0 0 0 0 0 0 0 0 0 0 0 0 0 0 0 0 0 0 0 0 0 0 0 0 0 0 0 0 0 0 0.010590311 0.015343683 0.018922546 0.023703905 0.028434374 0.035546892 0.042270545 0.049672964 0.056176183 0.063691322 0.073265352 0.086365895 0.098479339 0.115005988 0.12928568 0.146952306 0.160066112 0.181261437 0.200623246 0.221826181 0.245388449 0.271236624 0.287463186 0.310092648 0.33064811 0.357478389 0.373219595 0.388523941 0.401790758 0.422144959 0.431628405 0.444181784 0.457735146 0.464013774 0.473786172 0.472640858 0.483175625 0.487598455 0.497833561 0.501690939 0.509870228 0.520167304 0.524197019 0.527278197 0.521479547 0.521381729 0.519934549 0.525879699 0.527438631 0.535370751 0.530506705 0.560694917 0.575636907 0.611758345 0.656453594 0.704743633 0.772266362 0.828688473 0.91750914 0.960709606 1.015955314 1.01968642 1.029479297 1.072928809 0 0 0 0 0 0 0
463.982 0 0 0 0 0 0 0 0 0 0 0 0 0 0 0 0 0 0 0 0 0 0 0 0 0 0 0 0 0 0 0 0 0 0 0 0 0 0 0 0 0 0 0 0 0 0.010238948 0.013130652 0.018221125 0.021634418 0.023711024 0.031008815 0.036063475 0.045165734 0.051833941 0.05838774 0.068616691 0.078184295 0.087213058 0.103097616 0.10935381 0.134941257 0.144820845 0.166414559 0.184866757 0.199387428 0.224040444 0.23964666 0.266439296 0.285545078 0.307611024 0.328669916 0.349755519 0.362385058 0.379717463 0.392041646 0.404498746 0.417365846 0.426115638 0.438655502 0.451251021 0.455356762 0.456745054 0.464421332 0.469513054 0.466081908 0.483214407 0.492042028 0.49686095 0.499015877 0.499504277 0.50459067 0.496504579 0.503084666 0.504399638 0.501823891 0.509196854 0.516758991 0.535418224 0.559474071 0.593135993 0.632838613 0.689521751 0.758095511 0.804097598 0.880143479 0.948119916 0.955613639 0.991361581 0.997397342 1.026178246 0 0 0 0 0 0 -38.35575741
467.292 0 0 0 0 0 0 0 0 0 0 0 0 0 0 0 0 0 0 0 0 0 0 0 0 0 0 0 0 0 0 0 0 0 0 0 0 0 0 0 0 0 0 0 0 0.009690723 0.011057786 0.015956588 0.019513405 0.024820896 0.029913802 0.035174524 0.041279717 0.049127603 0.056179399 0.064636757 0.074312362 0.084865243 0.095477684 0.105264076 0.117899016 0.135864259 0.150151293 0.16571743 0.182026138 0.20187034 0.226167495 0.245031322 0.262829963 0.281821806 0.300522426 0.323870085 0.338684636 0.357675973 0.36822434 0.381254943 0.392045246 0.403644521 0.413194931 0.421716092 0.427620284 0.442218726 0.447944809 0.445890255 0.450308827 0.454837131 0.460945559 0.468009798 0.473120154 0.483478648 0.48265608 0.48254005 0.490683008 0.488944084 0.492182998 0.489798521 0.504106131 0.510582208 0.522326718 0.543908267 0.583766699 0.619880314 0.678586545 0.729202469 0.800957134 0.85145887 0.916283816 0.956120677 0.975864325 1.017054875 0 0 0 0 0 0 0 -11.57471824
470.603 0 0 0 0 0 0 0 0 0 0 0 0 0 0 0 0 0 0 0 0 0 0 0 0 0 0 0 0 0 0 0 0 0 0 0 0 0 0 0 0 0 0 0 0.006940351 0.010709156 0.012682823 0.016669017 0.019929614 0.02531783 0.030578324 0.036134003 0.042420692 0.053079328 0.057327073 0.064960898 0.073720806 0.081931551 0.096642908 0.108358998 0.120674102 0.136277244 0.154220656 0.167867647 0.179483696 0.200711525 0.219391788 0.238527328 0.25625517 0.278491215 0.296746788 0.315137182 0.332421976 0.343142534 0.356183297 0.368154334 0.378850815 0.384226144 0.399124924 0.407093988 0.413917626 0.422292961 0.424642631 0.429275988 0.429559152 0.434955972 0.442405625 0.445557247 0.447989828 0.459835481 0.46273407 0.461235008 0.460429553 0.469361438 0.465057663 0.467300421 0.474473312 0.485280739 0.495512886 0.525391963 0.555705721 0.608964265 0.649222094 0.70243119 0.765624986 0.825838339 0.87260407 0.913453144 0.919393488 0.941911718 0 0 0 0 0 0 12.9404225 20.50656454
473.915 0 0 0 0 0 0 0 0 0 0 0 0 0 0 0 0 0 0 0 0 0 0 0 0 0 0 0 0 0 0 0 0 0 0 0 0 0 0 0 0 0 0 0.008724873 0.011447889 0.012306162 0.016246491 0.020705853 0.023610333 0.031690207 0.035041014 0.04089005 0.050635048 0.054527663 0.062536609 0.071623179 0.078950453 0.087077061 0.102582963 0.116177909 0.125732579 0.140604818 0.155972495 0.170940069 0.186095636 0.200215003 0.219637491 0.235795662 0.254285247 0.272231215 0.296220255 0.308589343 0.323909637 0.336115869 0.344698815 0.360274602 0.366573953 0.380957307 0.385678 0.392437873 0.404955781 0.409042722 0.410157305 0.406092747 0.413485982 0.41880932 0.429809202 0.438284174 0.43928841 0.44548333 0.447238951 0.441171492 0.448857052 0.451907109 0.453080523 0.459247032 0.466882651 0.477107572 0.489150913 0.523752133 0.550590963 0.585088822 0.646181435 0.694524936 0.762344609 0.814552664 0.861639741 0.878910688 0.898549702 0 0 0 0 0 0 0 -25.50413296 2.014632215
477.228 0 0 0 0 0 0 0 0 0 0 0 0 0 0 0 0 0 0 0 0 0 0 0 0 0 0 0 0 0 0 0 0 0 0 0 0 0 0 0 0 0 0.008332241 0.010471047 0.011916425 0.013836996 0.018890606 0.01987138 0.026931293 0.031770601 0.035321909 0.044103025 0.048079932 0.056592932 0.064951429 0.073928392 0.082938007 0.090877702 0.101567173 0.11480067 0.123309957 0.13940322 0.153501816 0.168885339 0.188305917 0.200263756 0.215857382 0.234319034 0.24543632 0.266624318 0.283639374 0.301358349 0.309564418 0.325118994 0.341430298 0.344482751 0.35427266 0.361171442 0.369835972 0.377044758 0.384959568 0.387099861 0.393229199 0.396452389 0.396233762 0.402773154 0.406780756 0.408549545 0.412185055 0.424132537 0.421161493 0.427108309 0.43212368 0.424519293 0.429567726 0.438696426 0.440936448 0.462215717 0.479278616 0.500018127 0.52659674 0.565540306 0.61191842 0.661348708 0.728289098 0.77670941 0.810845845 0.852057996 0.847307052 0 0 0 0 0 0 2.657633565 -6.591150039 24.44318176
480.542 0 0 0 0 0 0 0 0 0 0 0 0 0 0 0 0 0 0 0 0 0 0 0 0 0 0 0 0 0 0 0 0 0 0 0 0 0 0 0 0 0.007833615 0.008571406 0.010428407 0.012495818 0.015337991 0.018260498 0.022884858 0.02757676 0.034052883 0.037241339 0.044636572 0.051563348 0.0587408 0.064757557 0.072508713 0.081774491 0.090195946 0.103706819 0.112432366 0.125236749 0.139284262 0.157516966 0.167607469 0.180462203 0.198959733 0.20971573 0.227905715 0.247653633 0.257642524 0.272013768 0.292670113 0.297579246 0.317499889 0.320868711 0.330937525 0.338518131 0.348231851 0.354827675 0.359676871 0.3662383 0.371201725 0.379930533 0.378614056 0.381418983 0.379135347 0.388607332 0.39096582 0.399068345 0.406309222 0.406997526 0.406670821 0.40859462 0.41637935 0.415930765 0.424154127 0.432555222 0.444571998 0.457090283 0.481142498 0.517390689 0.55729437 0.607245794 0.650540283 0.699832268 0.742387259 0.771659549 0.810356951 0 0 0 0 0 0 0 -0.198969151 -2.079074662 -0.36925933
483.858 0 0 0 0 0 0 0 0 0 0 0 0 0 0 0 0 0 0 0 0 0 0 0 0 0 0 0 0 0 0 0 0 0 0 0 0 0 0 0 0.008404472 0.011641867 0.01203849 0.013804007 0.01613188 0.01852851 0.022456893 0.027347699 0.030186627 0.038416428 0.044510348 0.05205778 0.055786841 0.065081585 0.071895499 0.079102658 0.085314902 0.099741681 0.107959755 0.115662974 0.129105875 0.143908771 0.156912824 0.170201873 0.1837573 0.197809911 0.211842079 0.229685564 0.244515753 0.257680766 0.273294864 0.287458826 0.297083329 0.310591433 0.317279507 0.326844987 0.333364641 0.340757999 0.341049513 0.356593444 0.359069088 0.365603557 0.366020809 0.358732455 0.368459648 0.371952306 0.375697371 0.383030468 0.388338555 0.397178437 0.39183967 0.396815783 0.403157288 0.405488551 0.405592174 0.409977805 0.420286314 0.435484468 0.443809593 0.477759004 0.513401247 0.554754041 0.598600496 0.645834763 0.686930367 0.728569124 0.769859508 0.805083903 0 0 0 0 0 0 1.304447966 2.760489169 2.094079361 14.36428818
487.174 0 0 0 0 0 0 0 0 0 0 0 0 0 0 0 0 0 0 0 0 0 0 0 0 0 0 0 0 0 0 0 0 0 0 0 0 0 0 0.006101845 0.008183904 0.009114276 0.012140511 0.014804692 0.017509902 0.018951995 0.02249997 0.026650008 0.032393214 0.036877189 0.043404399 0.051207352 0.055686293 0.063322538 0.068558193 0.077829944 0.085724111 0.093163198 0.107015003 0.115124196 0.122700096 0.14392388 0.154303249 0.164861002 0.177717414 0.194022766 0.206619975 0.219257942 0.236995598 0.249832417 0.261688088 0.274140585 0.28517127 0.299103872 0.30883667 0.312381128 0.313210914 0.322267441 0.330826076 0.337241463 0.343954515 0.347464427 0.348289896 0.350009108 0.34995682 0.351061313 0.362198241 0.363786686 0.366440811 0.370773093 0.378270369 0.378605462 0.382899004 0.383747847 0.388997324 0.394296307 0.405496399 0.417658462 0.444579995 0.450304402 0.496001178 0.520417782 0.558976254 0.614790682 0.669666243 0.701910455 0.739546003 0 0 0 0 0 0 0 1.320816589 1.652313865 -7.602331481 8.444770884
490.492 0 0 0 0 0 0 0 0 0 0 0 0 0 0 0 0 0 0 0 0 0 0 0 0 0 0 0 0 0 0 0 0 0 0 0 0 0 0.005537924 0.009632116 0.010196215 0.011369886 0.014345719 0.015029948 0.018974941 0.024281004 0.02449344 0.03095318 0.035063701 0.04101214 0.045656371 0.052614233 0.059174069 0.066876602 0.073637464 0.079601839 0.090034522 0.094303196 0.106414984 0.117618397 0.128509231 0.139726503 0.153885173 0.166422245 0.169614247 0.187010864 0.204924127 0.217888727 0.232794706 0.241801261 0.255131283 0.263560121 0.273942375 0.283817836 0.293771676 0.29722088 0.304812144 0.310636104 0.315916179 0.321303933 0.324854344 0.328008403 0.332839903 0.331178773 0.338487346 0.343729389 0.343727288 0.34887818 0.352940548 0.357986338 0.361637474 0.366828104 0.364536536 0.368404054 0.371791876 0.375022432 0.39016764 0.397003043 0.413914867 0.441134991 0.4680745 0.519657333 0.551509004 0.575766122 0.649681372 0.672765563 0.725193136 0 0 0 0 0 0 0.977601201 1.13038679 1.246218621 17.46921818 39.2476688
493.81 0 0 0 0 0 0 0 0 0 0 0 0 0 0 0 0 0 0 0 0 0 0 0 0 0 0 0 0 0 0 0 0 0 0 0 0 0.003440102 0.004745395 0.008011914 0.009388255 0.010693077 0.014050374 0.015575318 0.01887547 0.02269415 0.025700785 0.03059033 0.034330129 0.039097027 0.04361171 0.051908091 0.059000195 0.065138877 0.072266569 0.078933342 0.08611544 0.095292869 0.103870979 0.113033727 0.124445325 0.133979088 0.14937003 0.162273537 0.172437912 0.180422615 0.190353303 0.209656725 0.219780166 0.23154816 0.244700587 0.253381978 0.262434576 0.273541169 0.279026481 0.285046057 0.28794391 0.292787844 0.305369147 0.306171942 0.307845235 0.307820915 0.311834154 0.315058579 0.315192395 0.318213001 0.324241871 0.326017863 0.335054252 0.34079903 0.34538576 0.347619203 0.346515039 0.351833023 0.353998076 0.364645996 0.373496416 0.383237619 0.402659287 0.419074416 0.455747265 0.481430575 0.525594036 0.565495459 0.606599746 0.642345327 0 0 0 0 0 0 0 0.723396136 0.805722238 0.380390244 -10.61772637 -32.17840568
497.13 0 0 0 0 0 0 0 0 0 0 0 0 0 0 0 0 0 0 0 0 0 0 0 0 0 0 0 0 0 0 0 0 0 0 0 0.006488076 0.006450103 0.007007849 0.010538349 0.011440796 0.015124586 0.016815627 0.018207192 0.022939505 0.024415206 0.028890587 0.0326733 0.035384641 0.042764797 0.048587237 0.055557267 0.061098584 0.069355583 0.074625794 0.082807587 0.089320841 0.094449835 0.104305867 0.114387103 0.120654045 0.134577038 0.146262628 0.157986475 0.16698927 0.174545933 0.190148913 0.203676592 0.213493254 0.223076894 0.235075813 0.24360471 0.255608903 0.265829355 0.274398239 0.273610839 0.276068634 0.286852493 0.29126375 0.292012758 0.29463203 0.30330743 0.302096315 0.302859387 0.305085498 0.304154187 0.30995479 0.315461632 0.321338881 0.328860982 0.332193986 0.334685491 0.330043343 0.340175015 0.348875581 0.350123085 0.356713585 0.375808638 0.391889681 0.419543902 0.436904957 0.466746559 0.512614019 0.553946832 0.587614533 0.624978387 0 0 0 0 0 0 0.806340299 0.697290782 0.92969225 -0.138704804 -11.67787058 30.07598636
500.451 0 0 0 0 0 0 0 0 0 0 0 0 0 0 0 0 0 0 0 0 0 0 0 0 0 0 0 0 0 0 0 0 0 0 0.008173056 0.007383445 0.008288509 0.009050136 0.01070404 0.014664167 0.014902112 0.017567174 0.020678831 0.021991696 0.026559048 0.028548048 0.035054481 0.039332953 0.043493127 0.051278822 0.05531799 0.064120256 0.069566053 0.07565265 0.081854863 0.091803419 0.09789256 0.103745478 0.115723419 0.12492428 0.136754782 0.145622052 0.156207316 0.164727099 0.178347714 0.187275233 0.193922652 0.206012414 0.222070963 0.229332885 0.237004543 0.244536395 0.25297096 0.261741478 0.264390706 0.269910798 0.276320291 0.280010922 0.277706927 0.287527785 0.28726654 0.293916049 0.290979184 0.288877544 0.296540671 0.300130486 0.308007952 0.313582711 0.311462469 0.319908517 0.323113801 0.326371177 0.327889279 0.329905963 0.340457419 0.347824103 0.362111251 0.377942293 0.400855394 0.432947013 0.454292206 0.496079587 0.533249422 0.578481373 0 0 0 0 0 0 0 0.683833083 0.885580773 0.86821995 2.012338356 -12.03623514 8.542953634
503.772 0 0 0 0 0 0 0 0 0 0 0 0 0 0 0 0 0 0 0 0 0 0 0 0 0 0 0 0 0 0 0 0 0 0.006582906 0.004003354 0.006583706 0.008797245 0.010935364 0.013437414 0.016337826 0.016244046 0.017872021 0.021774441 0.024594071 0.028016787 0.028975932 0.03338975 0.039314622 0.046593681 0.049399396 0.059505044 0.063056064 0.073758824 0.075898598 0.082506429 0.08868234 0.095847065 0.103704363 0.115634405 0.119488511 0.133546552 0.142409263 0.153261647 0.161438575 0.170986971 0.185863185 0.195603088 0.203021058 0.215547856 0.222673806 0.231477872 0.238252118 0.249728057 0.250596662 0.257979767 0.256409511 0.265734426 0.264887571 0.270076169 0.275067272 0.275084734 0.281557136 0.281426975 0.282606714 0.28744097 0.289609428 0.296952178 0.301581113 0.302741725 0.308491826 0.310698443 0.313769737 0.315131334 0.325033324 0.327656925 0.337035684 0.351309376 0.367394273 0.390542012 0.416340239 0.448832404 0.49128125 0.532883015 0.548098204 0 0 0 0 0 0 0.690234739 0.70947687 0.864243035 0.888416236 0.536542524 1.745938045 0.03413282
507.095 0 0 0 0 0 0 0 0 0 0 0 0 0 0 0 0 0 0 0 0 0 0 0 0 0 0 0 0 0 0 0 0 0.003095906 0.004851196 0.004951903 0.007802778 0.009951195 0.011075898 0.013609275 0.014141389 0.017065297 0.019033173 0.023293404 0.025143151 0.02796661 0.031943388 0.036277819 0.038317663 0.046754889 0.052862943 0.05709871 0.062221704 0.067016165 0.073048212 0.082469831 0.089281466 0.094199069 0.101580666 0.115192361 0.120698954 0.129450761 0.14051009 0.148726962 0.156716068 0.166813982 0.170661425 0.183977573 0.194982377 0.204659051 0.211613808 0.22231208 0.229269853 0.238118139 0.244721903 0.245769813 0.249441549 0.254523688 0.256017539 0.259105218 0.262399279 0.262156499 0.271454259 0.267903198 0.269859656 0.267798903 0.269675717 0.277954024 0.28003777 0.290158431 0.295053522 0.294526204 0.300157336 0.302905454 0.310652641 0.314230116 0.326230861 0.341637642 0.356738453 0.377844827 0.397641476 0.430686043 0.470143206 0.509767909 0 0 0 0 0 0 0 0.565243023 0.60627675 0.53348457 0.317923321 -0.405849342 -13.39407768 -13.22450842
510.418 0 0 0 0 0 0 0 0 0 0 0 0 0 0 0 0 0 0 0 0 0 0 0 0 0 0 0 0 0 0 0 0.007108494 0.006713604 0.006243613 0.007841083 0.008125643 0.010719367 0.014182484 0.015770588 0.016627956 0.018287943 0.019807552 0.021628892 0.02654057 0.029078832 0.03420878 0.0361508 0.04152184 0.046471355 0.051016937 0.05867679 0.062457086 0.0714681 0.075879225 0.080744753 0.088638441 0.094795847 0.103845209 0.107337259 0.121046685 0.129187033 0.131414414 0.145305891 0.153053702 0.158741461 0.170992741 0.180858589 0.191362025 0.195698404 0.20835349 0.210824648 0.221718444 0.228356105 0.233997869 0.233223245 0.234269442 0.242175404 0.246586395 0.248186994 0.252016172 0.254176742 0.256099699 0.253818798 0.258435599 0.260918408 0.265776718 0.269052155 0.276096481 0.282202453 0.279752337 0.284957084 0.292458863 0.289320644 0.297955448 0.302735146 0.319078391 0.325359507 0.348186351 0.3632347 0.382525806 0.415667149 0.452752045 0.48378241 0 0 0 0 0 0 0.595810012 0.550049332 0.735614705 0.757266347 0.722344672 1.539314665 26.73995551 -25.25764469
513.742 0 0 0 0 0 0 0 0 0 0 0 0 0 0 0 0 0 0 0 0 0 0 0 0 0 0 0 0 0 0 0.004839042 0.006947346 0.006646669 0.009539362 0.009898441 0.011502264 0.011987106 0.014088416 0.013706778 0.016962543 0.019121058 0.020834503 0.022883969 0.027218133 0.028218613 0.032173646 0.037745393 0.043746958 0.047175778 0.051797455 0.057250884 0.064663662 0.070582171 0.075793733 0.083318622 0.088436545 0.092324498 0.100239476 0.110909368 0.114030953 0.123556757 0.130677268 0.140634663 0.14671276 0.156156894 0.166435981 0.173220516 0.182770521 0.188876023 0.198925116 0.202818214 0.209792135 0.215917686 0.221465578 0.218994711 0.223872077 0.230262441 0.233342864 0.236848434 0.236288127 0.23875134 0.24199458 0.237672011 0.241602013 0.245107767 0.248091078 0.250682169 0.258616357 0.258933058 0.267034042 0.273228464 0.269426969 0.275253211 0.286411212 0.289350722 0.30162485 0.310999331 0.329013718 0.343002542 0.376769315 0.402621612 0.428655967 0 0 0 0 0 0 0.544724925 0.575726388 0.532920536 0.52128035 0.634467873 0.642796891 1.381188535 -49.76857014 -17.4368335
517.068 0 0 0 0 0 0 0 0 0 0 0 0 0 0 0 0 0 0 0 0 0 0 0 0 0 0 0 0 0 0.006445151 0.008979006 0.007880079 0.007179189 0.010358648 0.009120043 0.010417292 0.014818991 0.016537605 0.018299938 0.017803323 0.019891098 0.024257552 0.024758004 0.027464047 0.030602839 0.033416781 0.038078527 0.042963846 0.047745218 0.051582169 0.058987128 0.062680253 0.070253944 0.072940847 0.079693193 0.085679698 0.093605655 0.09827278 0.105149979 0.114427954 0.122286084 0.126838566 0.136310886 0.141630965 0.153330307 0.156413277 0.164562157 0.175055915 0.179301007 0.187328575 0.198783089 0.198470669 0.205930782 0.208694888 0.213358261 0.215178882 0.217244908 0.220524907 0.223689723 0.226972481 0.230383768 0.233352475 0.232132916 0.23004803 0.234001609 0.237731197 0.24084506 0.246583085 0.249115643 0.254690608 0.257911387 0.25959337 0.266309441 0.273500566 0.28891791 0.285364936 0.306468514 0.313565531 0.328038315 0.355200845 0.386864438 0.413093373 0 0 0 0 0 0 0.554594086 0.529090125 0.530088113 0.597575128 0.723195366 0.985420129 0.427678452 -3.082625362 0.393945255
520.394 0 0 0 0 0 0 0 0 0 0 0 0 0 0 0 0 0 0 0 0 0 0 0 0 0 0 0 0 0.005235698 0.006309287 0.007542399 0.008121721 0.006568307 0.006190737 0.010644727 0.012161067 0.012016331 0.014598183 0.015956711 0.018991179 0.020800778 0.022061957 0.02580453 0.027243617 0.031878885 0.034180032 0.036720354 0.041495309 0.045879615 0.05027238 0.057980429 0.059604801 0.065602073 0.072332415 0.077354168 0.085509437 0.087752552 0.093628025 0.102262151 0.106041021 0.11613908 0.122146752 0.128146706 0.133873787 0.14420052 0.153460512 0.157721342 0.166555115 0.171020903 0.177000584 0.186094152 0.189496543 0.195382863 0.199247115 0.199524079 0.203263924 0.206449625 0.210552208 0.214625274 0.210556886 0.217557282 0.22017819 0.21859748 0.222833666 0.229242931 0.229827673 0.228304667 0.234243487 0.239091806 0.240701437 0.246390068 0.254121332 0.253132168 0.259973983 0.266312226 0.276766585 0.285109637 0.293846809 0.312631976 0.338914433 0.365989932 0 0 0 0 0 0 0.502433322 0.505738035 0.49575618 0.516280773 0.518859507 0.48908848 0.169846801 0.534307343 -8.363986946 -51.19480332
523.721 0 0 0 0 0 0 0 0 0 0 0 0 0 0 0 0 0 0 0 0 0 0 0 0 0 0 0 0.010879294 0.011597988 0.012903985 0.012072017 0.013648292 0.011825659 0.013415225 0.014363571 0.016137526 0.015732927 0.018242374 0.020685712 0.021531614 0.022910359 0.026486846 0.028670423 0.030331346 0.033892942 0.037150161 0.040747078 0.047478195 0.047935871 0.056069816 0.060501574 0.063917958 0.071738868 0.073086384 0.080336514 0.082186916 0.089784736 0.095271704 0.09935509 0.112695725 0.117144602 0.125321843 0.129652337 0.136722072 0.145526628 0.153624134 0.153067469 0.159397293 0.167171774 0.174209991 0.180747527 0.18972789 0.190905898 0.193098198 0.193214831 0.198034823 0.197494798 0.20442899 0.202517628 0.208553416 0.210603595 0.212514215 0.213113238 0.214895406 0.21547138 0.220622345 0.222238111 0.22635694 0.228347195 0.236050967 0.238806592 0.242389447 0.249628828 0.255252059 0.261016727 0.271561226 0.289301099 0.293421067 0.318645092 0.336260783 0.362296409 0 0 0 0 0 0 0.492411458 0.50369724 0.573155938 0.545897542 0.61607618 0.881921603 1.527608613 2.152958951 -40.44197636 6.575193642
527.048 0 0 0 0 0 0 0 0 0 0 0 0 0 0 0 0 0 0 0 0 0 0 0 0 0 0 0.006854619 0.00636041 0.008498236 0.005964232 0.009988821 0.010563696 0.009652754 0.013657724 0.014604407 0.014615911 0.015477108 0.017278138 0.018554579 0.021295903 0.022164276 0.025198231 0.025367278 0.029631048 0.033077317 0.037808781 0.037578567 0.040434014 0.045631248 0.049607499 0.057700527 0.061509662 0.064884967 0.068242382 0.07438914 0.078600988 0.085276382 0.090130342 0.097613385 0.09967265 0.107600755 0.11645842 0.117394553 0.129447027 0.130963247 0.138277678 0.145170686 0.148500532 0.156557678 0.162821139 0.169254775 0.174827868 0.178897386 0.180972156 0.184123504 0.184019035 0.187018091 0.18792219 0.190442302 0.193808115 0.195040041 0.192999619 0.200305664 0.197454189 0.202306776 0.200459775 0.206991252 0.212429955 0.215937847 0.221080196 0.223583358 0.22478512 0.228403212 0.238427308 0.244642096 0.259904264 0.26783012 0.279318961 0.293896812 0.316012422 0 0 0 0 0 0 0.450059895 0.471098522 0.47450275 0.457777143 0.475921023 0.507471776 0.601071323 0.4861181 1.915318976 -18.64594975 12.3862113
530.377 0 0 0 0 0 0 0 0 0 0 0 0 0 0 0 0 0 0 0 0 0 0 0 0 0 0.009509238 0.009440634 0.008626166 0.008603694 0.012021632 0.015034156 0.012389323 0.012761117 0.011323155 0.0158449 0.017689016 0.015615626 0.016435037 0.019930953 0.022261612 0.023787638 0.025159684 0.028656099 0.030847498 0.032400823 0.034352623 0.038149809 0.043592702 0.044425135 0.053495954 0.056834116 0.060608247 0.063757097 0.068910295 0.075461908 0.077996748 0.081134116 0.091661972 0.095100283 0.098709363 0.105880614 0.10979208 0.121041974 0.122015461 0.127295933 0.135739999 0.140513403 0.14515418 0.147869374 0.157387752 0.160476654 0.167404638 0.168766544 0.168981171 0.173025393 0.17712127 0.17691773 0.180495364 0.18155143 0.185918531 0.186161269 0.186042438 0.189227168 0.189132501 0.19159088 0.193223565 0.200969843 0.201358523 0.208716548 0.208046231 0.21716878 0.216868653 0.219558309 0.232175498 0.231649732 0.246848836 0.257459777 0.262464399 0.283561512 0.301314338 0 0 0 0 0 0 0.443498939 0.462043669 0.455229515 0.457806805 0.4612042 0.565374179 0.69821187 1.314977066 4.367750304 -27.26269518 4.292921645
533.706 0 0 0 0 0 0 0 0 0 0 0 0 0 0 0 0 0 0 0 0 0 0 0 0 0.003441926 0.00775517 0.009004528 0.0068034 0.010381314 0.007171137 0.008102639 0.011221266 0.010593988 0.013604176 0.014630466 0.013249957 0.015905269 0.015676669 0.020020443 0.019255071 0.023057289 0.024891141 0.026277717 0.029441771 0.031818098 0.032129419 0.038329307 0.041395376 0.043049662 0.049983456 0.052608413 0.058445846 0.060895484 0.063513015 0.072728911 0.069549504 0.080126245 0.082711493 0.090959175 0.093601771 0.102043514 0.106521275 0.108132158 0.116956888 0.123564392 0.127423007 0.133044621 0.135085654 0.13813672 0.147275408 0.152417063 0.154070747 0.155095459 0.162221292 0.15910584 0.163246431 0.167400324 0.169237135 0.171376941 0.170311865 0.174252275 0.170361147 0.175907638 0.178343657 0.180597468 0.179158908 0.182742245 0.18728742 0.18970217 0.196590887 0.199116768 0.203214887 0.205638665 0.215856812 0.21851557 0.231056966 0.236470095 0.251885675 0.261657737 0 0 0 0 0 0 0.382951274 0.399470291 0.43289496 0.430948323 0.430843892 0.369814627 0.391891008 0.189671043 0.325627698 0.452709285 4.40986417 4.254675597
537.037 0 0 0 0 0 0 0 0 0 0 0 0 0 0 0 0 0 0 0 0 0 0 0 0.005673513 0.003596741 0.000717 0.006812566 0.007077942 0.006385585 0.007136697 0.011148152 0.009477509 0.011021693 0.010488953 0.01140035 0.015648371 0.014281274 0.016597691 0.019283885 0.021765971 0.021707908 0.024216621 0.025715562 0.030522515 0.029479483 0.032860486 0.037394426 0.039818639 0.041131412 0.049647617 0.051577597 0.055383417 0.059980453 0.062000002 0.065063429 0.068042356 0.074957951 0.079735891 0.082204703 0.089168498 0.094838977 0.10345992 0.103471704 0.106751423 0.113417434 0.115083652 0.122609436 0.130020126 0.132736298 0.136928304 0.142866133 0.145333175 0.147293875 0.149179805 0.159101477 0.156599566 0.160695928 0.159781698 0.160700181 0.16417236 0.162648122 0.166420859 0.16554507 0.165739363 0.168997329 0.171057012 0.178067821 0.18121168 0.183867391 0.18763092 0.190342732 0.193258488 0.196396753 0.199663875 0.207697187 0.217263378 0.227052596 0.236239354 0.252128085 0 0 0 0 0 0 0.383982927 0.36680243 0.396243037 0.373238954 0.423731563 0.305403887 0.415645927 0.287618107 0.302889549 2.333079097 -8.576197431 -46.48224794
540.367 0 0 0 0 0 0 0 0 0 0 0 0 0 0 0 0 0 0 0 0 0 0 0.001222733 0.002350266 0.005397261 0.000728 0.004258665 0.005296547 0.006152677 0.006013476 0.008376743 0.01146676 0.012200069 0.010548493 0.015108934 0.013464149 0.014882607 0.017285303 0.018198177 0.020244886 0.020756139 0.023333322 0.026390141 0.027221482 0.030575713 0.032656344 0.035295131 0.036386776 0.040984665 0.046029827 0.04823385 0.052238379 0.056868083 0.058481959 0.063634113 0.068104173 0.073724321 0.073449454 0.081196886 0.084571176 0.089983737 0.096745576 0.099774944 0.10518277 0.10722432 0.109943034 0.117563799 0.120754954 0.127935776 0.12927694 0.134948801 0.137645438 0.138459642 0.145767712 0.141074765 0.144053145 0.150494402 0.146699783 0.149171055 0.152519396 0.154977541 0.154790951 0.158013428 0.158689766 0.160978925 0.163236639 0.164815216 0.167739605 0.169304636 0.175305347 0.179137379 0.178995674 0.187624112 0.194473007 0.1985132 0.205718216 0.204860679 0.226515754 0 0 0 0 0 0 0.329064923 0.346574211 0.355827023 0.348342494 0.361419888 0.34468681 0.358582575 0.265109427 0.324333115 0.079989019 -0.524502523 0.20894967 -24.87340273
543.699 0 0 0 0 0 0 0 0 0 0 0 0 0 0 0 0 0 0 0 0 0 0.003998024 0.008373405 0.008718276 0.006857381 0.007658651 0.009077694 0.007702405 0.008477622 0.013061805 0.011233367 0.013768601 0.011993807 0.01325668 0.012565726 0.018387747 0.017551693 0.016745872 0.020633288 0.020427426 0.022721838 0.026045843 0.026043951 0.028647673 0.029022543 0.032495141 0.036016217 0.040295128 0.042237062 0.04911487 0.049707214 0.052771424 0.057041123 0.061930044 0.061020182 0.064682491 0.069982081 0.07915643 0.080171276 0.087080031 0.085523423 0.091114537 0.093027956 0.09971966 0.103635454 0.107954237 0.114225223 0.117660894 0.124731399 0.124565465 0.130318591 0.131450645 0.134534919 0.135401957 0.141864902 0.138542547 0.144061803 0.146663383 0.14812176 0.147447725 0.148135568 0.152228523 0.151644695 0.152088153 0.153119907 0.158903996 0.162436191 0.164217038 0.168343227 0.173890219 0.171583911 0.175608092 0.18573248 0.187963664 0.19098671 0.19928935 0.209137241 0.223114828 0 0 0 0 0 0 0.325349394 0.343528718 0.34760592 0.367152088 0.346479884 0.339156062 0.393356291 0.382157108 0.47867336 0.195787862 2.339318756 -24.32617319 -37.08378832
547.031 0 0 0 0 0 0 0 0 0 0 0 0 0 0 0 0 0 0 0 0 0.010738558 0.009349495 0.006778671 0.010114777 0.012021616 0.013104903 0.012778453 0.010463736 0.00973484 0.009339379 0.010825104 0.013498109 0.015155578 0.014257559 0.015971482 0.016245557 0.018389914 0.01776136 0.021731359 0.023229356 0.024541625 0.02534089 0.025828658 0.029227176 0.029909794 0.035122107 0.035074856 0.040321264 0.041474205 0.046229462 0.048725764 0.052237906 0.056164659 0.057307976 0.061298246 0.0667791 0.071348451 0.070078119 0.079569394 0.080757735 0.086199365 0.089711425 0.093517385 0.096735366 0.103826322 0.106211191 0.109058277 0.112915005 0.115705617 0.121590827 0.121060621 0.125456408 0.127678263 0.131165987 0.130847278 0.132667287 0.137223121 0.133351547 0.140241853 0.140870472 0.1421338 0.142555364 0.144096452 0.143057265 0.145427123 0.150713412 0.152914397 0.159022227 0.159403482 0.166837943 0.164136258 0.167854407 0.169241355 0.180108672 0.18303096 0.191634742 0.199409876 0 0 0 0 0 0 0.315275447 0.319662248 0.312926299 0.326908661 0.328372251 0.345744364 0.335689399 0.340115152 0.353445333 0.472229247 0.441707444 1.55196181 -30.39823629 1.328993483
550.364 0 0 0 0 0 0 0 0 0 0 0 0 0 0 0 0 0 0 0 -0.000609 -0.003443026 -0.001446016 0.003071142 0.000275 0.002846305 0.005807027 0.00461159 0.007483766 0.005450128 0.007951578 0.009309587 0.009772681 0.010770203 0.008706874 0.013414537 0.013219431 0.014166791 0.016323438 0.018134628 0.019473026 0.021522229 0.022091138 0.023924875 0.027107564 0.029086841 0.029764618 0.032097202 0.035097389 0.037131679 0.03826558 0.045960748 0.050719233 0.051658782 0.054113109 0.056701238 0.062148292 0.065375723 0.066009738 0.071360493 0.074313793 0.077519722 0.082346276 0.084553924 0.093117096 0.095368358 0.094463256 0.099521946 0.103280066 0.10679116 0.114961145 0.113700062 0.11871556 0.120074878 0.122877325 0.121340337 0.122462608 0.125921799 0.126074589 0.128651766 0.131438272 0.130304293 0.129083595 0.134850628 0.134069784 0.134790759 0.141184897 0.139245611 0.144834443 0.14662847 0.150345617 0.153089893 0.15344412 0.163662132 0.163280216 0.170956344 0.176389499 0.188446012 0 0 0 0 0 0 0.278522182 0.295662549 0.29351294 0.29789324 0.287684502 0.274071778 0.259742181 0.264717928 0.196604108 0.173339726 0.291539759 0.287181236 -31.00240037 -31.86139855
553.698 0 0 0 0 0 0 0 0 0 0 0 0 0 0 0 0 0 0 0.005783011 0.009539354 0.009823325 0.006122667 0.0121925 0.008633141 0.009986839 0.014884096 0.011760453 0.015614745 0.009861304 0.012088654 0.014483403 0.016272899 0.014997327 0.016012186 0.017240079 0.01491123 0.019480641 0.020473735 0.018985999 0.021660352 0.024111683 0.02594586 0.025299691 0.028061455 0.029848587 0.032386139 0.034158157 0.037060286 0.042809272 0.044225462 0.045968799 0.04786227 0.050154417 0.056533748 0.056576402 0.06217984 0.064301769 0.068111332 0.072734949 0.073747479 0.07695962 0.083548217 0.086406661 0.089045965 0.092916429 0.096738487 0.099666961 0.099592296 0.105488382 0.108161713 0.11081543 0.114670542 0.114370578 0.116925311 0.122171865 0.11761833 0.119148758 0.120088904 0.125163454 0.123939864 0.127413441 0.126742922 0.128372452 0.131334167 0.132005087 0.132421616 0.138104161 0.139338368 0.147306594 0.148397168 0.149241784 0.150744564 0.157392566 0.162777598 0.169083266 0.17635924 0 0 0 0 0 0 0.264300527 0.275769515 0.2782603 0.295814379 0.287788264 0.314426085 0.325584838 0.31700299 0.415676088 0.322064574 0.488897229 0.535491686 1.094308251 -62.79817464 -41.2721148
557.032 0 0 0 0 0 0 0 0 0 0 0 0 0 0 0 0 0 0.010080346 0.005626674 0.005317915 0.006054618 0.0065687 0.010386265 0.00405129 0.009087442 0.009693714 0.009874627 0.010161454 0.010646909 0.012840194 0.013904353 0.012732135 0.014668186 0.015706508 0.014323616 0.017724798 0.017881 0.018162206 0.02110446 0.021431215 0.020348756 0.023910206 0.023932444 0.026258597 0.027389581 0.030993105 0.03277587 0.034219802 0.039054387 0.042797292 0.044575064 0.044968362 0.049887419 0.051229105 0.054506002 0.057103077 0.060011439 0.065585913 0.067077292 0.072313844 0.076030768 0.078683046 0.078135585 0.082524176 0.08549963 0.089920016 0.092702791 0.093855104 0.097296008 0.099033159 0.10056305 0.106629389 0.111024737 0.110323289 0.109727764 0.112331105 0.112307757 0.116083479 0.116521421 0.11476024 0.119676382 0.120652444 0.122393322 0.121537432 0.126003157 0.125495912 0.127860524 0.130565889 0.13388568 0.139128723 0.141656539 0.143616994 0.149737316 0.154826491 0.154022754 0.167530732 0 0 0 0 0 0 0.246807529 0.25689386 0.26971399 0.256060118 0.269555122 0.28342134 0.316003838 0.305104909 0.352507793 0.459794601 0.412023785 0.581627008 2.867838151 -0.421344472 7.959557814
560.367 0 0 0 0 0 0 0 0 0 0 0 0 0 0 0 0 0.005827166 0.002666923 0.000653 0.004887638 0.003206224 0.004701927 0.00593613 0.005711792 0.005497082 0.0035058 0.009946283 0.008850256 0.008176593 0.011123952 0.010856091 0.013012492 0.012439316 0.011902165 0.014339096 0.014179999 0.016358971 0.015504073 0.015965912 0.019094162 0.02125337 0.02104374 0.022432915 0.024624048 0.026169152 0.028710466 0.029046383 0.033178235 0.035546439 0.038864797 0.040675729 0.041969943 0.046714712 0.048576754 0.05268646 0.052780359 0.05357331 0.057802881 0.062123146 0.065193707 0.068299078 0.070083022 0.073539339 0.079302992 0.078446942 0.080592383 0.085673299 0.087355264 0.092469438 0.094436087 0.094784891 0.100770734 0.101887334 0.10156159 0.101070801 0.105957905 0.109079696 0.106710893 0.104916804 0.106604096 0.107300598 0.111584897 0.111784187 0.115718578 0.115301308 0.118102404 0.118321897 0.121522341 0.120406407 0.127446913 0.128004916 0.133896067 0.140562414 0.142215646 0.143708078 0 0 0 0 0 0 0.211551413 0.218104312 0.234676917 0.242112565 0.248223388 0.251521919 0.264596965 0.262589437 0.22015036 0.321509672 0.222254702 0.399931284 -0.024015147 -0.474698798 -22.46374412 -11.92411051
563.703 0 0 0 0 0 0 0 0 0 0 0 0 0 0 0 0.073111639 0.003117518 -0.00116951 0.005554532 -0.002058361 0.004307336 0.00519216 0.004280178 0.002884059 0.009498648 0.004296298 0.006529778 0.008004812 0.007137794 0.009732937 0.014535729 0.011074325 0.011652334 0.011927615 0.013388688 0.012032153 0.015214261 0.017755092 0.017591901 0.017857821 0.019465977 0.019220428 0.020429163 0.023342176 0.02562083 0.026835885 0.02652568 0.029555649 0.031182287 0.035933432 0.039560008 0.041153286 0.044841329 0.046216536 0.047988865 0.050158056 0.051875041 0.056307794 0.061511166 0.061128655 0.062149896 0.062751853 0.069818497 0.072592158 0.07212959 0.081425059 0.080670149 0.084167669 0.0884578 0.087787742 0.089727176 0.091730178 0.094806223 0.0949104 0.098157341 0.096932582 0.098253178 0.096931158 0.099917829 0.099068695 0.10446526 0.108097519 0.1045925 0.103864512 0.109126494 0.109538392 0.112160391 0.112818785 0.11779676 0.118599918 0.124289574 0.125424318 0.127074362 0.133587365 0.138426896 0 0 0 0 0 0 0.194102203 0.203929739 0.222899342 0.230975598 0.242002752 0.219204213 0.216043484 0.234053214 0.22215234 0.249590565 0.185468204 0.210904121 -0.617698324 -2.10116375 -4.439003016 -1.561940195
567.039 0 0 0 0 0 0 0 0 0 0 0 0 0 0 0.081449641 0.067196884 0.005916135 0.000848 0.005912216 0.003038468 0.00571494 0.002683593 0.002724777 0.004964882 0.004112428 0.005713066 0.002920644 0.008158622 0.008403458 0.006879357 0.008745449 0.011030514 0.013067731 0.0117328 0.014120929 0.011692442 0.016302239 0.01375337 0.016061197 0.016136642 0.018189465 0.019451844 0.02165699 0.022353065 0.023689213 0.024931647 0.025648077 0.030150467 0.029133845 0.033998991 0.036278156 0.036403931 0.043163538 0.042756812 0.042499177 0.04658906 0.051734942 0.054852637 0.054607597 0.056184072 0.062162638 0.061543347 0.065206926 0.065949278 0.070021043 0.068565657 0.077438146 0.078747539 0.08214745 0.085242395 0.086588955 0.086262752 0.085648732 0.087714072 0.088344178 0.090359324 0.09077531 0.09529706 0.094576424 0.096195479 0.095722747 0.099987368 0.098600205 0.102256156 0.102730823 0.102422797 0.103056472 0.109593321 0.109005953 0.112664611 0.11685756 0.119529581 0.120586044 0.124949015 0 0 0 0 0 0 0.17847582 0.186510609 0.192919115 0.206203893 0.20450094 0.23384983 0.214942406 0.22939301 0.234918188 0.277622666 0.230623472 0.112321553 0.149771781 0.130872735 -1.053653505 -26.20882594 -7.104748997
570.375 0 0 0 0 0 0 0 0 0 0 0 0 0 0.080767152 0.082496979 0.081096356 0.002116355 0.004436478 0.003981477 0.001615253 0.006096106 0.007229045 0.00622873 0.003765463 0.010443645 0.006156708 0.007489483 0.0068321 0.009172331 0.010535882 0.009254435 0.012538578 0.014399039 0.012198445 0.013089415 0.014292344 0.014282779 0.014615077 0.014146079 0.018241157 0.019014664 0.021711063 0.020539866 0.023487693 0.023193478 0.025628909 0.026121332 0.028171356 0.030922161 0.034358664 0.035074656 0.035946666 0.036803915 0.043781002 0.044827441 0.046934212 0.047973517 0.04965495 0.054151166 0.051766944 0.057741726 0.061038808 0.061257109 0.064714509 0.066652024 0.07017663 0.071358877 0.075745847 0.075634875 0.078502583 0.078170437 0.082857945 0.082270446 0.08378109 0.086466206 0.088865432 0.087799868 0.086659183 0.087259177 0.09089347 0.093470404 0.092135529 0.092812813 0.092780007 0.096771715 0.098402308 0.095264407 0.100941948 0.103991981 0.106402178 0.108974158 0.114155 0.116755261 0.113909127 0 0 0 0 0 0 0.170357396 0.177815483 0.193426058 0.195710496 0.209334571 0.216763642 0.205128207 0.234881063 0.219765202 0.245572567 0.239479774 0.242437107 0.510182563 0.795267088 1.764952999 19.99017374 -18.01903894
573.713 0 0 0 0 0 0 0 0 0 0 0 0 0.116807935 0.115750705 0.111174546 0.099558364 0.012319621 0.009747358 0.00881253 0.007607714 0.005326436 0.006189195 0.006675099 0.00935731 0.006850382 0.013235718 0.011074869 0.011923304 0.008738648 0.011202459 0.013649572 0.013064841 0.011029945 0.01230876 0.014220759 0.013762662 0.016589271 0.015575735 0.017705221 0.016286689 0.020335185 0.018220001 0.021231089 0.021738744 0.02364803 0.023631065 0.027462419 0.029999086 0.030247147 0.032228071 0.033632271 0.036795878 0.036959346 0.041657865 0.041381755 0.042207552 0.049701283 0.048687632 0.054096797 0.056458459 0.054866933 0.059033068 0.060096109 0.064176776 0.067866993 0.067040091 0.068794686 0.070857259 0.070546637 0.075318515 0.074526498 0.07863933 0.078151881 0.079785465 0.08355752 0.082834402 0.08322651 0.085148486 0.087725998 0.086477848 0.085655678 0.093189971 0.08827844 0.090562372 0.08921326 0.09138284 0.097576049 0.099264142 0.102541794 0.104081553 0.10610326 0.107746712 0.111172908 0 0 0 0 0 0 0.150087694 0.163221756 0.173770779 0.185090109 0.191477144 0.203478918 0.211310086 0.217643759 0.21730812 0.233065347 0.261270044 0.249982824 0.289434354 0.502736989 0.91834052 1.266437199 -41.02029139 -18.37085951
577.05 0 0 0 0 0 0 0 0 0 0 0 0.193381432 0.200601947 0.19333833 0.194347638 0.166423955 0.012343364 0.000177 0.004165668 0.003568503 0.006583797 0.009217615 0.005960034 0.005037989 0.008199222 0.004379278 0.00825381 0.011350184 0.013752936 0.012538116 0.013667062 0.010889454 0.011690945 0.013354329 0.013056133 0.013944202 0.014705467 0.016526743 0.01485304 0.016643289 0.017700995 0.019397406 0.020364851 0.020548709 0.023105698 0.023166526 0.024324327 0.02673094 0.029963405 0.029574613 0.033198765 0.03214844 0.036941647 0.038427372 0.038546398 0.041437403 0.043824721 0.043454816 0.04801329 0.051060598 0.051307364 0.055451999 0.056474438 0.057615952 0.058392523 0.063282084 0.061658861 0.065220947 0.068131479 0.071339793 0.070673427 0.070716326 0.073048554 0.074463197 0.077958012 0.078027703 0.075849684 0.07879631 0.080052355 0.08184699 0.083270388 0.081327278 0.085783673 0.081152385 0.083134189 0.087043091 0.087622974 0.089560837 0.092073196 0.095652329 0.093795471 0.098100315 0.105082244 0 0 0 0 0 0 0.140268714 0.157814175 0.159606825 0.163683181 0.175818931 0.178471377 0.194306592 0.186060086 0.195636728 0.206767304 0.224949425 0.276630299 0.260331483 0.33673793 0.146622663 1.279558651 -2.353792749 -14.85372984
580.388 0 0 0 0 0 0 0 0 0 0 0.310428025 0.304048346 0.30055947 0.27411725 0.278334378 0.23889315 0.015474666 0.009560376 0.009135897 0.000819 0.009067098 0.005728982 0.008700201 0.00725433 0.008981744 0.006547362 0.012657499 0.008727578 0.009410594 0.010981621 0.011136225 0.010463225 0.013682498 0.011444857 0.013533187 0.013909043 0.015987367 0.015982564 0.016970273 0.01604881 0.017854769 0.017438401 0.01851692 0.019862046 0.021147281 0.022361874 0.025473615 0.026893762 0.02799386 0.03015018 0.0312052 0.034915688 0.034942046 0.036185289 0.038594946 0.040656186 0.040015863 0.041940107 0.044517878 0.048872186 0.051722276 0.052993855 0.054009014 0.056964882 0.058001312 0.056388188 0.062130185 0.064607539 0.057316571 0.067808962 0.065893834 0.068625687 0.068570506 0.069546163 0.069920493 0.070453872 0.070423291 0.073702229 0.074116896 0.075724758 0.078047797 0.075458548 0.078945197 0.081175746 0.077750709 0.083822436 0.080437673 0.085889659 0.089020219 0.088216477 0.088948638 0.096683373 0 0 0 0 0 0 0.123104214 0.141029448 0.142795783 0.143626528 0.162248271 0.156315656 0.18332356 0.180478182 0.19712594 0.175807459 0.195119998 0.143839437 0.161832983 0.137535135 0.479895482 0.848567681 0.926009094 -19.80336513 -19.3859754
583.727 0 0 0 0 0 0 0 0 0 0.403201363 0.38346061 0.371683241 0.370403208 0.349937418 0.346165593 0.297901152 0.015594336 -0.002381228 0.00297834 0.006435732 0.005297142 0.007360382 0.004913606 0.003476618 0.00734992 0.006526787 0.011511906 0.010460289 0.010620986 0.005853653 0.006119082 0.011217915 0.009883182 0.007407674 0.011803788 0.012506396 0.013373554 0.013294932 0.015285574 0.015386373 0.015391336 0.015664353 0.018054399 0.017893275 0.018490588 0.020605922 0.02108005 0.025039637 0.024695147 0.025653237 0.030217273 0.029583593 0.030651941 0.035843551 0.036012584 0.035404903 0.036189423 0.038168678 0.040394117 0.043699113 0.045293615 0.044813948 0.046355454 0.048135188 0.05295764 0.053236331 0.053245804 0.054618149 0.059105209 0.059001329 0.059072915 0.063158176 0.064124131 0.065420973 0.064741309 0.064898796 0.067331951 0.066936987 0.066372876 0.069289405 0.072222716 0.070185256 0.069238167 0.074340729 0.073729081 0.074874576 0.07672955 0.079492093 0.081496452 0.083370391 0.088076948 0.088548691 0 0 0 0 0 0 0.12218708 0.124829741 0.135643889 0.136182892 0.142956727 0.148544375 0.150591806 0.166961923 0.171860379 0.186335765 0.152069915 0.173317764 0.183207583 0.192839147 0.194424399 0.702889895 1.16552246 28.07309473 -4.951138481
587.066 0 0 0 0 0 0 0 0 0.424846739 0.421737757 0.405020703 0.396946295 0.381713597 0.371625594 0.36921392 0.318854125 0.016476162 0.008507974 0.005795269 0.005635816 0.00248696 0.006460229 0.008668995 0.009038322 0.008419911 0.008186196 0.007837453 0.010814449 0.010057536 0.010506313 0.010477024 0.008938681 0.010799917 0.010560174 0.006588658 0.008285005 0.010595799 0.013649709 0.012750731 0.01362359 0.014119059 0.015523804 0.017259725 0.016840713 0.019584525 0.02060696 0.022157885 0.022439745 0.027815337 0.029724839 0.02735943 0.029665202 0.031241709 0.032571457 0.032920909 0.032477033 0.034120203 0.040644794 0.040313273 0.041381364 0.041672878 0.044816401 0.045929219 0.046881367 0.048282515 0.051006021 0.051629592 0.054325739 0.056166263 0.057265457 0.059295164 0.059420024 0.058941775 0.060921006 0.059195005 0.060618549 0.062933767 0.063488255 0.066314994 0.064702323 0.065982518 0.066029302 0.068665844 0.069078647 0.070455218 0.071968753 0.075652636 0.072884476 0.080364038 0.076751706 0.079543481 0 0 0 0 0 0 0.104423297 0.113331109 0.118182068 0.113619822 0.130646613 0.138112742 0.146540888 0.152234038 0.161422045 0.159858048 0.160757533 0.17484688 0.176925654 0.154606977 0.233346166 0.290221437 0.062989797 2.029832837 13.05975036 28.5946214
590.406 0 0 0 0 0 0 0.387630357 0.373788147 0.358320669 0.355289673 0.334902752 0.325019291 0.314985605 0.314101425 0.315837884 0.265475528 0.019474441 0.008077928 0.011373316 0.008950413 0.011487534 0.007286343 0.005257374 0.007728927 0.007428358 0.009695574 0.006684493 0.011162189 0.011301587 0.009631429 0.00901362 0.011940989 0.010077707 0.010842812 0.012777047 0.014328299 0.014244076 0.012713349 0.014392132 0.014821345 0.016144253 0.016932909 0.018441471 0.017599028 0.019377291 0.021008446 0.020279114 0.023673049 0.024372976 0.026163792 0.027882489 0.029424406 0.02830776 0.029737717 0.031583455 0.033946851 0.034311975 0.036732214 0.039154406 0.038643479 0.040455815 0.039076767 0.046052382 0.04626 0.04280455 0.049667657 0.049417994 0.051767371 0.051080059 0.055573571 0.057002865 0.057879755 0.057841596 0.058808192 0.060352446 0.060477554 0.058985559 0.060366417 0.062863749 0.064599002 0.063848357 0.062850159 0.065553555 0.065446906 0.066670932 0.06787982 0.070252374 0.073106301 0.073358461 0.073313928 0.075421754 0 0 0 0 0 0 0.102506701 0.109020323 0.1182707 0.111631885 0.128697765 0.137167916 0.139586645 0.149771381 0.152082931 0.154206814 0.158089732 0.180150511 0.186473747 0.177266027 0.189628298 0.721420817 0.649057708 3.257617748 -23.42183048 -17.40021145
593.746 0 0 0 0 0 0.298363145 0.283508919 0.27792516 0.271765568 0.260355224 0.254275465 0.242579788 0.239913977 0.225777934 0.236822171 0.20428791 0.015002042 0.007464075 0.001017004 0.006079021 0.010002004 0.006892092 0.006185904 0.005105626 0.006127729 0.009779698 0.009614494 0.009225381 0.008868839 0.008174816 0.008779273 0.007798611 0.009888 0.009814412 0.012374281 0.011451339 0.009905964 0.012899025 0.01471988 0.014166882 0.013640732 0.015628216 0.015261944 0.014906435 0.016625195 0.018601676 0.022169498 0.021313499 0.022582882 0.025982327 0.025453333 0.025546882 0.02900871 0.029129665 0.02958961 0.033331648 0.031486441 0.033027394 0.033611385 0.036894061 0.038968764 0.04277963 0.042351422 0.041205861 0.043019056 0.043430856 0.047337244 0.049779738 0.050936813 0.04910996 0.052544046 0.051978411 0.054782377 0.054808365 0.054321041 0.054563655 0.056333201 0.055099375 0.053433568 0.055666969 0.059676949 0.057726792 0.057486183 0.061271416 0.058740937 0.064607323 0.063034776 0.064826807 0.071412869 0.070268093 0 0 0 0 0 0 0.087908757 0.092759801 0.098106725 0.107634974 0.111773164 0.118777807 0.12872866 0.12201524 0.135276854 0.135929836 0.151657676 0.150622433 0.135967223 0.168965164 0.147972032 0.189496595 0.373225998 0.923763341 -0.543421943 -28.57653471 -29.94611075
597.086 0 0 0 0 0.233445822 0.221910957 0.207354811 0.212199934 0.20874023 0.201784004 0.176771544 0.187349052 0.176339146 0.169987026 0.171501537 0.155029033 0.01205853 0.001223092 0.000851 0.002985307 0.001602359 0.001853006 -0.000741 0.002000423 0.000277 0.004864146 0.006546029 0.006643643 0.00754813 0.005566503 0.006931912 0.007760345 0.008746447 0.008668235 0.010307944 0.009088931 0.00750938 0.01103091 0.009559604 0.012469654 0.011133801 0.011450463 0.012575614 0.015840891 0.014459396 0.015565963 0.016335303 0.018886331 0.020907272 0.019754409 0.019943058 0.023157012 0.023081667 0.027759857 0.024799556 0.027193765 0.028586785 0.028213481 0.031402844 0.033064034 0.031003009 0.03755434 0.034586414 0.037749207 0.039070064 0.04025496 0.040008913 0.040151164 0.042113944 0.045927849 0.04803809 0.048265786 0.049466425 0.050339211 0.050326483 0.049415586 0.049409512 0.049975518 0.053172811 0.054149703 0.053386597 0.05493532 0.055494738 0.052645915 0.057936263 0.057152923 0.057016371 0.057939204 0.062773473 0.063097013 0 0 0 0 0 0 0.083956277 0.080338424 0.087271296 0.089522366 0.097944926 0.099999294 0.107100286 0.112633194 0.121760965 0.110957952 0.107878536 0.120456198 0.116213132 0.098056607 0.144683275 0.060147351 0.125334309 -0.236936167 0.08690319 -2.539730585 -23.64675989
600.427 0 0 0 0.217201447 0.224010176 0.210905598 0.208937966 0.19468278 0.190347786 0.181888424 0.179370993 0.176740491 0.166366108 0.164494516 0.168217175 0.140577542 0.01004978 0.006568189 0.002943788 0.002192658 0.006665623 0.008460269 0.006330761 0.002759434 0.005439168 0.005342066 0.005877124 0.005270564 0.009544122 0.00453514 0.008874254 0.009015056 0.00877921 0.01021052 0.010546834 0.009554373 0.010970446 0.011195693 0.011056444 0.012537544 0.013291461 0.013058169 0.014264634 0.015138547 0.015150913 0.016053585 0.017068462 0.020444666 0.020112146 0.021742664 0.018998358 0.024056594 0.023954033 0.025862254 0.026515027 0.028142745 0.027803697 0.030518869 0.034203082 0.034294611 0.034859418 0.037180455 0.035987231 0.036118779 0.038958689 0.036760765 0.039221653 0.041053455 0.042272078 0.043344436 0.045604013 0.045282124 0.046022431 0.049702005 0.048418474 0.046518194 0.049356194 0.050001367 0.050403094 0.050436942 0.049897104 0.052721537 0.053357507 0.05302314 0.055688543 0.051915075 0.05506024 0.059864838 0.059289273 0 0 0 0 0 0 0.074383773 0.074737676 0.081203704 0.090100209 0.093927874 0.089619531 0.101463391 0.104931543 0.122405139 0.112878039 0.122315793 0.121984367 0.129382005 0.129400304 0.175516085 0.064128752 0.145506699 0.243793498 0.14895063 0.375572037 -17.09866068 -8.919142075
603.768 0 0 0.17802172 0.180588539 0.18166949 0.171413691 0.179151165 0.172053766 0.161575648 0.160960902 0.149801281 0.147555031 0.140031409 0.144642458 0.141067313 0.120408427 0.006643852 0.008425313 0.002446348 0.001871514 0.009847968 0.005382788 0.010356033 0.007324874 0.005777843 0.004314676 0.006585699 0.005078365 0.007858688 0.006178318 0.011044266 0.010785211 0.009161222 0.007268307 0.011807038 0.009991135 0.010929557 0.009291236 0.012064097 0.011449258 0.013842826 0.013446749 0.015195934 0.014740842 0.01700395 0.015959434 0.016253494 0.02041382 0.021180744 0.020424625 0.022792122 0.022856778 0.024823602 0.02328192 0.02451712 0.027486353 0.027773022 0.027713031 0.030379874 0.031171996 0.030835028 0.031109548 0.034467328 0.037558183 0.035043689 0.037064084 0.03955558 0.038794469 0.041007239 0.042880692 0.04064571 0.042930757 0.043696922 0.042695846 0.046760782 0.043849988 0.045732802 0.044882533 0.046773725 0.047859831 0.04822755 0.049259595 0.049865586 0.049691391 0.05322746 0.049304457 0.053965182 0.055424821 0.057688478 0 0 0 0 0 0 0.073751523 0.075241555 0.078327908 0.086708865 0.088486577 0.091452244 0.096667262 0.09818639 0.105462734 0.124481661 0.110006897 0.123783997 0.097366773 0.129025074 0.135128089 0.169919682 0.180703047 0.235995319 0.121385308 0.739997095 -30.59449228 36.93259383
607.109 0 0.426697863 0.40543148 0.394372543 0.376226834 0.384027638 0.367362745 0.364470596 0.351102612 0.334291658 0.329276493 0.318836773 0.311450549 0.291218092 0.292272967 0.239031751 0.013921856 0.004148342 0.009992542 0.011779228 0.006928629 0.008116729 0.004898056 0.007217328 0.00933746 0.009081009 0.007135597 0.008466712 0.008019808 0.010563152 0.010115648 0.009053177 0.007949345 0.011089665 0.009729626 0.009791285 0.011837275 0.011069734 0.011162949 0.011918268 0.013239433 0.013568208 0.013963065 0.013141178 0.013079757 0.01610789 0.018546116 0.015258033 0.018511854 0.021308382 0.018704578 0.022084602 0.019606745 0.022194047 0.025027268 0.028268768 0.02759399 0.028121147 0.027979015 0.030673096 0.031091657 0.030800048 0.0332866 0.033489225 0.03348657 0.036158705 0.0355021 0.035894786 0.040052529 0.042104693 0.039870713 0.040085328 0.041397142 0.041671819 0.043447152 0.042204078 0.045326668 0.045262912 0.04355862 0.045568292 0.046127434 0.046001899 0.045516803 0.049233549 0.052014101 0.048791227 0.051856309 0.052074335 0 0 0 0 0 0 0.066752996 0.064437605 0.075348655 0.077959523 0.082467395 0.085624326 0.092141585 0.089319763 0.087563381 0.112711147 0.114961739 0.108112631 0.107117216 0.117563945 0.122429212 0.135733509 0.071664608 0.235288555 0.223593284 0.503230835 2.656352622 -10.58645003 6.715831606
610.451 1.330300305 1.323572531 1.267332383 1.23006169 1.21882689 1.169468822 1.121564688 1.102602472 1.060013642 1.041150056 1.010606414 0.96125765 0.937532502 0.912056818 0.896863434 0.768783313 0.036549718 0.002366535 -0.003713728 0.000182 0.00283512 -0.001123137 0.002322799 -0.000145 1.26e-05 0.005748012 0.001183886 0.003269905 0.000605 0.003268725 0.005445956 0.00393465 0.004993259 0.005466722 0.006404349 0.0079271 0.009144216 0.007303175 0.007376996 0.010325926 0.009283489 0.010697509 0.011335486 0.013609698 0.011735765 0.011692311 0.013043339 0.016795218 0.012907484 0.016902601 0.016002276 0.017547346 0.018236863 0.020739903 0.019498051 0.02067073 0.021949135 0.023374967 0.022810336 0.025051113 0.025398212 0.028443854 0.028564993 0.028533424 0.026883848 0.031216106 0.03038759 0.035609463 0.033118399 0.036462217 0.035897586 0.035487717 0.036559679 0.036890614 0.036395662 0.038399361 0.036928482 0.036860951 0.038748318 0.038095496 0.041088968 0.038530447 0.042088032 0.039253304 0.039488515 0.04373645 0.043152153 0.046251063 0 0 0 0 0 0 0.058780285 0.059852877 0.0615169 0.066432518 0.069420933 0.070454686 0.075049847 0.081532062 0.088965037 0.08457369 0.082536309 0.082472296 0.104078615 0.083435116 0.113643202 0.095561264 0.09209236 0.060198965 0.107430984 -0.772423489 -0.653022229 10.42325948 -13.77324044
613.792 1.285388245 1.238024025 1.188320239 1.157714248 1.145859573 1.123808609 1.087933049 1.028312808 1.001447059 0.985998843 0.943092281 0.915989951 0.896858533 0.86813893 0.862046194 0.742825821 0.046580951 0.005586154 0.008937279 0.003068082 0.007586519 0.011138376 0.004284699 0.007800484 0.008063573 0.014493364 0.004283916 0.009835649 0.004189257 0.008386343 0.009122951 0.006836119 0.00804605 0.006851851 0.011420432 0.009031392 0.011525259 0.008733262 0.010886699 0.011274267 0.009501994 0.013113872 0.014748143 0.01285807 0.013990072 0.01452689 0.015975022 0.017594801 0.018855181 0.015180151 0.017596787 0.018917314 0.019993712 0.019928197 0.020981626 0.022453924 0.021162728 0.023313907 0.02532618 0.023571557 0.027537517 0.027689275 0.030187348 0.026380208 0.031220431 0.029551857 0.030663391 0.034539357 0.032865392 0.034098291 0.036451464 0.035213227 0.037231963 0.036819019 0.03726943 0.040537343 0.037494348 0.03786112 0.040167315 0.040405719 0.040975042 0.041287373 0.042282727 0.040929851 0.043314577 0.043728842 0.042545742 0 0 0 0 0 0 0.054117433 0.056023601 0.061325306 0.06047604 0.067169779 0.074285869 0.073663773 0.076264173 0.083891471 0.091866103 0.097718171 0.092877202 0.105122794 0.109084906 0.100264482 0.104204205 0.112800261 0.118449175 0.144564659 0.15798628 0.267484109 0.272772072 -2.115940584 -43.66571571
617.135 0.661494029 0.638326412 0.609256882 0.599644138 0.600543898 0.571729161 0.558260835 0.550753124 0.530122785 0.509586006 0.497213611 0.474165819 0.460696358 0.448322817 0.450876925 0.37701492 0.015560348 -0.000548 -0.001066046 -0.003129693 0.003204335 0.00049 -0.003592385 -0.002103967 0.001449798 -0.002069745 -0.000387 0.001399918 0.003546249 -0.000904 0.000342 0.006770952 0.007130676 0.005068869 0.005108912 0.004396616 0.006642112 0.005309879 0.00823619 0.005730442 0.009071712 0.008140975 0.009154789 0.007430392 0.01031635 0.009408117 0.010865289 0.01094305 0.012258399 0.015778311 0.015663533 0.01409919 0.013220739 0.015122258 0.019098897 0.017411375 0.017460911 0.019451349 0.019711019 0.023211668 0.019417412 0.021077944 0.023879263 0.0240541 0.023015906 0.024395086 0.028811841 0.027319561 0.025286844 0.027762075 0.028320893 0.030001264 0.033637146 0.03228399 0.032880597 0.032578766 0.033757098 0.032147157 0.034479072 0.033039803 0.032317711 0.034006475 0.03566271 0.035381689 0.035710074 0.035918961 0.03495591 0 0 0 0 0 0 0.047739298 0.046162845 0.048778131 0.052529672 0.054916398 0.052633833 0.063061545 0.068911007 0.068948583 0.076386508 0.081797908 0.06055506 0.071582836 0.081844786 0.055484535 0.084647643 0.029061943 0.01006691 0.008888099 -0.307460298 0.440057486 0 -5.422948387 -0.903586495
