NaN 600 596.73 593.46 590.19 586.92 583.65 580.38 577.11 573.84 570.57 567.3 564.03 560.76 557.49 554.22 550.95 547.68 544.41 541.14 537.87 534.6 531.33 528.06 524.79 521.52 518.25 514.98 511.71 508.44 505.17 501.9 498.63 495.36 492.09 488.82 485.55 482.28 479.01 475.74 472.47 469.2 465.93 462.66 459.39 456.12 452.85 449.58 446.31 443.04 439.77 436.5 433.23 429.96 426.69 423.42 420.15 416.88 413.61 410.34 407.07 403.8 400.53 397.26 393.99 390.72 387.45 384.18 380.91 377.64 374.37 371.1 367.83 364.56 361.29 358.02 354.75 351.48 348.21 344.94 341.67 338.4 335.13 331.86 328.59 325.32 322.05 318.78 315.51 312.24 308.97 305.7 302.43 299.16 295.89 292.62 289.35 286.08 282.81 279.54 276.27 273 269.73 266.46 263.19 259.92 256.65 253.38 250.11 246.84 243.57 240.3 237.03 233.76 230.49 227.22 223.95 220.68
NaN NaN NaN NaN NaN NaN NaN NaN NaN NaN NaN NaN NaN NaN NaN NaN NaN NaN NaN NaN NaN NaN NaN NaN NaN NaN NaN NaN NaN NaN NaN NaN NaN NaN NaN NaN NaN NaN NaN NaN NaN NaN NaN NaN NaN NaN NaN NaN NaN NaN NaN NaN NaN NaN NaN NaN NaN NaN NaN NaN NaN NaN NaN NaN NaN NaN NaN NaN NaN NaN NaN NaN NaN NaN NaN NaN NaN NaN NaN NaN NaN NaN NaN NaN NaN NaN NaN NaN NaN NaN NaN NaN NaN NaN NaN NaN NaN NaN NaN NaN NaN NaN NaN NaN NaN NaN NaN NaN NaN NaN NaN NaN NaN NaN NaN NaN NaN NaN
NaN NaN NaN NaN NaN NaN NaN NaN NaN NaN NaN NaN NaN NaN NaN NaN NaN NaN NaN NaN NaN NaN NaN NaN NaN NaN NaN NaN NaN NaN NaN NaN NaN NaN NaN NaN NaN NaN NaN NaN NaN NaN NaN NaN NaN NaN NaN NaN NaN NaN NaN NaN NaN NaN NaN NaN NaN NaN NaN NaN NaN NaN NaN NaN NaN NaN NaN NaN NaN NaN NaN NaN NaN NaN NaN NaN NaN NaN NaN NaN NaN NaN NaN NaN NaN NaN NaN NaN NaN NaN NaN NaN NaN NaN NaN NaN NaN NaN NaN NaN NaN NaN NaN NaN NaN NaN NaN NaN NaN NaN NaN NaN NaN NaN NaN NaN NaN NaN
210.901 0 0 0 0 0 0 0 0 0 0 0 0 0 0 0 0 0 0 0 0 0 0 0 0 0 0 0 0 0 0 0 0 0 0 0 0 0 0 0 0 0 0 0 0 0 0 0 0 0 0 0 0 0 0 0 0 0 0 0 0 0 0 0 0 0 0 0 0 0 0 0 0 0 0 0 0 0 0 0 0 0 0 0 0 0 0 0 0 0 0 0 0 0 0 0 0 0 0 0 0 0 0 0 0 0 0 0 0 0 0 0 0 0 0 0 0 0
214.065 0 0 0 0 0 0 0 0 0 0 0 0 0 0 0 0 0 0 0 0 0 0 0 0 0 0 0 0 0 0 0 0 0 0 0 0 0 0 0 0 0 0 0 0 0 0 0 0 0 0 0 0 0 0 0 0 0 0 0 0 0 0 0 0 0 0 0 0 0 0 0 0 0 0 0 0 0 0 0 0 0 0 0 0 0 0 0 0 0 0 0 0 0 0 0 0 0 0 0 0 0 0 0 0 0 0 0 0 0 0 0 0 0 0 0 0 0
217.232 0 0 0 0 0 0 0 0 0 0 0 0 0 0 0 0 0 0 0 0 0 0 0 0 0 0 0 0 0 0 0 0 0 0 0 0 0 0 0 0 0 0 0 0 0 0 0 0 0 0 0 0 0 0 0 0 0 0 0 0 0 0 0 0 0 0 0 0 0 0 0 0 0 0 0 0 0 0 0 0 0 0 0 0 0 0 0 0 0 0 0 0 0 0 0 0 0 0 0 0 0 0 0 0 0 0 0 0 0 0 0 0 0 0 0 0 0
220.402 0 0 0 0 0 0 0 0 0 0 0 0 0 0 0 0 0 0 0 0 0 0 0 0 0 0 0 0 0 0 0 0 0 0 0 0 0 0 0 0 0 0 0 0 0 0 0 0 0 0 0 0 0 0 0 0 0 0 0 0 0 0 0 0 0 0 0 0 0 0 0 0 0 0 0 0 0 0 0 0 0 0 0 0 0 0 0 0 0 0 0 0 0 0 0 0 0 0 0 0 0 0 0 0 0 0 0 0 0 0 0 0 0 0 0 0 0
223.574 0 0 0 0 0 0 0 0 0 0 0 0 0 0 0 0 0 0 0 0 0 0 0 0 0 0 0 0 0 0 0 0 0 0 0 0 0 0 0 0 0 0 0 0 0 0 0 0 0 0 0 0 0 0 0 0 0 0 0 0 0 0 0 0 0 0 0 0 0 0 0 0 0 0 0 0 0 0 0 0 0 0 0 0 0 0 0 0 0 0 0 0 0 0 0 0 0 0 0 0 0 0 0 0 0 0 0 0 0 0 0 0 0 0 0 0 0
226.748 0 0 0 0 0 0 0 0 0 0 0 0 0 0 0 0 0 0 0 0 0 0 0 0 0 0 0 0 0 0 0 0 0 0 0 0 0 0 0 0 0 0 0 0 0 0 0 0 0 0 0 0 0 0 0 0 0 0 0 0 0 0 0 0 0 0 0 0 0 0 0 0 0 0 0 0 0 0 0 0 0 0 0 0 0 0 0 0 0 0 0 0 0 0 0 0 0 0 0 0 0 0 0 0 0 0 0 0 0 0 0 0 0 0 0 0 0
229.925 0 0 0 0 0 0 0 0 0 0 0 0 0 0 0 0 0 0 0 0 0 0 0 0 0 0 0 0 0 0 0 0 0 0 0 0 0 0 0 0 0 0 0 0 0 0 0 0 0 0 0 0 0 0 0 0 0 0 0 0 0 0 0 0 0 0 0 0 0 0 0 0 0 0 0 0 0 0 0 0 0 0 0 0 0 0 0 0 0 0 0 0 0 0 0 0 0 0 0 0 0 0 0 0 0 0 0 0 0 0 0 0 0 0 0 0 0
233.104 0 0 0 0 0 0 0 0 0 0 0 0 0 0 0 0 0 0 0 0 0 0 0 0 0 0 0 0 0 0 0 0 0 0 0 0 0 0 0 0 0 0 0 0 0 0 0 0 0 0 0 0 0 0 0 0 0 0 0 0 0 0 0 0 0 0 0 0 0 0 0 0 0 0 0 0 0 0 0 0 0 0 0 0 0 0 0 0 0 0 0 0 0 0 0 0 0 0 0 0 0 0 0 0 0 0 0 0 0 0 0 0 0 0 0 0 -6.115856889
236.285 0 0 0 0 0 0 0 0 0 0 0 0 0 0 0 0 0 0 0 0 0 0 0 0 0 0 0 0 0 0 0 0 0 0 0 0 0 0 0 0 0 0 0 0 0 0 0 0 0 0 0 0 0 0 0 0 0 0 0 0 0 0 0 0 0 0 0 0 0 0 0 0 0 0 0 0 0 0 0 0 0 0 0 0 0 0 0 0 0 0 0 0 0 0 0 0 0 0 0 0 0 0 0 0 0 0 0 0 0 0 0 0 0 0 0 9.908296355 34.48529525
239.469 0 0 0 0 0 0 0 0 0 0 0 0 0 0 0 0 0 0 0 0 0 0 0 0 0 0 0 0 0 0 0 0 0 0 0 0 0 0 0 0 0 0 0 0 0 0 0 0 0 0 0 0 0 0 0 0 0 0 0 0 0 0 0 0 0 0 0 0 0 0 0 0 0 0 0 0 0 0 0 0 0 0 0 0 0 0 0 0 0 0 0 0 0 0 0 0 0 0 0 0 0 0 0 0 0 0 0 0 0 0 0 0 0 0 0.627818059 -1.691133859 1.519406168
242.655 0 0 0 0 0 0 0 0 0 0 0 0 0 0 0 0 0 0 0 0 0 0 0 0 0 0 0 0 0 0 0 0 0 0 0 0 0 0 0 0 0 0 0 0 0 0 0 0 0 0 0 0 0 0 0 0 0 0 0 0 0 0 0 0 0 0 0 0 0 0 0 0 0 0 0 0 0 0 0 0 0 0 0 0 0 0 0 0 0 0 0 0 0 0 0 0 0 0 0 0 0 0 0 0 0 0 0 0 0 0 0 0 0 -0.281556174 -0.356955379 -7.700289899 -15.17192691
245.844 0 0 0 0 0 0 0 0 0 0 0 0 0 0 0 0 0 0 0 0 0 0 0 0 0 0 0 0 0 0 0 0 0 0 0 0 0 0 0 0 0 0 0 0 0 0 0 0 0 0 0 0 0 0 0 0 0 0 0 0 0 0 0 0 0 0 0 0 0 0 0 0 0 0 0 0 0 0 0 0 0 0 0 0 0 0 0 0 0 0 0 0 0 0 0 0 0 0 0 0 0 0 0 0 0 0 0 0 0 0 0 0 -0.03766622 0.607508722 -1.079174061 5.477324618 -1.285302167
249.035 0 0 0 0 0 0 0 0 0 0 0 0 0 0 0 0 0 0 0 0 0 0 0 0 0 0 0 0 0 0 0 0 0 0 0 0 0 0 0 0 0 0 0 0 0 0 0 0 0 0 0 0 0 0 0 0 0 0 0 0 0 0 0 0 0 0 0 0 0 0 0 0 0 0 0 0 0 0 0 0 0 0 0 0 0 0 0 0 0 0 0 0 0 0 0 0 0 0 0 0 0 0 0 0 0 0 0 0 0 0 0 -0.066681257 -0.271542266 0.03718324 -0.278476893 2.333469083 -6.113458921
252.228 0 0 0 0 0 0 0 0 0 0 0 0 0 0 0 0 0 0 0 0 0 0 0 0 0 0 0 0 0 0 0 0 0 0 0 0 0 0 0 0 0 0 0 0 0 0 0 0 0 0 0 0 0 0 0 0 0 0 0 0 0 0 0 0 0 0 0 0 0 0 0 0 0 0 0 0 0 0 0 0 0 0 0 0 0 0 0 0 0 0 0 0 0 0 0 0 0 0 0 0 0 0 0 0 0 0 0 0 0 0 -0.006059273 0.004769116 0.067691515 -0.160629609 -0.931417851 -2.426216255 2.164678566
255.423 0 0 0 0 0 0 0 0 0 0 0 0 0 0 0 0 0 0 0 0 0 0 0 0 0 0 0 0 0 0 0 0 0 0 0 0 0 0 0 0 0 0 0 0 0 0 0 0 0 0 0 0 0 0 0 0 0 0 0 0 0 0 0 0 0 0 0 0 0 0 0 0 0 0 0 0 0 0 0 0 0 0 0 0 0 0 0 0 0 0 0 0 0 0 0 0 0 0 0 0 0 0 0 0 0 0 0 0 0 -0.03392533 -0.000302 0.063899702 -0.010053478 -0.576659199 0.560933904 2.238492667 20.75939347
258.621 0 0 0 0 0 0 0 0 0 0 0 0 0 0 0 0 0 0 0 0 0 0 0 0 0 0 0 0 0 0 0 0 0 0 0 0 0 0 0 0 0 0 0 0 0 0 0 0 0 0 0 0 0 0 0 0 0 0 0 0 0 0 0 0 0 0 0 0 0 0 0 0 0 0 0 0 0 0 0 0 0 0 0 0 0 0 0 0 0 0 0 0 0 0 0 0 0 0 0 0 0 0 0 0 0 0 0 0 0.007182462 0.002689564 0.003005132 0.043268489 0.047257057 0.048177319 1.208940719 -1.021998467 8.544236169
261.821 0 0 0 0 0 0 0 0 0 0 0 0 0 0 0 0 0 0 0 0 0 0 0 0 0 0 0 0 0 0 0 0 0 0 0 0 0 0 0 0 0 0 0 0 0 0 0 0 0 0 0 0 0 0 0 0 0 0 0 0 0 0 0 0 0 0 0 0 0 0 0 0 0 0 0 0 0 0 0 0 0 0 0 0 0 0 0 0 0 0 0 0 0 0 0 0 0 0 0 0 0 0 0 0 0 0 0 0.013116196 0.013371392 0.001675866 0.064742911 0.028902164 0.033533824 0.590682333 1.023545392 3.740344603 16.97925843
265.023 0 0 0 0 0 0 0 0 0 0 0 0 0 0 0 0 0 0 0 0 0 0 0 0 0 0 0 0 0 0 0 0 0 0 0 0 0 0 0 0 0 0 0 0 0 0 0 0 0 0 0 0 0 0 0 0 0 0 0 0 0 0 0 0 0 0 0 0 0 0 0 0 0 0 0 0 0 0 0 0 0 0 0 0 0 0 0 0 0 0 0 0 0 0 0 0 0 0 0 0 0 0 0 0 0 0 0.011758283 0.004243289 -0.008538412 0.035234633 -0.019397228 -0.07366334 0.055057151 0.153072176 0.831369049 -1.75607475 -2.832557695
268.228 0 0 0 0 0 0 0 0 0 0 0 0 0 0 0 0 0 0 0 0 0 0 0 0 0 0 0 0 0 0 0 0 0 0 0 0 0 0 0 0 0 0 0 0 0 0 0 0 0 0 0 0 0 0 0 0 0 0 0 0 0 0 0 0 0 0 0 0 0 0 0 0 0 0 0 0 0 0 0 0 0 0 0 0 0 0 0 0 0 0 0 0 0 0 0 0 0 0 0 0 0 0 0 0 0 0.010400897 0.017916387 0.001664896 0.024389621 -0.010268731 0.039113378 0.038670864 -0.000246 -0.161857521 -1.185954016 4.898933208 6.342969177
271.434 0 0 0 0 0 0 0 0 0 0 0 0 0 0 0 0 0 0 0 0 0 0 0 0 0 0 0 0 0 0 0 0 0 0 0 0 0 0 0 0 0 0 0 0 0 0 0 0 0 0 0 0 0 0 0 0 0 0 0 0 0 0 0 0 0 0 0 0 0 0 0 0 0 0 0 0 0 0 0 0 0 0 0 0 0 0 0 0 0 0 0 0 0 0 0 0 0 0 0 0 0 0 0 0 0.009003636 -0.005440423 0.011412501 -0.000569 -0.0026204 0.000774 0.010368337 -0.07127234 0.012377177 -0.40552948 0.306212583 -0.583157741 -16.18038702
274.643 0 0 0 0 0 0 0 0 0 0 0 0 0 0 0 0 0 0 0 0 0 0 0 0 0 0 0 0 0 0 0 0 0 0 0 0 0 0 0 0 0 0 0 0 0 0 0 0 0 0 0 0 0 0 0 0 0 0 0 0 0 0 0 0 0 0 0 0 0 0 0 0 0 0 0 0 0 0 0 0 0 0 0 0 0 0 0 0 0 0 0 0 0 0 0 0 0 0 0 0 0 0 0 0.013377698 0.011361107 0.021870223 0.022900146 -0.013953242 0.02236084 0.026588363 0.058980009 0.178510719 0.338876948 0.521235623 1.730659549 5.000188171 25.83195435
277.854 0 0 0 0 0 0 0 0 0 0 0 0 0 0 0 0 0 0 0 0 0 0 0 0 0 0 0 0 0 0 0 0 0 0 0 0 0 0 0 0 0 0 0 0 0 0 0 0 0 0 0 0 0 0 0 0 0 0 0 0 0 0 0 0 0 0 0 0 0 0 0 0 0 0 0 0 0 0 0 0 0 0 0 0 0 0 0 0 0 0 0 0 0 0 0 0 0 0 0 0 0 0 -0.001493339 -0.004169457 -7.86e-05 -0.017700651 0.009069399 -0.000661 -0.002957514 -0.048146552 -0.032106624 -0.027147313 -0.013299468 -0.607201113 -0.404509897 -3.861352922 -7.525963636
281.068 0 0 0 0 0 0 0 0 0 0 0 0 0 0 0 0 0 0 0 0 0 0 0 0 0 0 0 0 0 0 0 0 0 0 0 0 0 0 0 0 0 0 0 0 0 0 0 0 0 0 0 0 0 0 0 0 0 0 0 0 0 0 0 0 0 0 0 0 0 0 0 0 0 0 0 0 0 0 0 0 0 0 0 0 0 0 0 0 0 0 0 0 0 0 0 0 0 0 0 0 0 0.001268078 0.002918769 -0.003367586 0.005730273 -0.006399196 -0.013137215 -0.013948305 0.001555118 0.001200233 0.030324155 -0.018283642 0.199045327 -0.064583853 -1.322240584 4.328025178 -14.86489164
284.283 0 0 0 0 0 0 0 0 0 0 0 0 0 0 0 0 0 0 0 0 0 0 0 0 0 0 0 0 0 0 0 0 0 0 0 0 0 0 0 0 0 0 0 0 0 0 0 0 0 0 0 0 0 0 0 0 0 0 0 0 0 0 0 0 0 0 0 0 0 0 0 0 0 0 0 0 0 0 0 0 0 0 0 0 0 0 0 0 0 0 0 0 0 0 0 0 0 0 0 0 -0.002043437 0.006568403 0.000295 0.001514261 0.004215041 -0.005238312 0.008711544 0.022943471 0.012732039 0.053766047 0.043187863 0.098505382 0.271805393 -0.145516761 1.506373991 4.173105448 12.58790707
287.501 0 0 0 0 0 0 0 0 0 0 0 0 0 0 0 0 0 0 0 0 0 0 0 0 0 0 0 0 0 0 0 0 0 0 0 0 0 0 0 0 0 0 0 0 0 0 0 0 0 0 0 0 0 0 0 0 0 0 0 0 0 0 0 0 0 0 0 0 0 0 0 0 0 0 0 0 0 0 0 0 0 0 0 0 0 0 0 0 0 0 0 0 0 0 0 0 0 0 0 0.000413 0.003781834 -0.003042943 0.004766846 0.013874588 -0.000316 0.006388868 -0.003821906 0.002674639 0.021681901 0.003218097 -0.008411865 -0.047272149 -0.055706855 0.206144778 0.143168692 7.527514839 10.89460021
290.72 0 0 0 0 0 0 0 0 0 0 0 0 0 0 0 0 0 0 0 0 0 0 0 0 0 0 0 0 0 0 0 0 0 0 0 0 0 0 0 0 0 0 0 0 0 0 0 0 0 0 0 0 0 0 0 0 0 0 0 0 0 0 0 0 0 0 0 0 0 0 0 0 0 0 0 0 0 0 0 0 0 0 0 0 0 0 0 0 0 0 0 0 0 0 0 0 0 0 0.005571134 0.007026411 0.005103013 -0.005550938 0.005605431 -0.004844042 -0.003838276 0.007160443 -0.010882432 0.004623794 -0.008157848 -0.001957177 -0.001653258 -3.76e-05 0.036224126 -0.220253538 -0.298729494 -8.053733299 -0.040925203
293.942 0 0 0 0 0 0 0 0 0 0 0 0 0 0 0 0 0 0 0 0 0 0 0 0 0 0 0 0 0 0 0 0 0 0 0 0 0 0 0 0 0 0 0 0 0 0 0 0 0 0 0 0 0 0 0 0 0 0 0 0 0 0 0 0 0 0 0 0 0 0 0 0 0 0 0 0 0 0 0 0 0 0 0 0 0 0 0 0 0 0 0 0 0 0 0 0 0 0.005295625 0.006439738 0.003450366 0.012998865 0.002955362 0.002710146 -0.00762306 0.001746668 0.005425419 0.007808792 0.000589 -0.001894501 0.01107704 0.009553791 -0.020071261 -0.096722574 0.034841054 1.175827273 -0.365936049 -3.346750322
297.166 0 0 0 0 0 0 0 0 0 0 0 0 0 0 0 0 0 0 0 0 0 0 0 0 0 0 0 0 0 0 0 0 0 0 0 0 0 0 0 0 0 0 0 0 0 0 0 0 0 0 0 0 0 0 0 0 0 0 0 0 0 0 0 0 0 0 0 0 0 0 0 0 0 0 0 0 0 0 0 0 0 0 0 0 0 0 0 0 0 0 0 0 0 0 0 0 0.003046461 0.008485417 0.00970436 0.006940579 0.010651167 -0.00231053 -0.003319115 0.010056753 0.018831725 0.00908 0.002742006 0.035463791 0.034782118 0.029550789 0.012880057 0.088423982 0.139106913 0.548345972 0.336584612 -1.904899274 16.09189291
300.392 0 0 0 0 0 0 0 0 0 0 0 0 0 0 0 0 0 0 0 0 0 0 0 0 0 0 0 0 0 0 0 0 0 0 0 0 0 0 0 0 0 0 0 0 0 0 0 0 0 0 0 0 0 0 0 0 0 0 0 0 0 0 0 0 0 0 0 0 0 0 0 0 0 0 0 0 0 0 0 0 0 0 0 0 0 0 0 0 0 0 0 0 0 0 0 0.006147377 0.00694579 0.008795239 0.013813993 0.013614089 0.021072743 0.005522446 0.015131413 0.017053368 0.012146987 0.007811081 0.010700284 0.033305837 0.045151308 0.035133609 0.080085235 0.110714705 0.269533781 0.155082415 0.772994296 4.363569284 11.88409953
303.62 0 0 0 0 0 0 0 0 0 0 0 0 0 0 0 0 0 0 0 0 0 0 0 0 0 0 0 0 0 0 0 0 0 0 0 0 0 0 0 0 0 0 0 0 0 0 0 0 0 0 0 0 0 0 0 0 0 0 0 0 0 0 0 0 0 0 0 0 0 0 0 0 0 0 0 0 0 0 0 0 0 0 0 0 0 0 0 0 0 0 0 0 0 0 -0.002459205 0.000745 0.00062 0.003760338 0.004938476 0.002298764 -0.007128835 -0.01236468 -0.006488652 3.95e-05 0.001363346 0.009601934 0.0099201 -0.000823 0.008030017 -0.025893057 0.001853527 -0.1065956 -0.159480481 -0.090080478 -0.667751591 -4.153769822 -15.40528964
306.85 0 0 0 0 0 0 0 0 0 0 0 0 0 0 0 0 0 0 0 0 0 0 0 0 0 0 0 0 0 0 0 0 0 0 0 0 0 0 0 0 0 0 0 0 0 0 0 0 0 0 0 0 0 0 0 0 0 0 0 0 0 0 0 0 0 0 0 0 0 0 0 0 0 0 0 0 0 0 0 0 0 0 0 0 0 0 0 0 0 0 0 0 0 0.002863776 0.000608 0.003044639 0.007064917 0.009512775 0.01482405 0.013013024 0.005348328 0.008798944 0.015646613 0.011755771 0.01686659 0.011202807 0.014896161 0.032379455 0.026005197 0.046955849 0.040840714 0.043023036 0.101682769 0.486831779 -0.000884 -4.863827045 19.36945119
310.082 0 0 0 0 0 0 0 0 0 0 0 0 0 0 0 0 0 0 0 0 0 0 0 0 0 0 0 0 0 0 0 0 0 0 0 0 0 0 0 0 0 0 0 0 0 0 0 0 0 0 0 0 0 0 0 0 0 0 0 0 0 0 0 0 0 0 0 0 0 0 0 0 0 0 0 0 0 0 0 0 0 0 0 0 0 0 0 0 0 0 0 0 0.000879 0.002418315 0.005539349 0.004847512 0.007633949 0.010646315 0.006229775 0.009810682 0.006470193 0.011740009 0.010914848 0.010371341 0.020276039 0.01212488 0.018297367 0.035757165 0.043825311 0.017698096 0.027003834 0.040443187 0.174969678 0.125049284 -0.129869663 1.547884836 -12.16755494
313.316 0 0 0 0 0 0 0 0 0 0 0 0 0 0 0 0 0 0 0 0 0 0 0 0 0 0 0 0 0 0 0 0 0 0 0 0 0 0 0 0 0 0 0 0 0 0 0 0 0 0 0 0 0 0 0 0 0 0 0 0 0 0 0 0 0 0 0 0 0 0 0 0 0 0 0 0 0 0 0 0 0 0 0 0 0 0 0 0 0 0 0 0.002794875 0.001557196 -0.000143 0.00182631 0.002927876 0.009508608 0.008735675 -0.003750487 0.004200444 0.006127149 0.005455363 0.008492232 0.002803056 0.005073161 0.012193949 0.010769175 0.018797373 0.017498352 0.027611252 -0.005901302 -0.002122614 0.264898595 0.340199898 1.863674888 1.732286682 12.69316972
316.553 0 0 0 0 0 0 0 0 0 0 0 0 0 0 0 0 0 0 0 0 0 0 0 0 0 0 0 0 0 0 0 0 0 0 0 0 0 0 0 0 0 0 0 0 0 0 0 0 0 0 0 0 0 0 0 0 0 0 0 0 0 0 0 0 0 0 0 0 0 0 0 0 0 0 0 0 0 0 0 0 0 0 0 0 0 0 0 0 0 0 0.002954492 0.002412269 0.004054187 0.001289778 0.002169952 0.008717557 0.00019 0.008446489 0.010136458 0.01098147 0.011436262 0.013238903 0.01588326 0.016836872 0.014191707 0.018575444 0.019351087 0.028393828 0.018990304 0.00511055 0.019246669 0.055162567 0.091400096 0.013943177 0.481540967 6.757823796 4.937922407
319.791 0 0 0 0 0 0 0 0 0 0 0 0 0 0 0 0 0 0 0 0 0 0 0 0 0 0 0 0 0 0 0 0 0 0 0 0 0 0 0 0 0 0 0 0 0 0 0 0 0 0 0 0 0 0 0 0 0 0 0 0 0 0 0 0 0 0 0 0 0 0 0 0 0 0 0 0 0 0 0 0 0 0 0 0 0 0 0 0 0 0.001253439 0.005429227 0.002183926 0.000897 0.00204005 -0.004518203 0.000266 -0.003524285 0.001228242 0.006446035 0.003719619 0.003981609 0.00534724 0.007365734 3.15e-05 0.011307735 0.008266021 0.008988883 0.012114785 0.019121525 -0.001759422 -0.028391771 -0.022862121 -0.011763026 -0.066145469 -0.84407481 -1.505965593 -2.771630085
323.031 0 0 0 0 0 0 0 0 0 0 0 0 0 0 0 0 0 0 0 0 0 0 0 0 0 0 0 0 0 0 0 0 0 0 0 0 0 0 0 0 0 0 0 0 0 0 0 0 0 0 0 0 0 0 0 0 0 0 0 0 0 0 0 0 0 0 0 0 0 0 0 0 0 0 0 0 0 0 0 0 0 0 0 0 0 0 0 0 0.004555095 0.005144028 0.003610999 0.007467299 0.003831414 0.005422772 0.005907722 0.001692326 0.004377949 0.004058208 0.009792941 0.005840979 0.00373565 0.002761022 0.006257341 0.013246404 0.012133179 0.018147099 0.01517216 0.02617082 0.039651336 0.028783977 0.051040757 0.041852287 0.062720597 0.462567824 -0.199004807 4.765248729 0.179403879
326.273 0 0 0 0 0 0 0 0 0 0 0 0 0 0 0 0 0 0 0 0 0 0 0 0 0 0 0 0 0 0 0 0 0 0 0 0 0 0 0 0 0 0 0 0 0 0 0 0 0 0 0 0 0 0 0 0 0 0 0 0 0 0 0 0 0 0 0 0 0 0 0 0 0 0 0 0 0 0 0 0 0 0 0 0 0 0 0 0.00591261 0.005064939 0.0062499 0.005043037 0.00792804 0.007265841 -0.001395367 -0.000624 -0.000197 0.007592807 0.004152279 0.00918483 0.003750808 0.00239304 0.006019201 0.009950819 0.016551763 0.015275776 0.014331745 0.020836893 0.030499042 0.042826649 0.046158458 0.030696546 0.097797763 0.12223137 -0.17701655 2.101718614 3.052788597 8.20213358
329.517 0 0 0 0 0 0 0 0 0 0 0 0 0 0 0 0 0 0 0 0 0 0 0 0 0 0 0 0 0 0 0 0 0 0 0 0 0 0 0 0 0 0 0 0 0 0 0 0 0 0 0 0 0 0 0 0 0 0 0 0 0 0 0 0 0 0 0 0 0 0 0 0 0 0 0 0 0 0 0 0 0 0 0 0 0 0 0.003217738 0.002895226 0.007492084 0.006294471 0.006853147 0.008947738 0.007572818 0.011592937 0.00130537 0.004464591 0.006757706 0.00594308 0.007917982 0.006768998 0.009393839 0.007560953 0.007898208 0.01210967 0.008403862 0.012927905 0.022923139 0.017780102 0.032133027 0.018455654 0.07067599 0.01901774 0.053823832 0.21726196 -0.044834215 -1.790743165 9.394772913
332.763 0 0 0 0 0 0 0 0 0 0 0 0 0 0 0 0 0 0 0 0 0 0 0 0 0 0 0 0 0 0 0 0 0 0 0 0 0 0 0 0 0 0 0 0 0 0 0 0 0 0 0 0 0 0 0 0 0 0 0 0 0 0 0 0 0 0 0 0 0 0 0 0 0 0 0 0 0 0 0 0 0 0 0 0 0 0.002102367 0.002020283 0.005396738 0.00572408 0.006965933 0.006030006 0.008347298 0.005435117 0.003290658 -0.000405 0.006589835 0.006107993 0.001499909 0.006104389 0.004705784 0.005632795 0.006628113 0.008004868 0.010992328 0.013746334 0.014822789 0.006425756 0.027217606 0.028806977 0.018647853 0.063089008 0.035231789 0.153749863 -0.147279477 0.371938875 0.61915007 8.566133319
336.011 0 0 0 0 0 0 0 0 0 0 0 0 0 0 0 0 0 0 0 0 0 0 0 0 0 0 0 0 0 0 0 0 0 0 0 0 0 0 0 0 0 0 0 0 0 0 0 0 0 0 0 0 0 0 0 0 0 0 0 0 0 0 0 0 0 0 0 0 0 0 0 0 0 0 0 0 0 0 0 0 0 0 0 0 0.001102013 0.003088181 0.005213349 0.005014724 0.0064795 0.006084549 0.007801601 0.00816103 0.003109578 0.005709635 0.005134019 0.007382284 0.003712021 0.009502001 0.005677187 0.002879793 0.004892437 0.004174505 0.004372087 0.007702789 0.006476914 0.015541571 0.019911024 0.021850815 0.021501211 0.005732045 -0.00488649 0.019007495 -0.091784022 0.237121497 1.06776548 2.191594961 7.767205658
339.261 0 0 0 0 0 0 0 0 0 0 0 0 0 0 0 0 0 0 0 0 0 0 0 0 0 0 0 0 0 0 0 0 0 0 0 0 0 0 0 0 0 0 0 0 0 0 0 0 0 0 0 0 0 0 0 0 0 0 0 0 0 0 0 0 0 0 0 0 0 0 0 0 0 0 0 0 0 0 0 0 0 0 0 0.000638 -0.000574 -0.000151 0.004127904 0.003342722 0.007963568 0.008929124 0.008461482 0.003266158 0.006888186 0.004566596 0.00585654 0.006604435 0.003220556 0.004170846 0.006416711 0.001054098 0.004707264 0.001482192 0.003913027 0.009746986 0.010291835 0.013805428 0.018228966 0.01156516 0.018626863 0.016609866 0.000437 -0.103501811 0.027769762 -0.335515602 -1.053777242 -5.339238797 -7.049882719
342.512 0 0 0 0 0 0 0 0 0 0 0 0 0 0 0 0 0 0 0 0 0 0 0 0 0 0 0 0 0 0 0 0 0 0 0 0 0 0 0 0 0 0 0 0 0 0 0 0 0 0 0 0 0 0 0 0 0 0 0 0 0 0 0 0 0 0 0 0 0 0 0 0 0 0 0 0 0 0 0 0 0 0 1.98e-05 0.00064 -0.001525042 0.002269538 0.004222594 0.006956742 0.005134009 0.008829381 0.011887813 0.014095009 0.010689596 0.010700685 0.007646879 0.008531229 0.006523497 0.009143875 0.001096136 0.001732445 0.004920006 0.012488865 -0.001338889 0.006456559 0.008579331 0.013556141 0.002250021 0.024759296 0.020251352 0.009011403 -0.039835631 0.074007678 -0.1173414 -0.211015892 -1.307342781 -2.229940977 11.16161632
345.766 0 0 0 0 0 0 0 0 0 0 0 0 0 0 0 0 0 0 0 0 0 0 0 0 0 0 0 0 0 0 0 0 0 0 0 0 0 0 0 0 0 0 0 0 0 0 0 0 0 0 0 0 0 0 0 0 0 0 0 0 0 0 0 0 0 0 0 0 0 0 0 0 0 0 0 0 0 0 0 0 0 -0.001061802 0.002554514 0.00348921 0.003917979 0.006108057 0.00630921 0.007574624 0.007729644 0.008775164 0.010107916 0.012090522 0.009434202 0.010395829 0.009713393 0.009506814 0.009894377 0.011112284 0.006648511 0.005944098 0.00929071 0.012808886 0.00304054 0.007546288 0.012790857 0.020619135 0.010809627 0.023285874 0.024097764 0.016616346 -0.009840333 -0.072505648 0.021184281 -0.375876115 -0.039219631 -2.33711971 -9.277754895
349.021 0 0 0 0 0 0 0 0 0 0 0 0 0 0 0 0 0 0 0 0 0 0 0 0 0 0 0 0 0 0 0 0 0 0 0 0 0 0 0 0 0 0 0 0 0 0 0 0 0 0 0 0 0 0 0 0 0 0 0 0 0 0 0 0 0 0 0 0 0 0 0 0 0 0 0 0 0 0 0 0 0.003940907 0.002989955 0.00384091 0.008439282 0.006439673 0.007507808 0.009677117 0.013059063 0.010357629 0.010266549 0.010485329 0.015074115 0.016200731 0.014373581 0.013467572 0.010892783 0.012887868 0.012357758 0.00399642 0.017967668 0.008460852 0.017014703 0.018329736 0.011318683 0.023771054 0.027610569 0.023471972 0.038060802 0.032653005 0.050217778 0.028746079 -0.031649284 0.013627013 0.103941971 1.839596605 1.27187037 1.363791345
352.278 0 0 0 0 0 0 0 0 0 0 0 0 0 0 0 0 0 0 0 0 0 0 0 0 0 0 0 0 0 0 0 0 0 0 0 0 0 0 0 0 0 0 0 0 0 0 0 0 0 0 0 0 0 0 0 0 0 0 0 0 0 0 0 0 0 0 0 0 0 0 0 0 0 0 0 0 0 0 0 0.000742 0.002044899 0.004223079 0.004485726 0.006619045 0.007402928 0.009308908 0.011512461 0.007193565 0.011405539 0.011582556 0.013186932 0.013105094 0.011412123 0.013003036 0.013296627 0.014364622 0.012248965 0.011341135 0.009963832 0.00822716 0.008429965 0.01842036 0.011748995 0.015830939 0.019329826 0.01952489 0.011568267 0.018391358 0.014848732 0.025181067 -0.041619656 0.082810606 -0.081870213 -0.141084422 0.38970069 -7.030698124 -6.775385682
355.537 0 0 0 0 0 0 0 0 0 0 0 0 0 0 0 0 0 0 0 0 0 0 0 0 0 0 0 0 0 0 0 0 0 0 0 0 0 0 0 0 0 0 0 0 0 0 0 0 0 0 0 0 0 0 0 0 0 0 0 0 0 0 0 0 0 0 0 0 0 0 0 0 0 0 0 0 0 0 0.002991854 0.004775263 0.004835729 0.007023237 0.008876531 0.009702907 0.010537773 0.011290115 0.00790943 0.010529671 0.014620836 0.014917361 0.018166845 0.019986954 0.01726206 0.01811542 0.016364554 0.014108434 0.016177062 0.015621229 0.013099927 0.01506623 0.014103143 0.02243444 0.016303237 0.025313755 0.020883953 0.019815502 0.039078418 0.03833543 0.03788878 0.037087701 0.069099994 0.107671239 -0.112048606 0.434965092 -0.828118781 2.261575195 22.26544696
358.798 0 0 0 0 0 0 0 0 0 0 0 0 0 0 0 0 0 0 0 0 0 0 0 0 0 0 0 0 0 0 0 0 0 0 0 0 0 0 0 0 0 0 0 0 0 0 0 0 0 0 0 0 0 0 0 0 0 0 0 0 0 0 0 0 0 0 0 0 0 0 0 0 0 0 0 0 0 0.003282841 0.004258664 0.006624127 0.00670626 0.008738204 0.008179474 0.007930867 0.011072958 0.016119678 0.01402139 0.012139466 0.017851935 0.019857254 0.019494522 0.017799209 0.019575866 0.020227362 0.017329805 0.019169616 0.018054977 0.01565606 0.018181277 0.019343907 0.023468159 0.021583398 0.026311792 0.022575491 0.033363333 0.024464919 0.031806803 0.027059616 0.033432511 0.045630823 0.036006734 0.030425522 0.056584989 -0.125497212 0.108605316 -3.450453731 19.84733353
362.061 0 0 0 0 0 0 0 0 0 0 0 0 0 0 0 0 0 0 0 0 0 0 0 0 0 0 0 0 0 0 0 0 0 0 0 0 0 0 0 0 0 0 0 0 0 0 0 0 0 0 0 0 0 0 0 0 0 0 0 0 0 0 0 0 0 0 0 0 0 0 0 0 0 0 0 0 0.002557946 0.002004449 0.003748848 0.006137147 0.007978239 0.010052631 0.009008588 0.012372075 0.01605288 0.012359815 0.016259842 0.015581383 0.015184195 0.01869947 0.016500257 0.019654089 0.022332133 0.023116076 0.018982507 0.015627708 0.018111975 0.018577789 0.019338354 0.020632813 0.025740098 0.022267792 0.022370459 0.023656668 0.027691981 0.036701656 0.033537739 0.037941491 0.050655055 0.022699091 0.002392016 0.078765971 -0.092415927 0.220728807 -0.411936009 -2.501619441 -10.20468961
365.325 0 0 0 0 0 0 0 0 0 0 0 0 0 0 0 0 0 0 0 0 0 0 0 0 0 0 0 0 0 0 0 0 0 0 0 0 0 0 0 0 0 0 0 0 0 0 0 0 0 0 0 0 0 0 0 0 0 0 0 0 0 0 0 0 0 0 0 0 0 0 0 0 0 0 0 0.003569529 0.006961793 0.008140519 0.009428733 0.009967518 0.011014004 0.012141039 0.014792969 0.016775488 0.014433551 0.018295196 0.020511134 0.020575011 0.021613329 0.023778967 0.025517603 0.025086399 0.025451008 0.021116992 0.02954964 0.022668562 0.02208054 0.025116374 0.028530989 0.026403453 0.026314017 0.038682777 0.032016387 0.037525036 0.040348059 0.051249566 0.060515787 0.061998774 0.053438913 0.068968947 0.124177874 0.210280592 0.16788164 0.131780312 2.144011755 4.878641235 26.83563851
368.591 0 0 0 0 0 0 0 0 0 0 0 0 0 0 0 0 0 0 0 0 0 0 0 0 0 0 0 0 0 0 0 0 0 0 0 0 0 0 0 0 0 0 0 0 0 0 0 0 0 0 0 0 0 0 0 0 0 0 0 0 0 0 0 0 0 0 0 0 0 0 0 0 0 0 0.002888941 0.005399805 0.00691166 0.008163574 0.009315203 0.013021694 0.011687644 0.011891244 0.013476263 0.01576791 0.015734618 0.01677821 0.01979329 0.020808619 0.019350533 0.027340316 0.027970608 0.028216298 0.025112546 0.022793627 0.024394537 0.025904969 0.02387467 0.021822529 0.021789663 0.027750193 0.032316634 0.033800823 0.02709893 0.048570031 0.049117697 0.054407408 0.057450888 0.049623533 0.081899312 0.073926515 0.05363615 0.197090524 0.167300477 1.002552123 0.289939843 1.596332727 -4.108255706
371.859 0 0 0 0 0 0 0 0 0 0 0 0 0 0 0 0 0 0 0 0 0 0 0 0 0 0 0 0 0 0 0 0 0 0 0 0 0 0 0 0 0 0 0 0 0 0 0 0 0 0 0 0 0 0 0 0 0 0 0 0 0 0 0 0 0 0 0 0 0 0 0 0 0 0.000936 0.004463162 0.00211201 0.005318904 0.007414764 0.006182536 0.010586062 0.00907843 0.017386698 0.016262994 0.012331147 0.01213281 0.018644604 0.018815709 0.021211169 0.020658146 0.021970677 0.025373957 0.02661011 0.025283196 0.025773579 0.02502725 0.021567151 0.019935852 0.019826307 0.024782079 0.022886403 0.025847282 0.02889688 0.02666702 0.029845801 0.036387667 0.030340874 0.035820833 0.040131586 0.022066375 0.022972095 0.03499358 -0.085732617 0.168108906 -0.375703382 -0.635804838 -1.361643448 -15.5315232
375.128 0 0 0 0 0 0 0 0 0 0 0 0 0 0 0 0 0 0 0 0 0 0 0 0 0 0 0 0 0 0 0 0 0 0 0 0 0 0 0 0 0 0 0 0 0 0 0 0 0 0 0 0 0 0 0 0 0 0 0 0 0 0 0 0 0 0 0 0 0 0 0 0 0.002841954 0.003607197 0.004619136 0.004305738 0.006531842 0.010178364 0.009936991 0.012464903 0.013421591 0.017919171 0.012223624 0.017771624 0.019139707 0.022452162 0.021199165 0.024716846 0.028020825 0.024547335 0.027377933 0.028187877 0.026201626 0.028471596 0.027750722 0.02704248 0.023088842 0.028725829 0.027319327 0.030312742 0.026758619 0.038802279 0.033821283 0.045198537 0.045215581 0.020203913 0.050837227 0.058311228 0.056374416 0.044559814 0.067963793 0.021429323 -0.035101899 -0.088726071 0.417265424 -2.602079548 0.910918675
378.399 0 0 0 0 0 0 0 0 0 0 0 0 0 0 0 0 0 0 0 0 0 0 0 0 0 0 0 0 0 0 0 0 0 0 0 0 0 0 0 0 0 0 0 0 0 0 0 0 0 0 0 0 0 0 0 0 0 0 0 0 0 0 0 0 0 0 0 0 0 0 0 0.003258227 0.003227805 0.005611698 0.005950653 0.008406918 0.010029427 0.011682489 0.016029397 0.016393241 0.016276546 0.014650912 0.021630842 0.018626178 0.0214521 0.02497667 0.027213015 0.02667958 0.029277033 0.030375009 0.029029596 0.030594557 0.027021914 0.028572692 0.030601154 0.027603972 0.028795238 0.030608939 0.034786392 0.026595815 0.04052208 0.03799168 0.039265171 0.039508734 0.055347911 0.059523952 0.055584305 0.072774783 0.07150099 0.035727639 0.038504169 0.117192493 0.088691628 0.293430951 0.700302546 4.77720651 35.26543711
381.672 0 0 0 0 0 0 0 0 0 0 0 0 0 0 0 0 0 0 0 0 0 0 0 0 0 0 0 0 0 0 0 0 0 0 0 0 0 0 0 0 0 0 0 0 0 0 0 0 0 0 0 0 0 0 0 0 0 0 0 0 0 0 0 0 0 0 0 0 0 0 0.003961179 0.002746752 0.003007887 0.004539363 0.007479019 0.010682023 0.00959908 0.012492324 0.012756264 0.017978517 0.012044965 0.020052417 0.018372928 0.022472749 0.022996693 0.023383901 0.026157993 0.028280932 0.027818283 0.028960928 0.027860789 0.030939248 0.027898805 0.029276019 0.030102988 0.028402696 0.029807899 0.030703456 0.036494733 0.03124708 0.033385529 0.038605972 0.03548641 0.040005467 0.05303859 0.045988652 0.068272257 0.044459924 0.063483168 0.041585334 0.025149046 0.13038074 0.158433691 0.222580832 0.51453187 -2.521225172 -14.22166184
384.947 0 0 0 0 0 0 0 0 0 0 0 0 0 0 0 0 0 0 0 0 0 0 0 0 0 0 0 0 0 0 0 0 0 0 0 0 0 0 0 0 0 0 0 0 0 0 0 0 0 0 0 0 0 0 0 0 0 0 0 0 0 0 0 0 0 0 0 0 0 0.002954961 0.005686949 0.003594373 0.004485391 0.0089589 0.008903772 0.01110903 0.012983234 0.016820271 0.0167007 0.020803264 0.019541753 0.021056055 0.024025064 0.024852619 0.027196216 0.024805799 0.030802797 0.030541817 0.030660935 0.033424566 0.030141163 0.031356432 0.033011139 0.032411446 0.032632081 0.030172953 0.032131909 0.030826128 0.036460731 0.032148951 0.032805512 0.037952233 0.051819295 0.049724281 0.060949559 0.042411001 0.059718642 0.047645444 0.058349771 0.060966016 0.041629751 0.103088597 0.000473 0.273310787 0.97867479 4.716757877 17.44072585
388.223 0 0 0 0 0 0 0 0 0 0 0 0 0 0 0 0 0 0 0 0 0 0 0 0 0 0 0 0 0 0 0 0 0 0 0 0 0 0 0 0 0 0 0 0 0 0 0 0 0 0 0 0 0 0 0 0 0 0 0 0 0 0 0 0 0 0 0 0 0.00311144 0.003437004 0.004114744 0.00369983 0.00472248 0.007958917 0.010943797 0.012154452 0.014479923 0.012841298 0.017236605 0.014421974 0.017165378 0.020327468 0.026161311 0.024221201 0.025439144 0.02623927 0.026665403 0.027414038 0.027302656 0.029945638 0.029651938 0.029495254 0.031670685 0.029556615 0.032746098 0.032356565 0.030383142 0.029517554 0.025498512 0.031117399 0.037840508 0.037124045 0.046899735 0.047304216 0.040037675 0.040144005 0.051481274 0.060001963 0.057027716 0.044424164 0.056758803 -0.042135319 -0.032759731 0.114239926 -0.989934132 -3.368263484 -4.835098128
391.5 0 0 0 0 0 0 0 0 0 0 0 0 0 0 0 0 0 0 0 0 0 0 0 0 0 0 0 0 0 0 0 0 0 0 0 0 0 0 0 0 0 0 0 0 0 0 0 0 0 0 0 0 0 0 0 0 0 0 0 0 0 0 0 0 0 0 0 0.000964 0.003126452 0.001003281 0.006159728 0.006980028 0.006084571 0.009316072 0.010467352 0.011994935 0.015739733 0.017599695 0.015582675 0.019452244 0.022539928 0.022430505 0.024316059 0.024648464 0.025951753 0.027562345 0.029015848 0.028652985 0.032000617 0.03131578 0.031998965 0.034306108 0.032447749 0.031062216 0.028533887 0.031862252 0.030823346 0.032172937 0.029666343 0.033135106 0.036154467 0.030572221 0.045051845 0.049629078 0.05031089 0.056333818 0.058021352 0.05482835 0.055111423 0.044585974 0.026089991 0.020266869 -0.005896385 0.071664781 -0.445093396 -2.831912764 -4.202395523
394.78 0 0 0 0 0 0 0 0 0 0 0 0 0 0 0 0 0 0 0 0 0 0 0 0 0 0 0 0 0 0 0 0 0 0 0 0 0 0 0 0 0 0 0 0 0 0 0 0 0 0 0 0 0 0 0 0 0 0 0 0 0 0 0 0 0 0 0.000689 0.000959 0.003109953 0.005282518 0.007606678 0.006805142 0.010109093 0.008859128 0.01148609 0.013670525 0.016581987 0.016845024 0.018279097 0.021548311 0.024447301 0.025549432 0.026313203 0.027300648 0.029688916 0.030954652 0.031783537 0.031247188 0.033453979 0.030369602 0.031836525 0.030856362 0.033065579 0.035005862 0.034016962 0.028920206 0.032061001 0.027977424 0.031365388 0.033671075 0.032466241 0.038607079 0.038864028 0.045908041 0.053718218 0.049965967 0.060398501 0.076703342 0.06261515 0.059106294 0.05162198 0.070079823 0.141237542 0.163999201 1.124893037 3.150815855 21.91947184
398.061 0 0 0 0 0 0 0 0 0 0 0 0 0 0 0 0 0 0 0 0 0 0 0 0 0 0 0 0 0 0 0 0 0 0 0 0 0 0 0 0 0 0 0 0 0 0 0 0 0 0 0 0 0 0 0 0 0 0 0 0 0 0 0 0 0 0.000694 0.00113037 0.003137041 0.004290041 0.004868646 0.007239807 0.008235607 0.009244308 0.012055943 0.013600065 0.017608285 0.018550483 0.015862866 0.022385284 0.023805835 0.023895524 0.027633553 0.026494849 0.028140122 0.029645149 0.028886776 0.031734914 0.031049048 0.033655279 0.030794497 0.036196343 0.033182041 0.036060719 0.030546583 0.029873115 0.032246117 0.033679037 0.032460039 0.032830717 0.043028897 0.038615751 0.034108095 0.041000341 0.047214321 0.051575592 0.05327388 0.065279554 0.066258797 0.068593774 0.068437544 0.061513934 0.039604495 0.165766353 0.329867182 0.123342231 3.012615584 -0.699234656
401.343 0 0 0 0 0 0 0 0 0 0 0 0 0 0 0 0 0 0 0 0 0 0 0 0 0 0 0 0 0 0 0 0 0 0 0 0 0 0 0 0 0 0 0 0 0 0 0 0 0 0 0 0 0 0 0 0 0 0 0 0 0 0 0 0 0.002756547 0.001529783 0.004538234 0.003317218 0.007633997 0.005300816 0.007500859 0.007937768 0.008802616 0.010387555 0.015249225 0.015339635 0.014641639 0.015226863 0.021920381 0.023334884 0.024679036 0.023954126 0.02736457 0.028675765 0.02945195 0.02909171 0.032240897 0.029553767 0.033351819 0.034026365 0.031281812 0.03280028 0.031731913 0.033600426 0.033023378 0.033012937 0.032559765 0.032764713 0.034110007 0.033905942 0.03873895 0.044876006 0.044022473 0.049282323 0.050088101 0.047035547 0.061106942 0.048905572 0.062604507 0.085251557 0.089511113 0.026594412 0.035256161 -0.000766 0.16235203 1.486794037 -10.19764234
404.627 0 0 0 0 0 0 0 0 0 0 0 0 0 0 0 0 0 0 0 0 0 0 0 0 0 0 0 0 0 0 0 0 0 0 0 0 0 0 0 0 0 0 0 0 0 0 0 0 0 0 0 0 0 0 0 0 0 0 0 0 0 0 0 0.001278898 0.00094 0.003663969 0.005260422 0.004956191 0.004857382 0.008407091 0.011102802 0.010000758 0.01057575 0.012471836 0.018146147 0.015345427 0.01768774 0.020716576 0.024354767 0.025259887 0.026424699 0.026604112 0.029868676 0.029771078 0.02911308 0.030658023 0.032270792 0.032025873 0.034954324 0.03338201 0.034846289 0.030388213 0.032081976 0.032569965 0.03478746 0.032875485 0.033410523 0.032094103 0.038932155 0.034270344 0.037070907 0.043858644 0.044542233 0.049083286 0.055817313 0.056975438 0.057879072 0.062979616 0.066040274 0.031025386 0.055145047 0.010652499 0.148858879 0.207876549 -1.281677972 3.048756173 5.340776652
407.912 0 0 0 0 0 0 0 0 0 0 0 0 0 0 0 0 0 0 0 0 0 0 0 0 0 0 0 0 0 0 0 0 0 0 0 0 0 0 0 0 0 0 0 0 0 0 0 0 0 0 0 0 0 0 0 0 0 0 0 0 0 0 0.000826 0.001512526 0.000389 0.002658819 0.003466991 0.004718224 0.005464823 0.00636081 0.009687344 0.008810569 0.012996624 0.013474866 0.013546737 0.0158408 0.019793977 0.019976273 0.022370321 0.024557356 0.024463558 0.029345709 0.026922558 0.030198061 0.028902257 0.028534572 0.030547159 0.033080994 0.033309845 0.032463882 0.034243035 0.03424115 0.035241737 0.03390365 0.032313483 0.032722805 0.033742299 0.035575991 0.034263732 0.035625316 0.035768931 0.037179772 0.042715672 0.042913659 0.046416043 0.043520069 0.045686485 0.048493211 0.049342851 0.038558535 0.007632875 0.026117878 0.008864751 -0.610814588 0.690792842 -2.71987817 -7.69743637
411.2 0 0 0 0 0 0 0 0 0 0 0 0 0 0 0 0 0 0 0 0 0 0 0 0 0 0 0 0 0 0 0 0 0 0 0 0 0 0 0 0 0 0 0 0 0 0 0 0 0 0 0 0 0 0 0 0 0 0 0 0 0 0.003083602 0.00065 0.002985817 0.003313797 0.004725862 0.005528955 0.004301975 0.008986577 0.009482264 0.011574537 0.013536008 0.012112746 0.011670495 0.016927206 0.020704873 0.02409415 0.021734639 0.024929017 0.025760068 0.027755753 0.028949195 0.02804323 0.030559074 0.030615561 0.032653902 0.032768945 0.031047432 0.032532706 0.033277517 0.031451986 0.037088042 0.033550607 0.03383708 0.034770765 0.031619697 0.032555961 0.032972922 0.04160956 0.032326395 0.042517751 0.043674341 0.048733841 0.041561741 0.047524086 0.049424979 0.052607255 0.048356639 0.068538934 0.054194098 0.102660986 0.026209613 -0.032820959 -0.053646073 -0.531522668 -1.250557393 22.54404094
414.488 0 0 0 0 0 0 0 0 0 0 0 0 0 0 0 0 0 0 0 0 0 0 0 0 0 0 0 0 0 0 0 0 0 0 0 0 0 0 0 0 0 0 0 0 0 0 0 0 0 0 0 0 0 0 0 0 0 0 0 0 0.002106121 0.004050643 0.003040523 0.003504735 0.004736525 0.006618835 0.007929273 0.009296257 0.01020824 0.011290685 0.013408197 0.013419121 0.01384018 0.01866045 0.019944548 0.020386541 0.024005099 0.025434276 0.02590353 0.02654361 0.028918463 0.030450957 0.031006752 0.032088086 0.032138304 0.03340399 0.032475655 0.035256991 0.036105481 0.035212617 0.037415566 0.034890235 0.030472633 0.034115519 0.034971113 0.033639082 0.032988887 0.037413329 0.036564316 0.043842806 0.042319926 0.045936177 0.042666015 0.054072653 0.063251781 0.0584926 0.061698147 0.075239977 0.057702899 0.082549282 0.101968341 0.11243102 0.243041571 0.319496046 1.201202387 6.806086976 16.59460504
417.778 0 0 0 0 0 0 0 0 0 0 0 0 0 0 0 0 0 0 0 0 0 0 0 0 0 0 0 0 0 0 0 0 0 0 0 0 0 0 0 0 0 0 0 0 0 0 0 0 0 0 0 0 0 0 0 0 0 0 0 0.000662 0.00340484 0.00073 0.002522897 0.002531721 0.003160293 0.004466785 0.006748241 0.007231209 0.007694869 0.010190515 0.011186604 0.009211647 0.014663804 0.016155471 0.016039145 0.017598699 0.020122721 0.023699124 0.02552301 0.025966295 0.027040911 0.025700745 0.029693892 0.028612888 0.028621534 0.030200699 0.03283204 0.031790753 0.033277381 0.031436185 0.031810196 0.032981305 0.028843591 0.032184043 0.029209666 0.031088161 0.029199723 0.026877355 0.033578682 0.034475902 0.035177469 0.034609288 0.041817989 0.049298833 0.051531933 0.046257481 0.046060205 0.045656537 0.048299925 0.044359496 0.029112744 0.043656301 -0.057860169 0.134009453 -0.454601758 -4.338765198 -10.64144127
421.069 0 0 0 0 0 0 0 0 0 0 0 0 0 0 0 0 0 0 0 0 0 0 0 0 0 0 0 0 0 0 0 0 0 0 0 0 0 0 0 0 0 0 0 0 0 0 0 0 0 0 0 0 0 0 0 0 0 0 0.00141473 0.002035521 0.000739 0.00443559 0.000943 0.005393873 0.00476837 0.004929669 0.007807142 0.009681986 0.009021023 0.01067852 0.016164888 0.016111939 0.014505085 0.017626431 0.019737683 0.019208427 0.020841793 0.021441457 0.024347917 0.024224626 0.029710446 0.027353653 0.029790572 0.028666451 0.027776679 0.029246735 0.030108659 0.032625559 0.032163624 0.033869927 0.030745619 0.03274331 0.033700444 0.033282424 0.034419133 0.03024646 0.032883857 0.030463684 0.03495919 0.041172347 0.035908573 0.034067242 0.042942319 0.051028875 0.051862148 0.047123434 0.064286601 0.069277512 0.034304865 0.032707545 0.049321433 0.08289034 0.160677567 0.182367441 1.223240091 4.299680528 -16.11709791
424.362 0 0 0 0 0 0 0 0 0 0 0 0 0 0 0 0 0 0 0 0 0 0 0 0 0 0 0 0 0 0 0 0 0 0 0 0 0 0 0 0 0 0 0 0 0 0 0 0 0 0 0 0 0 0 0 0 0 0.001938043 0.004911981 0.003797458 0.003184012 0.006327324 0.006198849 0.005885064 0.009102935 0.00943583 0.010963502 0.011645976 0.012274748 0.012301026 0.014833482 0.015677396 0.01647179 0.019439488 0.021948713 0.021702564 0.024045505 0.024395095 0.026497655 0.026449358 0.02913223 0.030636018 0.030424993 0.031151793 0.032455926 0.029476048 0.031609406 0.034229657 0.034431491 0.033952693 0.033343166 0.034827003 0.031581504 0.036436614 0.034177303 0.038969608 0.034157901 0.036245782 0.03641112 0.034846401 0.039929064 0.045288671 0.043080339 0.049685284 0.046467452 0.065545206 0.068260527 0.076514498 0.06223088 0.073745654 0.053529776 0.04586797 0.249046014 0.131992437 0.702564533 2.010590808 0
427.657 0 0 0 0 0 0 0 0 0 0 0 0 0 0 0 0 0 0 0 0 0 0 0 0 0 0 0 0 0 0 0 0 0 0 0 0 0 0 0 0 0 0 0 0 0 0 0 0 0 0 0 0 0 0 0 0 0.000974 0.001839955 0.003849891 0.004389019 0.006856519 0.005934374 0.006808154 0.008720078 0.008772203 0.011312405 0.010622416 0.012439012 0.011660739 0.011821818 0.016750111 0.016674734 0.018006459 0.019879276 0.021864052 0.023609156 0.023930671 0.025177187 0.02689473 0.027397316 0.028405505 0.030820741 0.030691071 0.03090098 0.030612955 0.031320817 0.032762929 0.034035594 0.03184842 0.031791465 0.03260422 0.032704162 0.033584198 0.034963877 0.035419711 0.031867128 0.030648824 0.038439934 0.033170035 0.03457068 0.038551572 0.044733525 0.047726179 0.062605348 0.059696732 0.062794844 0.060241651 0.054516148 0.046836684 0.066800071 0.097136859 0.038909573 0.200926602 0.641920907 2.099464591 9.495088584 0
430.952 0 0 0 0 0 0 0 0 0 0 0 0 0 0 0 0 0 0 0 0 0 0 0 0 0 0 0 0 0 0 0 0 0 0 0 0 0 0 0 0 0 0 0 0 0 0 0 0 0 0 0 0 0 0 0 0.000808 0.00151958 0.001904779 0.002684578 0.002782282 0.002488677 0.003621166 0.005866803 0.005787146 0.005822214 0.006017829 0.007146098 0.011052992 0.011540028 0.015249612 0.012342651 0.018228901 0.017617983 0.018072948 0.019402416 0.022545938 0.023228721 0.022914901 0.024859063 0.026253768 0.026269235 0.029198162 0.028267259 0.026873788 0.0302764 0.029059613 0.030794171 0.02946393 0.028261522 0.027949266 0.029941866 0.030538493 0.032911783 0.030650946 0.028732295 0.029222664 0.030396162 0.026992735 0.032188947 0.037864481 0.03366648 0.04221149 0.038070431 0.048151378 0.058629375 0.047974023 0.052462537 0.043127754 0.018965353 0.034961576 0.031498692 0.06265072 -0.017193264 -0.425947091 -1.488008264 0 0
434.249 0 0 0 0 0 0 0 0 0 0 0 0 0 0 0 0 0 0 0 0 0 0 0 0 0 0 0 0 0 0 0 0 0 0 0 0 0 0 0 0 0 0 0 0 0 0 0 0 0 0 0 0 0 0 0.000774 0.002407585 0.002190527 0.003142728 0.003139105 0.003808404 0.004971199 0.004561667 0.008593155 0.007037751 0.007048386 0.009968226 0.01214551 0.012829931 0.011977258 0.011437574 0.014215147 0.017011379 0.018332647 0.021419738 0.022219298 0.022930963 0.025523593 0.02664231 0.025119527 0.027236728 0.029946743 0.02803498 0.029811303 0.028874518 0.029066893 0.029084805 0.029796062 0.029642853 0.032124946 0.031053808 0.033636382 0.030911357 0.03171417 0.032823082 0.030243345 0.031055347 0.034449125 0.038720704 0.031026358 0.036558845 0.034838517 0.04039498 0.044660922 0.044230158 0.049750316 0.061774158 0.055134882 0.064909204 0.052107856 0.062234839 0.024897964 0.001141295 0.194217274 0.192175402 0.157985828 0 0
437.548 0 0 0 0 0 0 0 0 0 0 0 0 0 0 0 0 0 0 0 0 0 0 0 0 0 0 0 0 0 0 0 0 0 0 0 0 0 0 0 0 0 0 0 0 0 0 0 0 0 0 0 0 0 0.002089865 0.004030726 0.004802833 0.002462466 0.0048204 0.004514312 0.005787651 0.005849331 0.0074674 0.006992574 0.008662122 0.008641222 0.012145502 0.011598011 0.012555385 0.014969209 0.015870816 0.017559327 0.019436964 0.021104638 0.022386804 0.023414671 0.022496159 0.02419244 0.026564999 0.027558768 0.030108939 0.027855759 0.027272876 0.029026264 0.028460726 0.028773594 0.031328653 0.031892028 0.03164375 0.032631941 0.031976711 0.031011958 0.030719508 0.031165101 0.030765053 0.03246453 0.031350026 0.032153914 0.035186694 0.036423763 0.037937537 0.038483784 0.042502257 0.04333965 0.046600204 0.057933635 0.056561271 0.063424312 0.061311326 0.060384877 0.074446445 0.075586194 0.139214046 0.237212805 -0.027502156 0 0 0
440.848 0 0 0 0 0 0 0 0 0 0 0 0 0 0 0 0 0 0 0 0 0 0 0 0 0 0 0 0 0 0 0 0 0 0 0 0 0 0 0 0 0 0 0 0 0 0 0 0 0 0 0 0 0.000393 0.001515453 0.000132 0.001732426 0.001978378 0.00466546 0.001069733 0.004351836 0.004638576 0.005803791 0.009100295 0.006797308 0.008766918 0.010623719 0.008641777 0.014852573 0.016180908 0.015073034 0.017334844 0.015033508 0.018964244 0.022465267 0.019864828 0.021135593 0.022476112 0.021866186 0.024157667 0.024221197 0.025429319 0.02592123 0.026240399 0.028141707 0.029671762 0.028585705 0.025203121 0.030835705 0.029440165 0.029400542 0.029892169 0.027543869 0.02926072 0.031903775 0.030844849 0.030142173 0.030947717 0.031496922 0.033717 0.032719048 0.041019272 0.03680735 0.037263329 0.047468693 0.044135133 0.050966137 0.046694655 0.056126711 0.038133032 0.062073118 0.013280799 0.076744045 -0.056368798 -0.381474964 0 0 0
444.149 0 0 0 0 0 0 0 0 0 0 0 0 0 0 0 0 0 0 0 0 0 0 0 0 0 0 0 0 0 0 0 0 0 0 0 0 0 0 0 0 0 0 0 0 0 0 0 0 0 0 0 0.002705212 0.005085915 0.004640159 0.001908314 0.006607523 0.004671319 0.00514208 0.004854309 0.00652392 0.008103173 0.008180416 0.008365611 0.009906114 0.012590821 0.012217333 0.010008841 0.013633536 0.014718681 0.01994242 0.018600403 0.019145042 0.020186141 0.021949981 0.023872782 0.023133446 0.022028652 0.024559578 0.027498425 0.0265056 0.028399552 0.028757565 0.028650166 0.030303803 0.031775938 0.030286174 0.030386769 0.029960223 0.027194303 0.029749685 0.033885992 0.031039748 0.035342978 0.032332084 0.031121038 0.032523378 0.033338651 0.036121609 0.038721541 0.037761643 0.043347267 0.04367088 0.042970529 0.048819676 0.047918635 0.062492728 0.054233278 0.068393223 0.056462504 0.074826234 0.127004378 0.144156329 0.173772309 0 0 0 0
447.451 0 0 0 0 0 0 0 0 0 0 0 0 0 0 0 0 0 0 0 0 0 0 0 0 0 0 0 0 0 0 0 0 0 0 0 0 0 0 0 0 0 0 0 0 0 0 0 0 0 0 0.000493 0.000743 0.001858874 0.001623377 0.002651219 0.002894305 0.003297743 0.004539033 0.004903806 0.004300158 0.005136137 0.006122839 0.010271917 0.009704357 0.011444368 0.012641392 0.010621973 0.012579386 0.01554118 0.014132374 0.01793916 0.018673895 0.019347031 0.020322104 0.020343476 0.020941454 0.022324914 0.023193759 0.022982121 0.025534327 0.027407629 0.025916612 0.027180734 0.026895404 0.027025841 0.026569726 0.026627842 0.028843737 0.027498952 0.030522515 0.027449488 0.028380334 0.028997758 0.027972694 0.028745568 0.031116398 0.031027239 0.034697405 0.03317482 0.039403965 0.03604888 0.034072901 0.03597171 0.047367888 0.044152363 0.054510451 0.043424009 0.044425494 0.048598958 0.019237582 -0.014290069 0.087755744 0.215947568 0 0 0 0
450.755 0 0 0 0 0 0 0 0 0 0 0 0 0 0 0 0 0 0 0 0 0 0 0 0 0 0 0 0 0 0 0 0 0 0 0 0 0 0 0 0 0 0 0 0 0 0 0 0 0 0.001415226 0.001037966 0.001868583 0.002733941 0.002167786 0.004131873 0.004309408 0.004542247 0.006577078 0.007263562 0.006674087 0.007765622 0.010077037 0.012289671 0.009917611 0.012352558 0.013255679 0.012211981 0.014633453 0.015044736 0.017992732 0.017993564 0.018781816 0.019084139 0.01879218 0.021318744 0.022313923 0.020582195 0.02430902 0.023986363 0.025936118 0.025298353 0.02639363 0.025859486 0.02566631 0.026560296 0.02561316 0.027861111 0.026288492 0.026776268 0.02767864 0.029635956 0.028337484 0.029904864 0.026501394 0.02662746 0.028330907 0.028451666 0.030034903 0.033340442 0.036975454 0.035785566 0.043884101 0.042429347 0.049609147 0.051603146 0.057587597 0.048905929 0.050550366 0.065107034 0.064846045 0.058004607 0.078768632 0 0 0 0 0
454.06 0 0 0 0 0 0 0 0 0 0 0 0 0 0 0 0 0 0 0 0 0 0 0 0 0 0 0 0 0 0 0 0 0 0 0 0 0 0 0 0 0 0 0 0 0 0 0 0 0.000926 -0.000491 7.26e-05 0.002995212 0.001968022 0.002781249 0.000319 0.00306546 0.002604647 0.006137399 0.003663075 0.006583428 0.007593224 0.006211208 0.009539264 0.009895023 0.00800379 0.010760008 0.012118924 0.013631559 0.01425188 0.0154459 0.017092179 0.018684329 0.020558647 0.017857065 0.01826344 0.020454774 0.022293244 0.02198755 0.023822626 0.021532933 0.023403087 0.024162793 0.024132387 0.023365153 0.026441967 0.024665569 0.024812615 0.026894937 0.024703708 0.027318387 0.026719081 0.030835899 0.027010115 0.028613052 0.025241483 0.025322473 0.027399562 0.030586822 0.028659147 0.029437561 0.039296903 0.038679523 0.033962445 0.041067117 0.048565795 0.039498386 0.041479764 0.050926117 0.036029692 0.025052047 0.051407416 0.046946711 0 0 0 0 0
457.366 0 0 0 0 0 0 0 0 0 0 0 0 0 0 0 0 0 0 0 0 0 0 0 0 0 0 0 0 0 0 0 0 0 0 0 0 0 0 0 0 0 0 0 0 0 0 0 -0.00039 0.000286 0.001129432 0.001788517 0.003525465 0.002094342 0.002718922 0.004431334 0.004755666 0.003599386 0.00349744 0.007697932 0.0075891 0.006574114 0.008968237 0.008885374 0.01206723 0.011771798 0.011803359 0.013925411 0.013761756 0.015588868 0.017456672 0.018577474 0.019172921 0.01971229 0.01977448 0.020689887 0.021391926 0.020659685 0.021754763 0.02154021 0.022004008 0.026499026 0.025494657 0.026987544 0.025937891 0.026374337 0.026462601 0.025597539 0.027627753 0.027913862 0.028316552 0.027353248 0.028445352 0.026405777 0.028070128 0.028475559 0.029191703 0.026287393 0.030339018 0.032454032 0.03400506 0.038783523 0.037161133 0.044438433 0.046929833 0.048023825 0.049255758 0.051082293 0.044419803 0.044710518 0.04575637 0.070419645 0 0 0 0 0 0
460.673 0 0 0 0 0 0 0 0 0 0 0 0 0 0 0 0 0 0 0 0 0 0 0 0 0 0 0 0 0 0 0 0 0 0 0 0 0 0 0 0 0 0 0 0 0 0 -0.000227 -0.001110258 0.001273394 -0.000418 0.001028965 0.000995 0.000445 0.002152134 0.000567 0.002078093 0.004177605 0.003264328 0.004383271 0.007162711 0.006217076 0.007067121 0.008536283 0.006461845 0.010292786 0.009811216 0.013772908 0.012515852 0.015239663 0.01304214 0.016741286 0.017599082 0.017188325 0.018700857 0.020031872 0.018815085 0.020358594 0.021852969 0.020362103 0.022979168 0.023674189 0.022390244 0.022069112 0.0225178 0.022697464 0.023003885 0.021259976 0.024624687 0.023734616 0.024324352 0.023713194 0.024750598 0.025475788 0.026019145 0.023100263 0.024046402 0.026017634 0.027967792 0.027140917 0.028354651 0.028711248 0.034299144 0.035834161 0.031496025 0.049066034 0.036111455 0.03430347 0.036789862 0.022268339 -0.002658667 0 0 0 0 0 0 0
463.982 0 0 0 0 0 0 0 0 0 0 0 0 0 0 0 0 0 0 0 0 0 0 0 0 0 0 0 0 0 0 0 0 0 0 0 0 0 0 0 0 0 0 0 0 0 0.001119047 0.002247858 0.001119837 0.001547489 0.001325492 0.002520169 0.004274937 0.003699561 0.003907674 0.005433081 0.005860835 0.005076001 0.006698881 0.005761685 0.007816343 0.008188319 0.008085213 0.009497259 0.010431907 0.011006259 0.011734738 0.015744384 0.013854918 0.017100968 0.016442185 0.015788527 0.01677355 0.017089259 0.017527067 0.018573674 0.020674866 0.01966457 0.021438863 0.023539907 0.022556597 0.021713233 0.023696372 0.023168934 0.022133808 0.024610851 0.026011898 0.023673439 0.024626468 0.024560147 0.025016554 0.026088393 0.027130774 0.027873571 0.028273866 0.028795344 0.028748591 0.029930913 0.029255683 0.025773419 0.029541109 0.038663487 0.038219234 0.04577709 0.041513889 0.041894562 0.034354435 0.055883882 0.051779397 0.05489701 0.068899404 0 0 0 0 0 0 9.336350482
467.292 0 0 0 0 0 0 0 0 0 0 0 0 0 0 0 0 0 0 0 0 0 0 0 0 0 0 0 0 0 0 0 0 0 0 0 0 0 0 0 0 0 0 0 0 0.00059 0.00053 -0.001253403 0.001497115 0.002511472 0.001798826 0.000411 0.003460448 0.005661294 0.002063127 0.003311646 0.003134531 0.005101693 0.006160593 0.005867292 0.007161843 0.006049774 0.009614878 0.007006986 0.00957541 0.011481045 0.0122575 0.012212798 0.013241741 0.014788926 0.014286271 0.014941512 0.016168862 0.017494337 0.016866852 0.017969621 0.019888005 0.020662024 0.01899017 0.020436748 0.020541169 0.019915816 0.023518083 0.022080069 0.021273239 0.021152597 0.0215479 0.022935896 0.026306543 0.023708875 0.024075585 0.02323914 0.025068016 0.024886382 0.023728355 0.023914385 0.023929931 0.026981718 0.025199844 0.027043225 0.026632317 0.022804589 0.030867797 0.037007208 0.032692687 0.042113111 0.036578579 0.039889445 0.031409476 0.037949335 0 0 0 0 0 0 0 2.041850957
470.603 0 0 0 0 0 0 0 0 0 0 0 0 0 0 0 0 0 0 0 0 0 0 0 0 0 0 0 0 0 0 0 0 0 0 0 0 0 0 0 0 0 0 0 0.000628 -0.000382 0.00105029 0.001707274 0.000782 0.001111018 0.000277 0.001076985 0.00311637 0.002662119 0.002834884 0.005242986 0.005719406 0.005661554 0.007033594 0.009629666 0.005020017 0.006553809 0.006203407 0.008842177 0.012278052 0.012596782 0.013539119 0.011429076 0.013741128 0.015206564 0.015558223 0.015526466 0.01536822 0.01704735 0.017419636 0.019836805 0.019838828 0.01912877 0.020823434 0.020098069 0.019800271 0.021086756 0.021740476 0.020992379 0.022540464 0.022212079 0.022039703 0.02232763 0.022315361 0.023803365 0.02327125 0.022032561 0.023889134 0.023158292 0.023510718 0.022951797 0.024401366 0.025315076 0.02351213 0.025969036 0.032726935 0.035501994 0.034030126 0.032721805 0.035715264 0.036129148 0.030847743 0.037400421 0.041428809 0.044287607 0 0 0 0 0 0 -0.920997139 3.49446021
473.915 0 0 0 0 0 0 0 0 0 0 0 0 0 0 0 0 0 0 0 0 0 0 0 0 0 0 0 0 0 0 0 0 0 0 0 0 0 0 0 0 0 0 0.001594388 0.002765411 0.003877675 0.004293312 0.003693445 0.006007492 0.003950779 0.005225027 0.005905013 0.005642404 0.005688621 0.005358975 0.007732137 0.009841975 0.008387414 0.011067926 0.010501163 0.012410517 0.011058867 0.014297117 0.01389597 0.014596549 0.013072687 0.014811447 0.015270287 0.017022134 0.016312442 0.017445232 0.019376979 0.018571363 0.018508136 0.021379293 0.018266482 0.021823663 0.022130852 0.021036292 0.021054405 0.022768184 0.021710493 0.023493542 0.024551106 0.021269195 0.02180534 0.024651153 0.025438762 0.023654399 0.025241498 0.023779114 0.025111787 0.025638066 0.02599005 0.028329004 0.02636396 0.025867997 0.033642891 0.031005498 0.03216534 0.03478401 0.034978216 0.040105467 0.04515384 0.044834957 0.047071768 0.049861242 0.045644583 0.05984649 0 0 0 0 0 0 0 3.229600123 29.05718427
477.228 0 0 0 0 0 0 0 0 0 0 0 0 0 0 0 0 0 0 0 0 0 0 0 0 0 0 0 0 0 0 0 0 0 0 0 0 0 0 0 0 0 -0.00028 2.62e-07 0.000714 0.00097 0.000838 0.000851 0.00206729 0.00263 0.002745376 0.003015919 0.00401465 0.005494881 0.004568206 0.003649119 0.004062907 0.006382195 0.006335757 0.007649159 0.008161375 0.0070057 0.010238567 0.009033205 0.010910628 0.011254043 0.011357246 0.01205271 0.014339455 0.01250717 0.014542479 0.015668729 0.018776538 0.017182034 0.016502749 0.017314407 0.016255042 0.020047812 0.017367361 0.017771447 0.019465748 0.020976781 0.020684949 0.018881858 0.02041854 0.019882981 0.020843085 0.020954064 0.022261551 0.023306345 0.021416599 0.021359138 0.022386173 0.024017462 0.020992253 0.02242954 0.026222068 0.028606925 0.025121734 0.029600415 0.024642322 0.031425443 0.032289044 0.029174374 0.033344569 0.039684414 0.037189842 0.04222807 0.04034833 0 0 0 0 0 0 -1.999692429 1.279370549 6.840818741
480.542 0 0 0 0 0 0 0 0 0 0 0 0 0 0 0 0 0 0 0 0 0 0 0 0 0 0 0 0 0 0 0 0 0 0 0 0 0 0 0 0 0.000989 0.000563 0.000461 0.001915593 0.001600135 -0.000257 0.00091 0.001553984 0.002629527 0.003021041 0.002616828 0.004145327 0.003642956 0.005288233 0.005171545 0.00451414 0.007462283 0.006895926 0.006263704 0.00905059 0.008682599 0.008067385 0.01177586 0.010485627 0.010423109 0.012495589 0.011855123 0.011494014 0.013927772 0.013378189 0.014521395 0.01556465 0.016060944 0.015915897 0.015467781 0.017904975 0.017203866 0.017363366 0.020955383 0.017229153 0.018192938 0.018382607 0.0183347 0.017409087 0.020138506 0.018216627 0.019770815 0.019269355 0.022719109 0.019766883 0.019265127 0.022381569 0.021507779 0.024063129 0.022240065 0.023042822 0.026003245 0.027256594 0.025504835 0.024491 0.026935133 0.031364082 0.036711732 0.035390645 0.039940339 0.035057965 0.027561475 0 0 0 0 0 0 0 -1.274319541 -2.030738747 -13.6391752
483.858 0 0 0 0 0 0 0 0 0 0 0 0 0 0 0 0 0 0 0 0 0 0 0 0 0 0 0 0 0 0 0 0 0 0 0 0 0 0 0 0.000511 0.001704701 0.00097 0.001602773 0.00130135 0.000345 0.001264983 0.002515293 0.002149914 0.002787489 0.004354649 0.003711095 0.005347966 0.005408788 0.005568273 0.005884337 0.007050027 0.006113524 0.009250388 0.007036928 0.009490175 0.009743167 0.008803519 0.008950593 0.010135961 0.012098223 0.010691305 0.015023318 0.013676709 0.014901942 0.014952493 0.015536178 0.017053693 0.017006654 0.016559779 0.017377441 0.017517657 0.018701452 0.015603194 0.016290667 0.019141268 0.017799551 0.018990239 0.018467277 0.020814252 0.018714313 0.019567515 0.019494276 0.021056695 0.019439192 0.021941216 0.02244244 0.020928314 0.023766606 0.023442426 0.024261766 0.025702774 0.025647771 0.025777432 0.028346364 0.031679705 0.03081273 0.029732552 0.032868329 0.030593188 0.043123568 0.043329349 0.041381846 0 0 0 0 0 0 0.088896602 -0.037428324 0.40552271 16.00275421
487.174 0 0 0 0 0 0 0 0 0 0 0 0 0 0 0 0 0 0 0 0 0 0 0 0 0 0 0 0 0 0 0 0 0 0 0 0 0 0 0.00210453 0.002677437 0.001417963 0.002429765 0.002154654 0.002468841 0.001319592 0.002953579 0.004748139 0.003776784 0.005233442 0.005538512 0.006080448 0.005159378 0.00809458 0.007155755 0.008538543 0.008868888 0.00907317 0.00848975 0.008512988 0.009351546 0.011222465 0.012743645 0.010420496 0.013848234 0.014140747 0.014984857 0.012749525 0.014911914 0.01605332 0.016705404 0.017021374 0.014626088 0.016383228 0.015706632 0.016946384 0.017548041 0.015984571 0.017806707 0.019075966 0.019059103 0.019934813 0.01997393 0.019414543 0.019334228 0.018353384 0.019331064 0.022468363 0.022458646 0.019836216 0.022960043 0.02372644 0.02233631 0.023469829 0.022769805 0.02206481 0.024545616 0.025028734 0.028337371 0.027060056 0.027393023 0.035716373 0.037588467 0.037653241 0.039393811 0.034768137 0.038439862 0 0 0 0 0 0 0 0.424758666 -0.306394907 5.450606069 8.773082624
490.492 0 0 0 0 0 0 0 0 0 0 0 0 0 0 0 0 0 0 0 0 0 0 0 0 0 0 0 0 0 0 0 0 0 0 0 0 0 -6.31e-05 0.000105 -9.85e-05 0.00029 0.000448 0.000721 0.000185 0.001230358 0.000479 0.000866 0.000663 0.003294887 0.00285185 0.002242236 0.004659001 0.003567111 0.006280998 0.005885137 0.005324781 0.006849795 0.007178457 0.003684863 0.007786915 0.007250829 0.004159327 0.006223597 0.007697305 0.009367922 0.009592193 0.009830687 0.013049067 0.011473184 0.012312227 0.013854103 0.013057263 0.013825335 0.01328639 0.01415081 0.01507438 0.013744175 0.015689865 0.014939995 0.016117482 0.015081976 0.015875285 0.015448267 0.015476932 0.016253317 0.017565558 0.017284803 0.017860079 0.015495445 0.014489134 0.017399132 0.018855641 0.020092018 0.018949869 0.020088787 0.022237065 0.022067379 0.024232907 0.024896939 0.022404308 0.022572498 0.031771251 0.027068512 0.032612032 0.027510199 0.025242896 0 0 0 0 0 0 0.001899025 -0.286275948 -0.76031357 -10.98877525 -5.19657497
493.81 0 0 0 0 0 0 0 0 0 0 0 0 0 0 0 0 0 0 0 0 0 0 0 0 0 0 0 0 0 0 0 0 0 0 0 0 0.000682 5.92e-05 0.000274 0.001316919 0.001672611 0.001787709 0.000933 0.001218552 0.002306296 0.001642343 0.002069338 0.002488171 0.002942822 0.003197383 0.004748521 0.005375379 0.006064708 0.005559166 0.005218088 0.006144558 0.008639379 0.006328033 0.006846032 0.008237892 0.009791383 0.009225231 0.010017592 0.009758011 0.009571504 0.011219573 0.014042389 0.014063267 0.011465703 0.013108428 0.012685858 0.014130786 0.013994182 0.014457544 0.016356556 0.015929788 0.016609046 0.01596669 0.013489447 0.015701234 0.016302947 0.014909926 0.01653753 0.017937416 0.01749162 0.017417987 0.018958218 0.019648535 0.019384188 0.017809474 0.019262898 0.020220046 0.017705358 0.017424343 0.021008736 0.020707633 0.020622736 0.019401326 0.025012102 0.023282623 0.025750746 0.025772059 0.03138003 0.027739202 0.025117972 0 0 0 0 0 0 0 -0.034037478 -0.070560104 -1.180880811 -5.259913047 -9.810947527
497.13 0 0 0 0 0 0 0 0 0 0 0 0 0 0 0 0 0 0 0 0 0 0 0 0 0 0 0 0 0 0 0 0 0 0 0 0.001978083 0.000875 0.002250717 0.001894822 0.00222023 0.001215182 0.002849715 0.002123797 0.001037989 0.004907787 0.004452056 0.003335864 0.003991136 0.005893427 0.005289898 0.005571054 0.005323518 0.005709104 0.007103518 0.006208135 0.006582305 0.008292288 0.007042577 0.008999108 0.010545463 0.0096598 0.011673964 0.009304429 0.01156566 0.011134594 0.011996527 0.013081941 0.015440002 0.013815394 0.012766405 0.016806968 0.014342834 0.015396142 0.01584959 0.015403339 0.016658581 0.016300637 0.014966143 0.015308306 0.015967557 0.016338652 0.015598916 0.017123924 0.016832723 0.015354522 0.015820205 0.017592478 0.018394691 0.018610821 0.019819294 0.018442131 0.020422103 0.02130323 0.019418279 0.02264728 0.02105166 0.021760701 0.027042068 0.026669859 0.031904905 0.024450243 0.027882369 0.032267323 0.037745314 0.031508349 0 0 0 0 0 0 0.113582207 -0.054775833 0.412521141 0.712242398 0.727594826 9.006062353
500.451 0 0 0 0 0 0 0 0 0 0 0 0 0 0 0 0 0 0 0 0 0 0 0 0 0 0 0 0 0 0 0 0 0 0 -0.002188065 -0.001385565 -1.06e-06 0.000737 0.00241915 0.000284 0.001057697 0.000823 0.000558 0.000778 0.002531783 0.002787529 0.00279067 0.001391803 0.002553428 0.005556303 0.002614102 0.004855997 0.003627589 0.005214993 0.005701066 0.00339289 0.004991991 0.006903751 0.006633872 0.006333609 0.005543488 0.009035897 0.007480904 0.007862584 0.009057332 0.009089055 0.010014599 0.012235148 0.010596504 0.011897529 0.011548904 0.01430998 0.012663501 0.010338875 0.012317845 0.012508152 0.013851812 0.012912424 0.015410353 0.014081659 0.014431385 0.016185052 0.015504699 0.01534096 0.017246467 0.016123469 0.015785782 0.015452116 0.015748582 0.017956816 0.015942782 0.016036612 0.01604166 0.019353432 0.014914522 0.018528236 0.019770871 0.021231141 0.019641929 0.020682748 0.019090052 0.026471192 0.022793313 0.026447106 0 0 0 0 0 0 0 0.046078404 -0.079129493 -0.417522373 -2.474820814 -2.513881864 -7.225459049
503.772 0 0 0 0 0 0 0 0 0 0 0 0 0 0 0 0 0 0 0 0 0 0 0 0 0 0 0 0 0 0 0 0 0 0.000746 0.002141955 -0.000146 0.002501127 0.003493476 0.001086237 0.002566338 0.002664885 0.002463788 0.002003988 0.003426516 0.004228941 0.003045657 0.003600734 0.004498462 0.004677291 0.003643053 0.007182541 0.006286671 0.010296431 0.006469387 0.005957691 0.005215832 0.007621093 0.008450373 0.01142363 0.007604745 0.00871792 0.011895262 0.009996136 0.011862201 0.0084027 0.014051306 0.009352508 0.01209039 0.011979521 0.011567909 0.013665357 0.014957461 0.015852409 0.016316359 0.014300545 0.01483155 0.013528139 0.016294406 0.013390941 0.016376657 0.017661596 0.0155702 0.016241452 0.017915536 0.017842776 0.01657547 0.019486829 0.018791773 0.019089771 0.016981991 0.01995917 0.017942334 0.021068016 0.022379583 0.022358388 0.024173485 0.024006338 0.025011203 0.030509701 0.025312691 0.029919282 0.030514499 0.034157299 0.027795347 0 0 0 0 0 0 0.040530646 0.079016879 0.117256589 0.186906081 1.523390472 3.333700059 -10.15304463
507.095 0 0 0 0 0 0 0 0 0 0 0 0 0 0 0 0 0 0 0 0 0 0 0 0 0 0 0 0 0 0 0 0 -0.000328 0.002573902 0.004264671 0.002408391 0.005131843 0.000567 0.002717485 0.002549683 0.001827401 0.002411013 0.004280197 0.003565461 0.004694687 0.003141493 0.003467827 0.004016118 0.0050312 0.005499876 0.007782352 0.005281744 0.006267373 0.006225412 0.007751695 0.008483295 0.008203616 0.00775657 0.011264361 0.00722641 0.007385032 0.011732372 0.010428007 0.010976664 0.012076706 0.011116741 0.014345873 0.01138129 0.010242162 0.014164172 0.014731112 0.012146062 0.013082079 0.014561441 0.013210436 0.014482613 0.013284063 0.016803926 0.014943807 0.015804519 0.015936103 0.015522719 0.015049322 0.016300929 0.016773764 0.015514477 0.018642198 0.019035078 0.019868949 0.015935201 0.018506847 0.02028634 0.015963466 0.02045067 0.020603699 0.021036957 0.021693921 0.021827376 0.025063021 0.027673941 0.027857352 0.032268873 0.032020805 0 0 0 0 0 0 0 0.072369989 0.056978752 0.238613311 0.530052272 0.349002192 -5.884796034 22.60645971
510.418 0 0 0 0 0 0 0 0 0 0 0 0 0 0 0 0 0 0 0 0 0 0 0 0 0 0 0 0 0 0 0 0.001238955 0.001473508 0.00076 0.002405619 0.001922841 0.000978 0.002284777 0.0020339 0.002168035 0.003938696 0.002040456 0.002705011 0.002734043 0.00404905 0.002990696 0.001504668 0.005262004 0.003593426 0.004440542 0.003225369 0.004760189 0.007791324 0.005288026 0.004895544 0.005775955 0.008444535 0.00955715 0.008856167 0.007741887 0.009681088 0.009258402 0.006886898 0.009689377 0.009942984 0.010459785 0.012692919 0.010768923 0.011735498 0.012487263 0.010274535 0.013590018 0.013395907 0.01228767 0.013520618 0.011414338 0.014312133 0.013762177 0.01375167 0.014428096 0.013989894 0.015224748 0.013394211 0.016115338 0.014998361 0.015804923 0.015428946 0.017020071 0.015884677 0.01863071 0.013849487 0.01801037 0.018433017 0.019808866 0.019624337 0.021561273 0.02122503 0.022060162 0.023507966 0.017604577 0.020249298 0.032229642 0.019877153 0 0 0 0 0 0 0.026653704 0.006850846 0.098627719 -0.067570405 0.177954272 0.347016161 0.209148805 10.23803253
513.742 0 0 0 0 0 0 0 0 0 0 0 0 0 0 0 0 0 0 0 0 0 0 0 0 0 0 0 0 0 0 0.000649 -0.00054 0.000245 0.001753481 0.00075 0.000853 0.000718 0.001525825 0.001162052 0.001381821 0.002148516 0.000938 0.003111175 0.001750301 0.003032684 0.003553234 0.003793307 0.002819149 0.005807102 0.002853328 0.003307279 0.005312097 0.004265646 0.00421393 0.004843017 0.004780729 0.007087676 0.007885269 0.006484571 0.006559243 0.00751927 0.008167336 0.008895952 0.010906623 0.008865673 0.009841368 0.009679589 0.009519308 0.009921664 0.010569496 0.011512373 0.010783454 0.010179929 0.01182013 0.012391382 0.012287767 0.013560804 0.012708963 0.014024434 0.013488563 0.013468113 0.012884288 0.012910702 0.013958638 0.015032388 0.013628488 0.014358878 0.015171063 0.015923264 0.015894307 0.014539427 0.014479151 0.017500239 0.019761467 0.014755849 0.016553206 0.020127621 0.018069679 0.019222352 0.025830142 0.022059581 0.02037386 0 0 0 0 0 0 0.00993598 0.0258425 0.023495406 0.042572035 -0.086358043 -0.429757984 0.468581785 -3.150926315 -2.778711073
517.068 0 0 0 0 0 0 0 0 0 0 0 0 0 0 0 0 0 0 0 0 0 0 0 0 0 0 0 0 0 -0.001757236 0.001492716 0.000265 0.000907 -0.000692 0.000375 -0.000868 6.25e-05 0.00083 0.002516787 0.002036084 0.00277843 0.002613568 0.001609306 0.002234803 0.001607576 0.003405721 0.002183891 0.004353386 0.004441156 0.00228716 0.004604293 0.003536653 0.003562781 0.006030582 0.006426009 0.006296634 0.007197242 0.007336905 0.005589586 0.006516328 0.006829961 0.005502038 0.006632755 0.009540227 0.007736975 0.007887193 0.009039632 0.009438298 0.009977871 0.009520609 0.010290953 0.010273697 0.01086531 0.011077694 0.010004501 0.011261363 0.010970458 0.010479023 0.011550719 0.012220886 0.012122553 0.011825277 0.012918442 0.012500698 0.012482845 0.012772656 0.014588587 0.015636755 0.011976084 0.014066549 0.016351134 0.015072108 0.014562321 0.013689561 0.016915507 0.01378751 0.015964507 0.013347136 0.02242393 0.02170253 0.023787285 0.020483948 0 0 0 0 0 0 -0.005476144 0.015683084 -0.021177385 -0.020114007 -0.131770119 -0.530931199 -2.421777103 -0.765645675 6.682637948
520.394 0 0 0 0 0 0 0 0 0 0 0 0 0 0 0 0 0 0 0 0 0 0 0 0 0 0 0 0 0.00225603 0.004710809 -0.000848 0.004231772 0.002578755 0.00131241 0.003971391 0.004125408 0.00231902 0.002642804 0.002951195 0.003153369 0.002042954 0.002504243 0.002972683 0.00373489 0.003386771 0.00590322 0.004581397 0.006275628 0.003139973 0.005771853 0.005203174 0.006131888 0.006707284 0.007369056 0.007125732 0.008728417 0.007182493 0.009408815 0.008448317 0.009888134 0.007291984 0.009805465 0.007926419 0.008856848 0.010915855 0.009466796 0.011279744 0.01073366 0.010187901 0.010908404 0.012184417 0.014122452 0.012783214 0.014172558 0.012806432 0.012880749 0.011909942 0.014649083 0.013843246 0.014530416 0.0138976 0.013055615 0.014383707 0.012865685 0.013766233 0.014967763 0.013505782 0.016904785 0.015038186 0.018117776 0.016810343 0.014668563 0.016021147 0.017190512 0.019233859 0.014637819 0.015734146 0.017413641 0.022172178 0.022503975 0.025566828 0 0 0 0 0 0 0.050652939 0.034099015 0.065636197 0.037151208 0.055706503 0.224497722 0.27856166 1.222551681 0.629042945 6.860861883
523.721 0 0 0 0 0 0 0 0 0 0 0 0 0 0 0 0 0 0 0 0 0 0 0 0 0 0 0 0.000969 0.000411 -0.000993 0.002657753 0.002725323 0.001342035 0.002103925 0.001310227 0.002185099 0.003277008 0.001560041 0.002679635 0.003385405 0.00282322 0.002874622 0.002816974 0.003862502 0.003732305 0.004426834 0.003149124 0.001588394 0.003093793 0.004998083 0.004004837 0.004216972 0.004489555 0.005739712 0.006394304 0.005572194 0.005494516 0.007759758 0.008206028 0.0076043 0.008513134 0.00916119 0.010190044 0.008246977 0.009438078 0.008530128 0.008764681 0.011238944 0.009000756 0.011401811 0.011506727 0.010572005 0.011107516 0.010501827 0.011232562 0.010642741 0.010720319 0.011083136 0.011740877 0.010621681 0.014395814 0.011443917 0.011820578 0.013046546 0.012195348 0.01167072 0.013323736 0.014043078 0.014617239 0.015272266 0.013516375 0.015927101 0.01434812 0.01143867 0.013374413 0.015519135 0.019162023 0.0195023 0.022650135 0.01835858 0.029210177 0 0 0 0 0 0 0.017945656 0.026493239 0.012851272 0.017438113 0.031472101 -0.135133614 0.215783982 -0.356491609 1.705988456 -4.481281965
527.048 0 0 0 0 0 0 0 0 0 0 0 0 0 0 0 0 0 0 0 0 0 0 0 0 0 0 0.005279924 0.003018563 0.004661752 0.001385323 0.001994087 0.001816445 0.002769803 0.002885959 0.002235686 0.003727811 0.001003348 0.003449661 0.002562628 0.003134322 0.003814813 0.003486812 0.004137888 0.003866826 0.005205858 0.004547739 0.008144194 0.006426484 0.004143029 0.004028568 0.005966761 0.007243246 0.005832267 0.008350818 0.007981347 0.005574196 0.007246767 0.00904664 0.008054872 0.009489613 0.008934989 0.008601252 0.010747587 0.011770744 0.009745815 0.009266016 0.009690848 0.009533719 0.010689314 0.011080103 0.0108611 0.013225843 0.011627785 0.011333493 0.010806145 0.012260915 0.010667828 0.011092437 0.012678585 0.014172319 0.012457745 0.01305252 0.012616052 0.013532717 0.011641611 0.014162671 0.014539427 0.014209711 0.015970108 0.015852257 0.014782994 0.016462455 0.013993875 0.019354634 0.018614743 0.017902286 0.02293308 0.019387934 0.021807439 0.025291887 0 0 0 0 0 0 0.025779391 0.036885266 0.045809541 0.055744619 0.028978044 0.036644382 0.020339119 0.181507566 1.551692954 1.360040825 21.68244767
530.377 0 0 0 0 0 0 0 0 0 0 0 0 0 0 0 0 0 0 0 0 0 0 0 0 0 0.003047472 0.004269939 0.001617405 0.000724 0.003269834 0.003040481 0.002453768 0.004031871 0.004213567 -0.000158 0.001607704 0.003480353 0.003385823 0.003337479 0.003792533 0.002962405 0.003487631 0.004320828 0.003529666 0.002584966 0.004782427 0.003288077 0.001807079 0.005190195 0.006411836 0.004877995 0.006822253 0.00456074 0.005222371 0.005085344 0.004960849 0.006901864 0.006711928 0.005608403 0.00843063 0.00877095 0.008521004 0.008396618 0.009785331 0.008173378 0.008974734 0.008915215 0.007820698 0.010288456 0.010418808 0.008051357 0.007873341 0.012588469 0.009499412 0.009868956 0.010406111 0.01097863 0.010478545 0.011072992 0.0110673 0.011894782 0.012544683 0.010780916 0.011359501 0.01185586 0.012997538 0.013036303 0.01112229 0.016763556 0.01350009 0.014453918 0.015597162 0.012546461 0.014402663 0.016102545 0.014349798 0.016125598 0.019782166 0.018080617 0.019826982 0 0 0 0 0 0 0.021311202 0.024814863 0.010948201 0.019175354 0.012265162 0.043330593 0.013364452 0.134219851 -1.023578807 5.790363294 1.670927535
533.706 0 0 0 0 0 0 0 0 0 0 0 0 0 0 0 0 0 0 0 0 0 0 0 0 0.003306859 0.002583102 -0.0015763 0.003239886 0.001764841 0.000693 0.001141753 0.00027 8.29e-05 0.000859 0.003476509 0.002264641 0.001675528 0.00267334 0.003466159 0.002735911 0.00350743 0.002314353 0.001412361 0.00436041 0.001756498 0.003715395 0.002982865 0.005012626 0.001207859 0.005299855 0.004665887 0.003805398 0.005371038 0.006471737 0.007469996 0.005447531 0.005639557 0.005665113 0.003877186 0.006148198 0.005966354 0.00568836 0.004639051 0.006354899 0.009763456 0.006796952 0.007936564 0.00858855 0.009294319 0.008506743 0.010750036 0.007174517 0.007105331 0.011226425 0.010638082 0.008561489 0.008771546 0.011235417 0.010098707 0.009029687 0.010905031 0.010255671 0.011915306 0.009129201 0.011023981 0.009068301 0.011697583 0.010598452 0.01235716 0.012136931 0.014226095 0.011171536 0.01519839 0.013853346 0.014314576 0.017825542 0.016031525 0.010106125 0.018256374 0 0 0 0 0 0 0.021408666 0.02540339 0.014270636 0.046615683 0.041195155 -0.003204471 -0.051502929 0.033249892 0.049346033 -0.210373585 -1.850371392 -2.189434643
537.037 0 0 0 0 0 0 0 0 0 0 0 0 0 0 0 0 0 0 0 0 0 0 0 0.005407829 0.003089382 0.002606183 0.004992919 0.004138107 0.001988636 0.003503116 0.000191 0.003214907 0.000168 0.003624322 0.000386 0.003028986 0.003314001 0.002236267 0.003313805 0.002144724 0.003854403 0.001981543 0.004225776 0.003571723 0.002044693 0.004092245 0.004307778 0.007368836 0.006071368 0.004893472 0.004483579 0.003408896 0.005823346 0.005339707 0.005732119 0.006673343 0.006117379 0.007919932 0.00582312 0.009008345 0.007270758 0.007622941 0.006577796 0.007025126 0.008860343 0.008770995 0.008431901 0.007967471 0.00713031 0.009315927 0.008195294 0.008016005 0.010066934 0.010169097 0.009716117 0.009946028 0.009031811 0.00964855 0.00899602 0.009293486 0.01112186 0.011180469 0.011016924 0.010579264 0.011900109 0.012610013 0.012860019 0.011700597 0.012140329 0.012974517 0.01391431 0.013288958 0.011015926 0.0100213 0.012807277 0.01416127 0.018177879 0.016711274 0.02014163 0 0 0 0 0 0 0.024950196 0.020664086 0.028813279 0.054217286 0.019288132 0.015396033 0.110768915 0.066626746 0.181874815 0.985249651 1.232696784 9.839961014
540.367 0 0 0 0 0 0 0 0 0 0 0 0 0 0 0 0 0 0 0 0 0 0 0.006641629 -0.003261375 0.005011125 0.001438783 0.002531236 0.002538433 0.001272931 0.006898423 0.00389147 0.004190463 0.001203051 0.001198372 0.002132316 0.002995226 0.004386911 0.003065924 0.001953866 0.003210213 0.005102079 0.00356976 0.00414365 0.003872182 0.003850023 0.004898048 0.003728649 0.004955069 0.004846413 0.005951022 0.005285294 0.003886426 0.005421341 0.006678114 0.004999798 0.005848231 0.005044199 0.006483176 0.006952603 0.004943636 0.005928059 0.00764355 0.00674669 0.00758983 0.009594275 0.010011579 0.006372714 0.008706895 0.009497754 0.008490444 0.008373093 0.008850441 0.008699088 0.009333696 0.009976463 0.009445472 0.009216838 0.008643078 0.009686121 0.008782085 0.008888953 0.012772425 0.012510988 0.011139366 0.011483752 0.010537899 0.010488871 0.010119654 0.010605248 0.012648778 0.012040688 0.01408688 0.01646064 0.014250863 0.013493053 0.013799178 0.01529756 0.017332634 0 0 0 0 0 0 0.027846739 0.036174135 0.025121819 0.029152302 0.005286978 0.036654611 0.056908341 0.005750216 0.15797821 0.365673536 -0.485925049 -0.017008715 -4.547843499
543.699 0 0 0 0 0 0 0 0 0 0 0 0 0 0 0 0 0 0 0 0 0 -0.007420239 -0.003427848 -0.003431642 -0.00367678 -0.000729 -0.002095409 -0.003461441 -0.002363266 -0.000823 -0.001772386 0.00178748 -0.000522 -0.003072975 0.001118048 0.00204107 0.000413 0.000201 0.000553 0.000207 0.001021047 0.000182 9.52e-05 0.00042 0.002479102 0.002070281 0.001791227 0.001601218 0.000158 0.001776452 0.002939446 0.002549777 0.002155452 0.004324256 0.005328834 0.00193012 0.003867858 0.003826804 0.002290696 2.74e-06 0.003083831 0.002099577 0.002115822 0.005144743 0.002483926 0.003473517 0.003004902 0.006038262 0.004664906 0.005703322 0.003796885 0.00541293 0.005890032 0.006623638 0.005754923 0.005324204 0.00849431 0.0069571 0.007623545 0.007468746 0.006192334 0.005832579 0.007352421 0.006903709 0.006870347 0.006729415 0.008349036 0.008317789 0.006311356 0.008170981 0.007745393 0.00776122 0.008943896 0.009581693 0.008132563 0.010278148 0.00938602 0.008037345 0 0 0 0 0 0 0.006761477 0.005207184 0.000472 0.010463949 -0.03828898 -0.006408013 -0.031312702 -0.17662975 -0.206813518 -0.664510441 -1.44129372 -16.32529148 -26.46587365
547.031 0 0 0 0 0 0 0 0 0 0 0 0 0 0 0 0 0 0 0 0 -0.000448 0.002445822 -0.000828 0.001596809 0.001021952 0.001591918 -0.000938 0.003376382 0.00108213 0.000309 0.002678491 -0.003231047 0.003594436 0.001955098 0.001529188 0.002443935 0.001468695 0.003262433 0.001681829 0.002586311 0.001355493 0.003687255 0.001662946 0.001534027 0.004737621 0.004033667 0.002188261 0.00504452 0.004548609 0.003422698 0.002886568 0.004181283 0.004826242 0.004019575 0.005369986 0.002373787 0.005799384 0.003384887 0.005028405 0.008966967 0.003886235 0.005931273 0.008349094 0.006303752 0.007983748 0.009067262 0.007679423 0.008091202 0.008492784 0.006233886 0.007514398 0.007476035 0.008403045 0.0069403 0.008086309 0.006982308 0.007467387 0.007269708 0.009231652 0.008046804 0.008275951 0.009284301 0.010082908 0.008945249 0.008248552 0.008840638 0.009987887 0.009271769 0.008917618 0.008913432 0.011923627 0.010364482 0.01176187 0.01383456 0.011764519 0.012274726 0.016327823 0 0 0 0 0 0 0.015269329 0.009772361 0.020900056 0.017096368 0.025940953 0.017283404 0.03074418 0.031757949 0.024725079 -0.032790595 0.257124297 0.149261578 0.843542249 21.69676617
550.364 0 0 0 0 0 0 0 0 0 0 0 0 0 0 0 0 0 0 0 0.002016328 -2.86e-06 0.002599746 0.000833 0.001206295 -0.001419032 0.00147844 -0.002836 0.001926914 0.000107 -0.001044054 -0.001100496 -0.000195 -0.000531 0.001475408 0.002510911 0.001301914 0.000137 0.000409 0.002693573 0.002175071 0.000983 0.002477626 0.002201023 0.003066585 0.001285946 0.001077622 0.003951733 0.003981931 0.001028581 0.002979614 0.002680366 0.003181601 0.003101955 0.002883 0.003471382 0.005068285 0.005623417 0.006182858 0.005812579 0.004560161 0.005479694 0.004093067 0.006105998 0.004660546 0.004728757 0.006212772 0.002976284 0.005624834 0.00515974 0.004115082 0.0046112 0.005562987 0.007927445 0.004993403 0.00603871 0.005014897 0.007844769 0.005507373 0.006698671 0.00823549 0.006814538 0.005585289 0.005945602 0.009796041 0.008308183 0.008673478 0.010297237 0.009337385 0.009646679 0.010515364 0.008305033 0.009530337 0.009366386 0.010629042 0.008572775 0.009756499 0.00940774 0 0 0 0 0 0 0.013562508 0.013730938 0.015453983 0.01168481 0.005728248 0.013675764 -0.002098829 -0.0192731 0.019532317 -0.039736473 -0.59955886 -1.231291345 -5.335952833 -33.68547089
553.698 0 0 0 0 0 0 0 0 0 0 0 0 0 0 0 0 0 0 -0.000962 0.004210507 0.002111014 0.000433 -0.001259308 0.002693609 0.004007516 0.002599767 0.001661345 0.001480772 0.002519265 -0.000943 0.002109208 0.001151735 0.003282943 -0.000579 0.002117856 0.002394641 0.002830859 0.002475455 0.001953981 0.001330345 0.002407849 0.002306547 0.002403745 0.003990683 0.003612303 0.003060157 0.002734619 0.00266801 0.004126825 0.001182475 0.002689821 0.004232936 0.003965774 0.003242837 0.001817266 0.005596365 0.00446117 0.004460485 0.006174059 0.003458755 0.00629354 0.003256955 0.00679409 0.004118227 0.004911003 0.00547347 0.004783418 0.005217678 0.006250811 0.006379286 0.005323099 0.006203024 0.005670963 0.006355232 0.007986761 0.006674205 0.00540764 0.007227275 0.007905444 0.007421746 0.009041085 0.008247561 0.007913118 0.009555535 0.008571222 0.008330363 0.007323422 0.007588201 0.008436437 0.009706781 0.008964628 0.009477172 0.009308385 0.011486696 0.010738174 0.014239334 0 0 0 0 0 0 0.006094936 0.014938497 0.015276477 0.011663888 0.01128726 0.004565465 0.011370074 0.018846323 0.014297973 0.05129127 -0.122931811 -0.157932398 1.075197548 2.974884063 -10.20212293
557.032 0 0 0 0 0 0 0 0 0 0 0 0 0 0 0 0 0 -0.000331 0.003696526 0.000309 0.00256539 0.000869 -0.002101782 0.004317972 -2.03e-06 0.000991 0.006183032 -0.000342 0.000764 -0.000526 0.001104063 0.005580367 0.001687237 0.002476523 0.004652473 0.002317674 0.001342901 0.003512522 0.001694568 0.002502742 0.002359438 0.000558 0.003514046 0.003892575 0.002007418 0.003485238 0.002413227 0.004450927 0.002626223 0.002210444 0.003542488 0.004017983 0.002909572 0.007182224 0.005796354 0.004808036 0.007591766 0.006383526 0.006268324 0.005628687 0.006829476 0.004379246 0.004982626 0.005823661 0.007378829 0.00795441 0.005241879 0.006532971 0.006830223 0.007372648 0.005055834 0.008398425 0.007438452 0.008778137 0.008395966 0.006423875 0.006199575 0.007108924 0.007723688 0.007302882 0.00785807 0.009005743 0.007651607 0.006262733 0.008736163 0.009425946 0.007256129 0.010379233 0.008871815 0.010496906 0.007828278 0.009500318 0.010196483 0.010800651 0.009589085 0.01335455 0 0 0 0 0 0 0.014774308 0.022825929 0.012914111 0.017685093 0.001377423 0.031282054 0.01825614 0.003556471 -0.055196504 -0.032131444 -0.005499071 0.399856913 -0.812031954 -6.164719947 6.620120204
560.367 0 0 0 0 0 0 0 0 0 0 0 0 0 0 0 0 -0.004281165 0.002822044 0.001132259 -0.002046315 0.003190045 0.005125076 0.004089723 -0.002714366 0.00286612 0.001873304 -0.00012 0.002411528 0.001324738 -0.000105 0.003036518 0.002032694 0.001340251 0.002576199 0.003614033 0.001013501 0.004423271 0.000621 0.004564613 0.000788 0.003186594 0.002184997 0.002422325 0.002062766 0.002074338 0.003507784 0.0028893 0.002091608 0.000562 0.0034936 0.002173309 0.002475059 0.006066892 0.004031897 0.007027003 0.004840799 0.003451682 0.007467702 0.00496361 0.007582771 0.005904465 0.006656069 0.003260986 0.007571694 0.005349853 0.004351341 0.00610382 0.005041135 0.006659984 0.004593425 0.006900736 0.007972218 0.005717407 0.006744512 0.005919871 0.006332859 0.008670536 0.006892549 0.007708325 0.007019028 0.008109801 0.006134689 0.007839141 0.008040729 0.007514699 0.006298825 0.008185701 0.008226134 0.006743245 0.008053764 0.007339654 0.006222101 0.013258253 0.006607054 0.011465275 0 0 0 0 0 0 0.015575929 0.013923574 0.013208999 0.009668015 0.010340696 0.019672259 0.011836795 0.019826444 0.011208803 0.048706879 0.036105193 0.000813 0.230565598 1.823446819 2.257970086 24.72428873
563.703 0 0 0 0 0 0 0 0 0 0 0 0 0 0 0 0.001249601 0.000691 0.000166 0.001795536 -0.001429678 0.001994807 -0.000744 0.000994 -0.001095245 0.001051415 0.000882 0.002294921 0.001970149 0.004009997 0.002768441 0.000101 0.00078 0.002256211 -0.000672 0.000909 0.000541 0.001004119 0.002515998 0.002675604 0.000738 0.001287488 0.001032337 -4.84e-05 0.001405141 0.002716839 0.002441845 0.002651095 0.002565868 1.15e-06 0.002164568 0.00250458 0.003553066 0.005260151 0.002738585 0.002343426 0.00104028 0.00167412 0.003971703 0.002547273 0.004398534 0.002311571 0.0048849 0.005145081 0.004765428 0.004915555 0.004311292 0.003955174 0.001916927 0.00657688 0.005134854 0.006189941 0.004508532 0.005151472 0.002587061 0.003756582 0.006923461 0.004507516 0.005895975 0.004720876 0.005079355 0.004330196 0.006190404 0.006428072 0.005045555 0.006447158 0.005728978 0.00639821 0.006807301 0.007737067 0.005857268 0.007588741 0.00674683 0.004691803 0.009637678 0.01308867 0 0 0 0 0 0 0.013571545 0.008576132 0.011197561 -0.000574 0.010455573 -0.002998079 0.007433774 0.004703933 -0.000983 0.000405 0.026430743 -0.006132944 -0.736140973 -0.169060998 3.288612483 -7.232179417
567.039 0 0 0 0 0 0 0 0 0 0 0 0 0 0 0.005335358 0.000893 0.006074697 0.004040297 0.005245964 -0.003029367 0.003082245 0.008916349 0.001000067 0.000688 0.004358501 0.002026938 0.005701133 0.002909907 0.002349777 0.00106962 0.003488033 0.002748126 0.001633111 0.003875334 0.002665515 -0.000162 0.001369544 0.000767 0.001073348 0.002165033 0.001397173 0.002259715 0.003289417 0.001619682 0.001195364 0.001472698 0.004322828 0.002950262 0.004947113 0.00378134 0.003218223 0.003644935 0.004631877 0.006900467 0.003064628 0.004457974 0.003950087 0.005209556 0.006053034 0.00335822 0.004376649 0.007710442 0.004995235 0.004868442 0.003481039 0.005436321 0.007865639 0.006146416 0.00733144 0.005730233 0.00685233 0.007522867 0.006829743 0.006630802 0.006408271 0.005950934 0.00639126 0.006919626 0.00774494 0.007717872 0.006317135 0.009739202 0.006456239 0.008883535 0.009063385 0.007015023 0.007158009 0.008421237 0.007086097 0.009565439 0.008163409 0.008089049 0.009416433 0.007211046 0 0 0 0 0 0 0.010343962 0.014707697 0.011240491 0.017134629 0.016838868 0.019468727 0.019433555 0.013123077 8.33e-05 0.026111435 0.02192457 0.007250809 0.262186935 0.160339029 1.215685329 8.14148346 -5.521416969
570.375 0 0 0 0 0 0 0 0 0 0 0 0 0 -0.004409485 -0.006322042 -0.002707355 -0.002631083 -0.008339565 -0.004472774 -0.000485 -0.004518164 -0.000304 -0.001445493 -0.002781375 -0.000268 -0.000768 0.001102976 -0.004940796 -0.002941072 0.001620771 -0.003630353 -0.000894 -0.001009175 0.001106439 -0.001098325 -0.001362599 -0.000883 6.3e-05 0.002191718 0.000536 0.000532 0.001855048 0.002629913 0.000477 0.000579 -0.000369 -6.59e-05 0.000923 0.000331 0.002115011 0.002065875 0.001996445 0.004023171 0.00043 0.002523229 0.005256727 0.002383826 0.002632831 -0.001291418 0.00178659 0.003339302 0.001768925 0.005135186 0.000833 0.003599067 0.000237 0.003165022 0.000973 0.000586 0.005067748 0.003356273 0.004928239 0.004183896 0.004352934 0.004156022 0.00223099 0.005988486 0.004976054 0.00290356 0.005019576 0.002198782 0.005027151 0.004306477 0.005713922 0.004157703 0.006691446 0.004357742 0.004464878 0.005697501 0.008602638 0.005318069 0.005042207 0.007635603 0.002921185 0 0 0 0 0 0 0.00611792 0.011588963 0.008703615 -0.000797 0.003125242 0.004047829 0.005402953 8.91e-05 -0.013931114 0.002377992 -0.036599558 -0.029743151 -0.166996088 -0.621712496 -2.182016635 -3.279187635 -11.28477581
573.713 0 0 0 0 0 0 0 0 0 0 0 0 0.004162265 0.002497514 0.00242037 0.001994241 0.008791338 0.003753791 0.003985797 -0.001936935 0.000625 -0.001508348 0.004345518 0.003484645 0.005085221 0.000767 0.002949479 0.0045986 0.001698473 0.001625895 0.003326372 -0.001195965 -0.001471006 0.003498505 0.001852236 0.001668264 0.003947638 0.002483989 0.002594958 0.002538353 0.001862722 0.00214556 0.004575523 0.002167725 0.002816724 0.004034923 0.002627074 0.002299504 0.002545312 0.004075517 0.004533129 0.00538025 0.003958702 0.004994222 0.005482273 0.004666428 0.003162597 0.00338066 0.006045532 0.006264797 0.002533094 0.004882333 0.005489063 0.005684923 0.008118872 0.005587486 0.005647472 0.004651134 0.006323671 0.004280887 0.006225751 0.005644868 0.005660281 0.006578551 0.004029843 0.004673476 0.005328098 0.005122536 0.005411417 0.006526684 0.005574469 0.008116874 0.005246242 0.006173103 0.006018233 0.005828868 0.005191287 0.005406027 0.009079007 0.009955647 0.008634266 0.007238387 0.010035467 0 0 0 0 0 0 0.009344188 0.011646451 0.015990545 0.010414214 0.013838865 0.017377244 0.015335397 0.013879801 0.015017582 0.016391952 0.020651248 0.077452835 0.146658399 -0.007724609 -0.163224545 2.398074829 4.311484411 10.7012353
577.05 0 0 0 0 0 0 0 0 0 0 0 0.000406 -0.001186964 -0.000964 0.002608967 -0.005067623 -0.002994015 -0.004272233 0.000167 -0.003561468 0.000465 0.001352908 -0.001453426 -0.001255784 0.000401 -0.00039 -0.001231952 -0.000827 -0.000456 -0.000761 0.001351689 -0.002594063 0.000643 -0.002994394 0.001093876 -0.004430836 0.001746842 0.00042 0.000246 0.001435058 -0.000642 0.001814763 0.00114583 0.000852 0.001040389 -0.000307 0.001689535 0.000851 0.000907 0.001389124 0.001836124 0.001082417 0.001690723 0.001791183 0.003831518 0.002944431 -0.000224 0.001818018 0.001558219 0.001257869 0.001268392 0.003731184 0.001891859 0.002176182 -0.000494 0.002237089 0.002325327 0.000977 0.003387373 0.003924523 0.003799935 0.00289807 0.000841 0.003607019 0.004513219 0.004545916 0.003714991 0.003915397 0.002846931 0.003541237 0.003102612 0.004696961 0.005110707 0.004321657 0.004561053 0.005358067 0.00528187 0.004736486 0.002434704 0.005523408 0.005889976 0.005252957 0.006673984 0 0 0 0 0 0 -0.000866 0.010290477 -0.001305418 0.003166655 0.001100255 0.001284739 0.000765 -0.009781781 0.011004368 0.007211236 -0.010149543 -0.03279179 -0.099216195 -0.251938223 -0.247743202 -2.07708832 -2.863084141 -2.487758797
580.388 0 0 0 0 0 0 0 0 0 0 0.00482106 0.008977784 0.005941037 0.007486827 0.007446519 0.006513353 0.010892775 0.007328564 0.011283337 0.008064469 0.008424533 0.00827227 0.005788548 0.008497718 0.005081222 0.005388448 0.005771136 0.004594996 0.003736905 0.002599143 0.008205786 0.005369733 0.005049118 0.006566859 0.006653762 0.005258016 0.004671925 0.005118937 0.005474636 0.002707163 0.004514678 0.003286515 0.003528409 0.003802161 0.004709689 0.006325141 0.002761631 0.003444139 0.00574619 0.005537186 0.003814387 0.002996061 0.005711131 0.004563325 0.003101764 0.006465347 0.006224276 0.005767235 0.005954103 0.005364038 0.004701601 0.005676553 0.011224452 0.006682684 0.004834191 0.009173834 0.006879429 0.00629659 0.00617171 0.006671183 0.006577977 0.007191616 0.008796127 0.006434954 0.007169312 0.006022989 0.006604555 0.008081861 0.005272082 0.007676351 0.008250571 0.009019245 0.008828241 0.010849342 0.007323813 0.00925503 0.008151035 0.010128816 0.009848062 0.008350392 0.010737648 0.008943048 0 0 0 0 0 0 0.011601997 0.017074605 0.02248465 0.023633795 0.015492323 0.018973814 0.025101252 0.022969418 0.026349704 0.027001384 0.050795299 0.040187542 0.092249971 0.123535501 0.328277795 0.862420122 3.479859338 9.633786121 48.25136417
583.727 0 0 0 0 0 0 0 0 0 -0.003866644 -0.005850024 -0.002238586 -0.002170359 0.003444616 0.001855511 -0.004506135 -0.000876 -0.000511 2.31e-07 -0.001448024 -0.002178124 -0.003449988 -0.002308261 -0.002915735 -0.000667 -0.001408767 -0.002571419 -0.002348862 -0.000114 -0.000757 -0.002071188 0.002077673 0.000456 0.001527514 0.000324 0.001969134 0.000282 -0.001210638 -0.001368215 0.001099558 0.002102664 0.000618 0.000941 0.00095 0.000804 0.001546505 0.000202 0.001448373 0.000574 0.001868156 0.001824863 0.001916941 0.001828267 0.001850558 0.001656983 0.002546001 0.00168645 0.001807997 0.001634931 0.002140062 0.002432968 0.000441 0.001968416 0.000916 0.001550819 0.001270881 0.000848 0.002017335 0.001976972 0.002095385 0.002993924 0.003443964 0.003828294 0.003035145 0.00598831 0.002901342 0.00356023 0.002013962 0.003369096 0.002844426 0.00342764 0.003485222 0.003366615 0.003408814 0.003305483 0.004692105 0.004349961 0.003196603 0.005341805 0.002837184 0.003752891 0.003893106 0 0 0 0 0 0 0.004690755 0.006504222 0.000598 0.005459477 0.006283533 0.007574898 0.002174509 0.012003965 -0.012007669 -0.007411216 -0.011601624 -0.001112233 -0.020208167 0.033073713 -0.11330208 -0.321441667 -1.333201347 1.338450881 2.380918089
587.066 0 0 0 0 0 0 0 0 -0.002213209 -0.002365315 0.000627 0.002441326 -0.00196829 -0.00210603 0.002041453 0.002346991 0.005079699 0.005436196 0.004797646 0.002091647 0.000155 0.000446 0.003171177 0.002638473 0.002533644 0.004470906 0.002203152 0.003523948 -0.001468845 0.001835434 0.000412 -0.000301 -0.000369 0.00212189 0.002005388 0.001338256 0.001965998 0.002836891 0.002273297 0.003474178 0.001221377 0.002706796 0.000644 0.001685058 0.002519506 0.000187 0.002817699 0.003207544 0.003437647 0.002111489 0.001112217 0.00268345 0.002118903 0.003270774 0.001223829 0.00344958 -0.000755 0.004517563 0.003871865 0.004189676 0.002524308 0.004509036 0.004358461 0.004330717 0.003512545 0.002622057 0.000925 0.003661912 0.004688099 0.005928217 0.004349288 0.003585308 0.00716912 0.002552568 0.00551408 0.004655226 0.003628011 0.005237397 0.004043353 0.006163592 0.003839323 0.007459192 0.003650533 0.003038958 0.006072143 0.00445451 0.005581217 0.006731712 0.005686878 0.007263803 0.005128272 0 0 0 0 0 0 0.005074258 0.006254084 0.009306746 0.006502793 0.011573732 0.010142929 0.008924787 0.023154792 0.003645313 0.00445148 -0.002826477 0.024945307 0.004715815 -0.001930697 -0.009671884 0.077160293 0.466399259 0.893483778 1.266318763 -23.73370463
590.406 0 0 0 0 0 0 0.006858797 0.010341227 0.004245503 0.001732456 -0.000633 0.004727512 -0.002991652 -0.000387 0.002812709 0.000185 0.007078587 0.003432271 5.55e-07 0.002435693 0.003929416 0.00409032 0.00247841 0.006453983 0.006330946 0.006710838 0.002473497 0.003560299 0.003879655 0.003163668 0.001673582 0.000396 0.003603098 0.000767 0.00610313 0.002725508 0.002431004 7.06e-05 0.002165779 0.001166544 0.002370942 0.003166489 0.002402711 0.002872312 0.003123191 0.001937308 0.003593434 0.003086041 0.003225833 0.004593461 0.004963466 0.004642954 0.002067353 0.00287352 0.005227387 0.005829031 0.003022472 0.003817302 0.004172004 0.005493682 0.001821728 0.006880338 0.003455618 0.003028411 0.007841 0.007069946 0.004516433 0.002793649 0.00451443 0.002774864 0.005329519 0.006249658 0.002321464 0.004321338 0.003644191 0.004771481 0.005023264 0.00386677 0.005650346 0.006500587 0.004363174 0.003592909 0.006003247 0.004716024 0.006522954 0.006188039 0.007131511 0.006120895 0.00478744 0.006087584 0.00554797 0 0 0 0 0 0 0.009958758 0.011055783 0.008161572 0.014102377 0.014556071 0.014877656 0.013649588 0.018712241 0.020558269 0.005862756 0.012209249 0.014219418 0.056617551 0.036957432 0.147564478 0.2756574 0.157869402 1.198218375 1.121008699 31.29016997
593.746 0 0 0 0 0 -0.003666295 -0.000953 -0.001855783 -0.004510778 -0.000221 0.005538531 0.001656256 -0.001608799 0.001168803 -0.001512963 -0.000732 0.000178 -0.002424768 -0.002361137 0.003110315 0.002855859 -0.002139107 0.000587 -0.000141 -0.000681 -0.001305463 -0.002496589 0.004071022 -0.000807 0.00055 -0.000212 -0.001321656 -0.002524305 0.002595527 -0.000524 0.001129849 -0.001117436 -0.000795 -0.000533 0.000223 0.001843874 0.000436 0.00171707 -0.000213 0.001459095 0.002333354 0.001232956 -0.001081511 0.000502 0.003475608 0.002423112 1.63e-06 0.001043264 0.002392358 0.000221 -0.000148 0.001804404 0.003685036 9.79e-07 0.003907761 0.000643 0.002523586 0.003747608 0.002631277 0.002581182 0.001376056 0.00196451 0.003504162 0.003583777 0.001178313 0.001672046 0.000502 0.000569 0.003023748 0.003884154 0.001513997 0.004177736 0.004038201 0.002747788 0.003866406 0.002656343 0.003269749 0.003067181 0.002341651 0.003997483 0.003162176 0.000921 0.003430383 0.002815661 0.002441042 0 0 0 0 0 0 0.003142195 0.00058 0.001285296 0.00269019 0.008031529 0.002680543 0.007386989 0.004409741 0.008820535 -0.007744868 0.014537721 -0.001127593 -0.004669424 -0.010417521 0.002177042 -0.016838243 0.050291046 -0.450619507 -0.964040834 -3.39768141 2.822643162
597.086 0 0 0 0 -0.002283163 -0.006416888 -0.00384861 0.002102876 0.003639897 -0.001320926 0.002147845 -0.000206 -0.001828788 -0.005112939 0.00381743 -0.000741 0.002700608 0.002969543 -2.97e-07 -0.002645389 0.000158 -0.000151 0.000596 -0.001999424 0.003152788 -0.001576182 0.00276792 -0.001207289 0.000348 0.002220767 0.002659306 0.000504 0.003664832 -0.000878 -0.001212431 0.000901 -0.000299 -0.000584 -6.68e-05 0.000623 0.001811133 0.002684346 0.001985916 0.00156891 0.000177 -6.34e-05 0.000897 0.001491256 0.001596132 0.000585 -0.000976 0.002993251 0.001201035 0.002626001 0.001623682 0.000231 0.003541598 0.001350548 0.002387153 0.001922548 0.003058225 0.003272223 0.003951619 0.002739384 0.002519104 0.003351234 0.004276713 0.003302887 0.003237454 0.003640927 0.003736382 0.004912767 0.004577972 0.00354487 0.002098281 0.004021133 0.006422575 0.003381602 0.003601339 0.002297075 0.004016165 0.003653535 0.003677452 0.002969739 0.00608148 0.004333102 0.002615519 0.003718397 0.002125904 0.00473261 0 0 0 0 0 0 0.003954113 0.005931737 0.005295494 0.003430947 0.002427521 0.006963102 0.005954991 0.007769324 0.004130854 0.006717127 0.002748451 -0.015936414 0.004809039 0.010392954 0.028202227 -0.044819705 0.063866486 -0.025001432 -0.415564726 -4.211536097 -4.509686422
600.427 0 0 0 -0.005862012 -0.003861845 -0.001251884 0.002196525 -0.004033049 -0.010151889 -0.005374939 -0.00457699 -0.002969937 -0.00246896 -0.008982942 -0.002516563 -0.004510578 -0.004384351 -0.003546929 -0.002070011 -0.003183962 -0.006814925 -0.003596335 -0.002407582 -0.002027302 -0.000557 0.001201981 -0.000893 -0.003552594 -0.001415995 -0.003044 -0.001514944 -0.001974293 0.000185 -0.002485687 -0.001144479 -0.001663269 0.000152 0.000592 0.00027 0.001839195 0.002294845 0.000842 0.000827 0.000605 -5.72e-05 0.001161163 0.000351 0.001035703 0.001451264 8.57e-05 -0.000162 0.00135981 -0.000302 0.000299 0.001575678 3.65e-06 -0.001032351 -0.001111471 0.001436039 0.000745 0.001127208 0.001844061 0.001606024 0.000434 0.001704122 0.002321458 0.001929779 0.004754277 0.002597236 0.001658209 0.002082052 0.00044 0.003194812 5.23e-07 0.001702248 0.003166429 0.002312054 0.001120406 -6.86e-05 0.00473254 0.00164554 0.004871697 0.002167102 0.004790869 0.002726351 0.002073822 0.006249178 -0.001405718 0.004582005 0 0 0 0 0 0 0.003310437 0.002279051 0.002498644 0.005711352 -0.001271547 0.001863283 0.000472 0.00151823 0.003390831 0.001948283 -0.003015166 0.01118341 -0.005943484 -0.0112884 -0.011913756 -0.036153513 -0.099793635 -0.042849361 -0.182813378 -1.684896889 -12.2838049 -26.067575
603.768 0 0 0.007241479 -0.004306588 -0.002341215 -0.005563441 -0.00418877 -0.000718 -0.005596904 0.00520891 -0.003744143 0.000214 0.003535481 0.003831219 0.004501417 0.002851854 0.002215352 0.004476657 0.004009953 0.001185593 0.003115272 0.0012635 0.000153 0.004683165 0.00267053 0.000403 0.001805406 -0.001361785 0.000831 -0.005580431 0.000979 0.002916597 0.003276574 -0.001883206 0.002479757 0.001258721 -0.000156 0.000298 0.000134 0.002032311 0.001597802 0.000551 0.003132886 0.00122192 -0.00012 0.002346737 0.00233374 0.004180015 0.00069 0.000514 0.003840005 0.003872743 0.001463916 0.001573136 0.001517104 0.002530415 0.002749158 0.00052 3.5e-07 0.004414438 0.003230074 0.001117182 0.004232921 0.001755071 0.003444053 0.003854211 0.002924065 0.002047762 0.003782589 0.003962186 0.000828 0.00503761 0.002787766 0.002253823 0.004232282 0.002275291 0.003823786 0.004316669 0.001988731 0.003711556 0.003250656 0.000294 0.002339041 0.003592146 0.004858962 0.005197597 0.003115167 0.003281691 0.002546188 0 0 0 0 0 0 0.00594779 0.003652558 0.002378098 0.004946901 0.005195756 0.008928712 0.007362717 0.006613862 0.011385653 0.005214422 0.006134169 0.011744632 -0.000595 0.009803265 0.02407911 -0.040532736 0.038516635 0.178565761 -0.261093588 1.237884461 1.836660572 -3.689572606
607.109 0 0.012766858 -0.000842 0.008646947 -0.003660435 0.000253 -0.003717537 0.006747796 0.004685982 0.005914988 0.004428134 -0.002372072 -0.000627 0.005677082 0.000978 0.001531099 0.008536502 0.004320044 0.004031236 0.001531243 0.004612012 0.006516271 -4.29e-06 0.002207166 0.002964302 0.00135321 0.003371674 0.002862361 -0.000124 0.007546355 0.005151843 -0.000115 0.002033521 0.002251126 0.000978 0.003290859 0.001003108 0.001802982 0.000825 0.002219685 0.001398361 0.002163417 0.001417273 0.003292082 0.00133778 0.000853 0.002842919 0.002827869 0.003468784 0.002065692 0.004616694 0.002758766 0.003019211 0.002111189 0.002665263 0.00333957 0.002361375 0.002350776 0.002826345 0.003023131 0.00458456 0.000843 0.004618296 0.006176232 0.005019737 0.002358001 0.004572716 0.003562922 0.003802664 0.003599547 0.00536208 0.004319562 0.00339325 0.005846864 0.003316645 0.002288063 0.003630314 0.001778473 0.004140964 0.00459237 0.004648445 0.00428355 0.003035019 0.003532671 0.004560679 0.007837605 0.004000759 0.004546565 0 0 0 0 0 0 0.007549398 0.004109751 0.009367193 0.006266731 0.003819947 0.008001172 0.00543334 0.011797745 0.012273983 0.018029007 0.010473795 0.013863131 0.005710187 0.024931668 0.022307575 0.030310783 0.052838946 -0.0171841 0.209182809 0.117091086 0.7074876 0.485565747 16.35706886
610.451 0.003329963 0.000293 -0.00028 0.004376322 0.004225631 0.007444638 0.004755713 -0.000732 0.002132838 0.001385458 0.001565248 0.004138288 0.008652356 0.004098687 0.006560677 0.003085262 0.002811783 0.003639454 0.004248199 -0.000341 0.002667628 0.003373118 0.006950965 -0.001339015 0.003282387 0.004925957 -0.000523 -0.000126 0.004227764 0.001961933 0.002546421 0.000528 0.003623116 0.002820863 0.001082747 0.000429 0.001954253 0.000684 0.001465587 0.00188798 0.002200014 0.002489588 0.000901 0.001181236 0.001835802 0.002510696 0.000932 0.00228059 0.003501412 0.001649252 0.003387847 0.002945666 0.002734518 0.002884053 0.003227176 0.001521175 0.000817 0.00114119 0.002576956 0.004384644 0.002508485 0.002650595 0.003747293 0.002941433 0.002972325 0.00332106 0.002226622 0.005118086 0.003684175 0.002707732 0.004117813 0.002331461 0.005660063 0.003321581 0.003133151 0.001660282 0.004457791 0.004167251 0.005190186 0.005724549 0.00417996 0.003803136 0.002065212 0.002932929 0.006001858 0.006894467 0.002283015 0.00396229 0 0 0 0 0 0 0.006444463 0.005906847 0.005480458 0.003463542 0.006183285 0.008640297 0.004842001 0.010967586 0.003349939 0.006642252 0.00924835 0.004270309 -0.00049 0.019622995 0.006630627 0.013112001 0.035083873 -0.067635238 -0.097648392 0.851297286 0.876804933 3.248865465 12.05759376
613.792 0.004495852 -0.005512485 -0.003919408 -0.001621816 0.000522 -0.00203585 -0.004954402 0.00024 0.006328113 0.006141724 0.001992457 -0.001509823 -0.002921645 -1.48e-06 -0.000197 0.00611021 0.002597985 0.00107966 0.000702 0.003236507 -0.002472787 -0.000956 -0.004893143 0.004120122 0.000421 -0.002573591 0.001555271 0.001493328 0.001666878 -0.003210656 -0.001428112 0.001782463 0.000967 0.002072186 0.00106573 0.001940567 0.003710163 0.001203148 0.001238975 -0.000353 0.002434435 0.000856 0.002152063 0.000726 0.001639014 0.000134 -0.000427 0.001538667 0.001301512 0.00189272 0.001428783 0.003164448 0.000234 0.002787461 0.001298258 0.002703244 0.001786275 0.002697615 0.001914634 0.003966015 0.002864427 0.004216107 0.001630076 0.001411585 0.000605 0.002611918 0.004898999 0.00110838 0.001706841 0.001607968 0.003474442 0.001787323 0.001843945 0.002119891 0.003676711 0.004288896 0.001281169 0.003627996 0.001928149 0.001579209 0.003341424 0.003102224 0.004322467 0.00416041 0.002118204 0.003876548 0.003391956 0 0 0 0 0 0 0.00154288 0.004763578 0.007842467 0.007059439 0.006713739 0.0109346 0.003911926 0.000636 0.006015036 0.009201126 -0.00228231 0.008843297 0.003099151 0.005203515 -0.003638056 -0.007351511 -0.011926766 -0.003602105 0.016911834 0.10532326 -0.188236557 0.058680875 0.057536246 -12.06956118
617.135 -0.010411244 -0.001778578 -0.00457688 0.007180279 0.004276152 -0.004933185 -0.002783959 -0.000738 -0.002156481 0.002325382 6.58e-08 -0.003742123 -0.003629773 0.000414 -0.000807 -0.005069735 -0.002464929 0.003492642 0.001074489 0.003479765 0.000672 -0.00487773 0.000465 -0.00015 -0.000578 -0.004432776 0.002913717 0.002669917 0.000727 -0.001758425 -0.001907991 -0.00171904 0.000198 -0.00202559 0.001817277 -0.000177 0.001104962 -7.87e-05 0.001124807 -0.00131727 0.000687 -0.000616 0.000536 0.00097 0.000805 0.00027 0.000438 0.000169 -0.00106112 0.00290101 0.004029594 0.000499 0.000555 0.000848 0.003575109 0.001866361 0.001750408 0.001957121 0.003912244 0.004921056 0.002536765 0.000668 0.001851346 -0.000993 0.003360171 0.002323797 0.001168912 0.002103094 0.002457746 0.001173289 0.001158482 0.001445907 0.001130919 0.002314729 -0.000152 0.000585 0.002399801 0.000509 0.002115933 0.003006 0.003042395 0.000303 0.003177532 0.003127795 0.005490185 0.001119231 0.001511046 0 0 0 0 0 0 0.007646332 0.003680218 0.00839091 0.001257687 0.004273076 0.006099921 0.003243952 0.003627013 0.001423534 0.006796084 0.002053152 0.01570662 0.009445635 0.007745793 0.005003353 -0.00160218 -0.007359629 0.00212675 -0.050026498 -0.038644571 -0.169704874 0.366451637 -1.66276603 -14.16687689
