NaN 600 596.73 593.46 590.19 586.92 583.65 580.38 577.11 573.84 570.57 567.3 564.03 560.76 557.49 554.22 550.95 547.68 544.41 541.14 537.87 534.6 531.33 528.06 524.79 521.52 518.25 514.98 511.71 508.44 505.17 501.9 498.63 495.36 492.09 488.82 485.55 482.28 479.01 475.74 472.47 469.2 465.93 462.66 459.39 456.12 452.85 449.58 446.31 443.04 439.77 436.5 433.23 429.96 426.69 423.42 420.15 416.88 413.61 410.34 407.07 403.8 400.53 397.26 393.99 390.72 387.45 384.18 380.91 377.64 374.37 371.1 367.83 364.56 361.29 358.02 354.75 351.48 348.21 344.94 341.67 338.4 335.13 331.86 328.59 325.32 322.05 318.78 315.51 312.24 308.97 305.7 302.43 299.16 295.89 292.62 289.35 286.08 282.81 279.54 276.27 273 269.73 266.46 263.19 259.92 256.65 253.38 250.11 246.84 243.57 240.3 237.03 233.76 230.49 227.22 223.95 220.68
NaN NaN NaN NaN NaN NaN NaN NaN NaN NaN NaN NaN NaN NaN NaN NaN NaN NaN NaN NaN NaN NaN NaN NaN NaN NaN NaN NaN NaN NaN NaN NaN NaN NaN NaN NaN NaN NaN NaN NaN NaN NaN NaN NaN NaN NaN NaN NaN NaN NaN NaN NaN NaN NaN NaN NaN NaN NaN NaN NaN NaN NaN NaN NaN NaN NaN NaN NaN NaN NaN NaN NaN NaN NaN NaN NaN NaN NaN NaN NaN NaN NaN NaN NaN NaN NaN NaN NaN NaN NaN NaN NaN NaN NaN NaN NaN NaN NaN NaN NaN NaN NaN NaN NaN NaN NaN NaN NaN NaN NaN NaN NaN NaN NaN NaN NaN NaN NaN
NaN NaN NaN NaN NaN NaN NaN NaN NaN NaN NaN NaN NaN NaN NaN NaN NaN NaN NaN NaN NaN NaN NaN NaN NaN NaN NaN NaN NaN NaN NaN NaN NaN NaN NaN NaN NaN NaN NaN NaN NaN NaN NaN NaN NaN NaN NaN NaN NaN NaN NaN NaN NaN NaN NaN NaN NaN NaN NaN NaN NaN NaN NaN NaN NaN NaN NaN NaN NaN NaN NaN NaN NaN NaN NaN NaN NaN NaN NaN NaN NaN NaN NaN NaN NaN NaN NaN NaN NaN NaN NaN NaN NaN NaN NaN NaN NaN NaN NaN NaN NaN NaN NaN NaN NaN NaN NaN NaN NaN NaN NaN NaN NaN NaN NaN NaN NaN NaN
210.901 0 0 0 0 0 0 0 0 0 0 0 0 0 0 0 0 0 0 0 0 0 0 0 0 0 0 0 0 0 0 0 0 0 0 0 0 0 0 0 0 0 0 0 0 0 0 0 0 0 0 0 0 0 0 0 0 0 0 0 0 0 0 0 0 0 0 0 0 0 0 0 0 0 0 0 0 0 0 0 0 0 0 0 0 0 0 0 0 0 0 0 0 0 0 0 0 0 0 0 0 0 0 0 0 0 0 0 0 0 0 0 0 0 0 0 0 0
214.065 0 0 0 0 0 0 0 0 0 0 0 0 0 0 0 0 0 0 0 0 0 0 0 0 0 0 0 0 0 0 0 0 0 0 0 0 0 0 0 0 0 0 0 0 0 0 0 0 0 0 0 0 0 0 0 0 0 0 0 0 0 0 0 0 0 0 0 0 0 0 0 0 0 0 0 0 0 0 0 0 0 0 0 0 0 0 0 0 0 0 0 0 0 0 0 0 0 0 0 0 0 0 0 0 0 0 0 0 0 0 0 0 0 0 0 0 0
217.232 0 0 0 0 0 0 0 0 0 0 0 0 0 0 0 0 0 0 0 0 0 0 0 0 0 0 0 0 0 0 0 0 0 0 0 0 0 0 0 0 0 0 0 0 0 0 0 0 0 0 0 0 0 0 0 0 0 0 0 0 0 0 0 0 0 0 0 0 0 0 0 0 0 0 0 0 0 0 0 0 0 0 0 0 0 0 0 0 0 0 0 0 0 0 0 0 0 0 0 0 0 0 0 0 0 0 0 0 0 0 0 0 0 0 0 0 0
220.402 0 0 0 0 0 0 0 0 0 0 0 0 0 0 0 0 0 0 0 0 0 0 0 0 0 0 0 0 0 0 0 0 0 0 0 0 0 0 0 0 0 0 0 0 0 0 0 0 0 0 0 0 0 0 0 0 0 0 0 0 0 0 0 0 0 0 0 0 0 0 0 0 0 0 0 0 0 0 0 0 0 0 0 0 0 0 0 0 0 0 0 0 0 0 0 0 0 0 0 0 0 0 0 0 0 0 0 0 0 0 0 0 0 0 0 0 0
223.574 0 0 0 0 0 0 0 0 0 0 0 0 0 0 0 0 0 0 0 0 0 0 0 0 0 0 0 0 0 0 0 0 0 0 0 0 0 0 0 0 0 0 0 0 0 0 0 0 0 0 0 0 0 0 0 0 0 0 0 0 0 0 0 0 0 0 0 0 0 0 0 0 0 0 0 0 0 0 0 0 0 0 0 0 0 0 0 0 0 0 0 0 0 0 0 0 0 0 0 0 0 0 0 0 0 0 0 0 0 0 0 0 0 0 0 0 0
226.748 0 0 0 0 0 0 0 0 0 0 0 0 0 0 0 0 0 0 0 0 0 0 0 0 0 0 0 0 0 0 0 0 0 0 0 0 0 0 0 0 0 0 0 0 0 0 0 0 0 0 0 0 0 0 0 0 0 0 0 0 0 0 0 0 0 0 0 0 0 0 0 0 0 0 0 0 0 0 0 0 0 0 0 0 0 0 0 0 0 0 0 0 0 0 0 0 0 0 0 0 0 0 0 0 0 0 0 0 0 0 0 0 0 0 0 0 0
229.925 0 0 0 0 0 0 0 0 0 0 0 0 0 0 0 0 0 0 0 0 0 0 0 0 0 0 0 0 0 0 0 0 0 0 0 0 0 0 0 0 0 0 0 0 0 0 0 0 0 0 0 0 0 0 0 0 0 0 0 0 0 0 0 0 0 0 0 0 0 0 0 0 0 0 0 0 0 0 0 0 0 0 0 0 0 0 0 0 0 0 0 0 0 0 0 0 0 0 0 0 0 0 0 0 0 0 0 0 0 0 0 0 0 0 0 0 0
233.104 0 0 0 0 0 0 0 0 0 0 0 0 0 0 0 0 0 0 0 0 0 0 0 0 0 0 0 0 0 0 0 0 0 0 0 0 0 0 0 0 0 0 0 0 0 0 0 0 0 0 0 0 0 0 0 0 0 0 0 0 0 0 0 0 0 0 0 0 0 0 0 0 0 0 0 0 0 0 0 0 0 0 0 0 0 0 0 0 0 0 0 0 0 0 0 0 0 0 0 0 0 0 0 0 0 0 0 0 0 0 0 0 0 0 0 0 19.99726532
236.285 0 0 0 0 0 0 0 0 0 0 0 0 0 0 0 0 0 0 0 0 0 0 0 0 0 0 0 0 0 0 0 0 0 0 0 0 0 0 0 0 0 0 0 0 0 0 0 0 0 0 0 0 0 0 0 0 0 0 0 0 0 0 0 0 0 0 0 0 0 0 0 0 0 0 0 0 0 0 0 0 0 0 0 0 0 0 0 0 0 0 0 0 0 0 0 0 0 0 0 0 0 0 0 0 0 0 0 0 0 0 0 0 0 0 0 -3.233893298 2.379242576
239.469 0 0 0 0 0 0 0 0 0 0 0 0 0 0 0 0 0 0 0 0 0 0 0 0 0 0 0 0 0 0 0 0 0 0 0 0 0 0 0 0 0 0 0 0 0 0 0 0 0 0 0 0 0 0 0 0 0 0 0 0 0 0 0 0 0 0 0 0 0 0 0 0 0 0 0 0 0 0 0 0 0 0 0 0 0 0 0 0 0 0 0 0 0 0 0 0 0 0 0 0 0 0 0 0 0 0 0 0 0 0 0 0 0 0 0.380931065 -1.949362698 -0.06152213
242.655 0 0 0 0 0 0 0 0 0 0 0 0 0 0 0 0 0 0 0 0 0 0 0 0 0 0 0 0 0 0 0 0 0 0 0 0 0 0 0 0 0 0 0 0 0 0 0 0 0 0 0 0 0 0 0 0 0 0 0 0 0 0 0 0 0 0 0 0 0 0 0 0 0 0 0 0 0 0 0 0 0 0 0 0 0 0 0 0 0 0 0 0 0 0 0 0 0 0 0 0 0 0 0 0 0 0 0 0 0 0 0 0 0 0.257673476 0.053201153 4.751413672 -16.71152171
245.844 0 0 0 0 0 0 0 0 0 0 0 0 0 0 0 0 0 0 0 0 0 0 0 0 0 0 0 0 0 0 0 0 0 0 0 0 0 0 0 0 0 0 0 0 0 0 0 0 0 0 0 0 0 0 0 0 0 0 0 0 0 0 0 0 0 0 0 0 0 0 0 0 0 0 0 0 0 0 0 0 0 0 0 0 0 0 0 0 0 0 0 0 0 0 0 0 0 0 0 0 0 0 0 0 0 0 0 0 0 0 0 0 -0.053476573 0.05210938 -0.157857007 -3.430205445 6.369931537
249.035 0 0 0 0 0 0 0 0 0 0 0 0 0 0 0 0 0 0 0 0 0 0 0 0 0 0 0 0 0 0 0 0 0 0 0 0 0 0 0 0 0 0 0 0 0 0 0 0 0 0 0 0 0 0 0 0 0 0 0 0 0 0 0 0 0 0 0 0 0 0 0 0 0 0 0 0 0 0 0 0 0 0 0 0 0 0 0 0 0 0 0 0 0 0 0 0 0 0 0 0 0 0 0 0 0 0 0 0 0 0 0 0.038233015 -0.019226732 0.105639743 -0.258275186 6.032828166 9.525682183
252.228 0 0 0 0 0 0 0 0 0 0 0 0 0 0 0 0 0 0 0 0 0 0 0 0 0 0 0 0 0 0 0 0 0 0 0 0 0 0 0 0 0 0 0 0 0 0 0 0 0 0 0 0 0 0 0 0 0 0 0 0 0 0 0 0 0 0 0 0 0 0 0 0 0 0 0 0 0 0 0 0 0 0 0 0 0 0 0 0 0 0 0 0 0 0 0 0 0 0 0 0 0 0 0 0 0 0 0 0 0 0 -0.019370988 -0.019903944 -0.030601304 0.180627911 0.391176834 1.362781099 -13.23278469
255.423 0 0 0 0 0 0 0 0 0 0 0 0 0 0 0 0 0 0 0 0 0 0 0 0 0 0 0 0 0 0 0 0 0 0 0 0 0 0 0 0 0 0 0 0 0 0 0 0 0 0 0 0 0 0 0 0 0 0 0 0 0 0 0 0 0 0 0 0 0 0 0 0 0 0 0 0 0 0 0 0 0 0 0 0 0 0 0 0 0 0 0 0 0 0 0 0 0 0 0 0 0 0 0 0 0 0 0 0 0 -0.007938931 -0.029647398 0.035016656 -0.168109779 0.058208221 0.796412543 -3.70757952 14.37184806
258.621 0 0 0 0 0 0 0 0 0 0 0 0 0 0 0 0 0 0 0 0 0 0 0 0 0 0 0 0 0 0 0 0 0 0 0 0 0 0 0 0 0 0 0 0 0 0 0 0 0 0 0 0 0 0 0 0 0 0 0 0 0 0 0 0 0 0 0 0 0 0 0 0 0 0 0 0 0 0 0 0 0 0 0 0 0 0 0 0 0 0 0 0 0 0 0 0 0 0 0 0 0 0 0 0 0 0 0 0 0.006326186 0.007456878 0.038886071 -0.067795775 -0.037755887 -0.086627183 -0.501388735 0.542827923 1.357675878
261.821 0 0 0 0 0 0 0 0 0 0 0 0 0 0 0 0 0 0 0 0 0 0 0 0 0 0 0 0 0 0 0 0 0 0 0 0 0 0 0 0 0 0 0 0 0 0 0 0 0 0 0 0 0 0 0 0 0 0 0 0 0 0 0 0 0 0 0 0 0 0 0 0 0 0 0 0 0 0 0 0 0 0 0 0 0 0 0 0 0 0 0 0 0 0 0 0 0 0 0 0 0 0 0 0 0 0 0 0.02542657 0.045495281 -0.019634983 0.055692539 0.07706154 -0.064356312 0.528708318 1.851249575 4.182302808 5.648655442
265.023 0 0 0 0 0 0 0 0 0 0 0 0 0 0 0 0 0 0 0 0 0 0 0 0 0 0 0 0 0 0 0 0 0 0 0 0 0 0 0 0 0 0 0 0 0 0 0 0 0 0 0 0 0 0 0 0 0 0 0 0 0 0 0 0 0 0 0 0 0 0 0 0 0 0 0 0 0 0 0 0 0 0 0 0 0 0 0 0 0 0 0 0 0 0 0 0 0 0 0 0 0 0 0 0 0 0 0.010915587 0.010141382 0.016710995 0.043855612 0.048272672 0.035731752 0.235706649 0.379737487 1.291221299 0.788589608 -2.850122316
268.228 0 0 0 0 0 0 0 0 0 0 0 0 0 0 0 0 0 0 0 0 0 0 0 0 0 0 0 0 0 0 0 0 0 0 0 0 0 0 0 0 0 0 0 0 0 0 0 0 0 0 0 0 0 0 0 0 0 0 0 0 0 0 0 0 0 0 0 0 0 0 0 0 0 0 0 0 0 0 0 0 0 0 0 0 0 0 0 0 0 0 0 0 0 0 0 0 0 0 0 0 0 0 0 0 0 -0.013856211 -0.007893539 0.020944571 0.000202 -0.021685178 -0.018493548 0.012090148 -0.06327236 -0.210488156 -0.811053667 0.424498761 -9.772333896
271.434 0 0 0 0 0 0 0 0 0 0 0 0 0 0 0 0 0 0 0 0 0 0 0 0 0 0 0 0 0 0 0 0 0 0 0 0 0 0 0 0 0 0 0 0 0 0 0 0 0 0 0 0 0 0 0 0 0 0 0 0 0 0 0 0 0 0 0 0 0 0 0 0 0 0 0 0 0 0 0 0 0 0 0 0 0 0 0 0 0 0 0 0 0 0 0 0 0 0 0 0 0 0 0 0 0.010102272 0.009904206 0.004996521 -0.00349508 0.014459279 0.028515995 0.013729641 -0.003046402 0.148554941 0.230671275 1.761200073 0.623141199 0.775660427
274.643 0 0 0 0 0 0 0 0 0 0 0 0 0 0 0 0 0 0 0 0 0 0 0 0 0 0 0 0 0 0 0 0 0 0 0 0 0 0 0 0 0 0 0 0 0 0 0 0 0 0 0 0 0 0 0 0 0 0 0 0 0 0 0 0 0 0 0 0 0 0 0 0 0 0 0 0 0 0 0 0 0 0 0 0 0 0 0 0 0 0 0 0 0 0 0 0 0 0 0 0 0 0 0 -0.001353589 -0.002218898 -0.000235 0.004101147 0.003096142 -0.000158 -0.006255198 0.0289831 0.012447482 -0.071843905 -0.016601759 -1.836653828 -0.41831163 -7.06894597
277.854 0 0 0 0 0 0 0 0 0 0 0 0 0 0 0 0 0 0 0 0 0 0 0 0 0 0 0 0 0 0 0 0 0 0 0 0 0 0 0 0 0 0 0 0 0 0 0 0 0 0 0 0 0 0 0 0 0 0 0 0 0 0 0 0 0 0 0 0 0 0 0 0 0 0 0 0 0 0 0 0 0 0 0 0 0 0 0 0 0 0 0 0 0 0 0 0 0 0 0 0 0 0 0.007145149 0.006103624 0.009498715 0.003318241 0.01871902 -0.012823999 0.002323625 0.045674398 0.048094511 0.055921885 -0.012948193 0.118105399 1.372625371 4.209646416 -2.439188932
281.068 0 0 0 0 0 0 0 0 0 0 0 0 0 0 0 0 0 0 0 0 0 0 0 0 0 0 0 0 0 0 0 0 0 0 0 0 0 0 0 0 0 0 0 0 0 0 0 0 0 0 0 0 0 0 0 0 0 0 0 0 0 0 0 0 0 0 0 0 0 0 0 0 0 0 0 0 0 0 0 0 0 0 0 0 0 0 0 0 0 0 0 0 0 0 0 0 0 0 0 0 0 0.010895575 0.016608696 0.010380823 0.011094298 -0.003199974 0.018463486 0.00821406 0.020854695 0.035917274 0.029053188 0.08650123 0.111347651 0.3347747 1.263807969 -0.616669902 7.028557984
284.283 0 0 0 0 0 0 0 0 0 0 0 0 0 0 0 0 0 0 0 0 0 0 0 0 0 0 0 0 0 0 0 0 0 0 0 0 0 0 0 0 0 0 0 0 0 0 0 0 0 0 0 0 0 0 0 0 0 0 0 0 0 0 0 0 0 0 0 0 0 0 0 0 0 0 0 0 0 0 0 0 0 0 0 0 0 0 0 0 0 0 0 0 0 0 0 0 0 0 0 0 0.012460003 0.008584467 0.010966743 0.005349893 0.011767253 0.004003669 0.002178721 0.003206065 0.007823983 0.038612669 0.021936257 0.125082252 0.245704317 0.181773819 0.049798199 2.691238751 14.66275994
287.501 0 0 0 0 0 0 0 0 0 0 0 0 0 0 0 0 0 0 0 0 0 0 0 0 0 0 0 0 0 0 0 0 0 0 0 0 0 0 0 0 0 0 0 0 0 0 0 0 0 0 0 0 0 0 0 0 0 0 0 0 0 0 0 0 0 0 0 0 0 0 0 0 0 0 0 0 0 0 0 0 0 0 0 0 0 0 0 0 0 0 0 0 0 0 0 0 0 0 0 0.016704508 0.017972597 0.012823833 0.012690612 0.012763262 0.011342854 0.02464323 0.006453032 0.026934039 0.014763555 0.014471026 0.05841629 0.060384288 0.166575708 0.179848333 0.82106001 2.681794688 6.12639153
290.72 0 0 0 0 0 0 0 0 0 0 0 0 0 0 0 0 0 0 0 0 0 0 0 0 0 0 0 0 0 0 0 0 0 0 0 0 0 0 0 0 0 0 0 0 0 0 0 0 0 0 0 0 0 0 0 0 0 0 0 0 0 0 0 0 0 0 0 0 0 0 0 0 0 0 0 0 0 0 0 0 0 0 0 0 0 0 0 0 0 0 0 0 0 0 0 0 0 0 0.013224352 0.014407867 0.0161074 0.013361219 0.020296332 0.000463 0.010876036 0.020897494 0.011838318 0.013274544 0.017294338 0.023363708 0.016393352 -0.032637505 0.18890028 -0.160886171 -1.062525507 0.801108467 -9.706965453
293.942 0 0 0 0 0 0 0 0 0 0 0 0 0 0 0 0 0 0 0 0 0 0 0 0 0 0 0 0 0 0 0 0 0 0 0 0 0 0 0 0 0 0 0 0 0 0 0 0 0 0 0 0 0 0 0 0 0 0 0 0 0 0 0 0 0 0 0 0 0 0 0 0 0 0 0 0 0 0 0 0 0 0 0 0 0 0 0 0 0 0 0 0 0 0 0 0 0 0.016840785 0.017509472 0.019681477 0.019988865 0.02813667 0.001215963 0.016496896 0.01134448 0.013301751 0.021378326 0.011575606 0.012966573 -0.006983603 -0.001570178 -0.00871013 0.043481598 -0.174584197 -0.051386948 -1.396278288 -16.19438019
297.166 0 0 0 0 0 0 0 0 0 0 0 0 0 0 0 0 0 0 0 0 0 0 0 0 0 0 0 0 0 0 0 0 0 0 0 0 0 0 0 0 0 0 0 0 0 0 0 0 0 0 0 0 0 0 0 0 0 0 0 0 0 0 0 0 0 0 0 0 0 0 0 0 0 0 0 0 0 0 0 0 0 0 0 0 0 0 0 0 0 0 0 0 0 0 0 0 0.016757262 0.016641174 0.02494309 0.022343777 0.028244332 0.011373109 0.030242532 0.034122567 0.026555865 0.026895244 0.031874381 0.030751972 0.052477167 0.051462679 0.043129066 0.08093059 0.202256284 0.454201996 0.243905833 -0.587017987 -4.445157832
300.392 0 0 0 0 0 0 0 0 0 0 0 0 0 0 0 0 0 0 0 0 0 0 0 0 0 0 0 0 0 0 0 0 0 0 0 0 0 0 0 0 0 0 0 0 0 0 0 0 0 0 0 0 0 0 0 0 0 0 0 0 0 0 0 0 0 0 0 0 0 0 0 0 0 0 0 0 0 0 0 0 0 0 0 0 0 0 0 0 0 0 0 0 0 0 0 0.007658121 0.00716903 0.016655745 0.019196882 0.022791454 0.026449928 0.025758514 0.021679713 0.027559256 0.020065576 0.023625577 0.032052631 0.027609424 0.022764037 0.010852103 0.062073173 9.56e-05 -0.036233306 -0.186356688 -0.633132665 2.938752563 -2.946913332
303.62 0 0 0 0 0 0 0 0 0 0 0 0 0 0 0 0 0 0 0 0 0 0 0 0 0 0 0 0 0 0 0 0 0 0 0 0 0 0 0 0 0 0 0 0 0 0 0 0 0 0 0 0 0 0 0 0 0 0 0 0 0 0 0 0 0 0 0 0 0 0 0 0 0 0 0 0 0 0 0 0 0 0 0 0 0 0 0 0 0 0 0 0 0 0 0.006478078 0.009616159 0.012778815 0.024456087 0.022312988 0.026706324 0.029965928 0.02804528 0.031152813 0.032920199 0.032050557 0.02537149 0.02584361 0.032872262 0.037959991 0.043091973 0.055358675 -0.022909804 -0.017893186 -0.092650385 -0.437181348 -2.530109931 -4.996775959
306.85 0 0 0 0 0 0 0 0 0 0 0 0 0 0 0 0 0 0 0 0 0 0 0 0 0 0 0 0 0 0 0 0 0 0 0 0 0 0 0 0 0 0 0 0 0 0 0 0 0 0 0 0 0 0 0 0 0 0 0 0 0 0 0 0 0 0 0 0 0 0 0 0 0 0 0 0 0 0 0 0 0 0 0 0 0 0 0 0 0 0 0 0 0 0.009968292 0.008183094 0.012256475 0.019149878 0.02502296 0.021776127 0.032922823 0.029187858 0.036376243 0.03847756 0.04160533 0.029287276 0.03759217 0.047313911 0.033529258 0.076199607 0.048178263 0.095360722 0.201244651 0.268019868 0.311556605 2.882965493 3.127391951 21.63811051
310.082 0 0 0 0 0 0 0 0 0 0 0 0 0 0 0 0 0 0 0 0 0 0 0 0 0 0 0 0 0 0 0 0 0 0 0 0 0 0 0 0 0 0 0 0 0 0 0 0 0 0 0 0 0 0 0 0 0 0 0 0 0 0 0 0 0 0 0 0 0 0 0 0 0 0 0 0 0 0 0 0 0 0 0 0 0 0 0 0 0 0 0 0 -0.000586 0.000337 0.006782009 0.008448091 0.013221035 0.018501429 0.02495737 0.026021561 0.026283125 0.020520633 0.02468717 0.026379831 0.020054279 0.020816937 0.024801627 0.026140731 0.022764904 0.00200778 -0.009308391 -0.129021001 -0.133704301 -0.280005072 -1.463890178 -8.767719125 -28.87565634
313.316 0 0 0 0 0 0 0 0 0 0 0 0 0 0 0 0 0 0 0 0 0 0 0 0 0 0 0 0 0 0 0 0 0 0 0 0 0 0 0 0 0 0 0 0 0 0 0 0 0 0 0 0 0 0 0 0 0 0 0 0 0 0 0 0 0 0 0 0 0 0 0 0 0 0 0 0 0 0 0 0 0 0 0 0 0 0 0 0 0 0 0 0.002041627 0.003639432 0.006463324 0.010838408 0.013567104 0.016383039 0.022192638 0.021444773 0.028434216 0.029431749 0.0293961 0.025633155 0.033910607 0.024650792 0.035263551 0.033350859 0.046035142 0.038977706 0.013855705 0.024185173 0.072257907 0.018527138 -0.093461332 1.08056552 -0.393099489 4.3177742
316.553 0 0 0 0 0 0 0 0 0 0 0 0 0 0 0 0 0 0 0 0 0 0 0 0 0 0 0 0 0 0 0 0 0 0 0 0 0 0 0 0 0 0 0 0 0 0 0 0 0 0 0 0 0 0 0 0 0 0 0 0 0 0 0 0 0 0 0 0 0 0 0 0 0 0 0 0 0 0 0 0 0 0 0 0 0 0 0 0 0 0 0.006639572 0.006073993 0.006416558 0.010394053 0.012178083 0.018568782 0.024151229 0.019789319 0.034103047 0.036002947 0.029755256 0.035186255 0.041155534 0.033098287 0.039641163 0.038801283 0.04532609 0.055999008 0.071276312 0.044931473 0.101625398 0.093383126 0.148389046 0.631881381 1.837151775 -2.180231684 0.774770913
319.791 0 0 0 0 0 0 0 0 0 0 0 0 0 0 0 0 0 0 0 0 0 0 0 0 0 0 0 0 0 0 0 0 0 0 0 0 0 0 0 0 0 0 0 0 0 0 0 0 0 0 0 0 0 0 0 0 0 0 0 0 0 0 0 0 0 0 0 0 0 0 0 0 0 0 0 0 0 0 0 0 0 0 0 0 0 0 0 0 0 0.004215118 0.00437021 0.006679524 0.009196017 0.007727704 0.014849987 0.016195069 0.021189243 0.02431628 0.031264984 0.031445118 0.029213708 0.033460006 0.035266271 0.035375507 0.029341629 0.039618745 0.037374944 0.054261553 0.04571974 0.061191427 0.108617481 0.167121179 0.198996644 0.460759915 0.747684607 3.592031324 -0.082097849
323.031 0 0 0 0 0 0 0 0 0 0 0 0 0 0 0 0 0 0 0 0 0 0 0 0 0 0 0 0 0 0 0 0 0 0 0 0 0 0 0 0 0 0 0 0 0 0 0 0 0 0 0 0 0 0 0 0 0 0 0 0 0 0 0 0 0 0 0 0 0 0 0 0 0 0 0 0 0 0 0 0 0 0 0 0 0 0 0 0 0.005737993 0.003610248 0.006913479 0.007010206 0.008013419 0.009907638 0.018076473 0.015275775 0.02031097 0.028682934 0.032027547 0.027992037 0.030801392 0.030385007 0.035698759 0.037682588 0.026750564 0.030204464 0.042666161 0.042738672 0.057297666 0.050356917 0.020080307 0.024132452 0.025451963 -0.016743085 0.049212584 6.517285707 -21.78585367
326.273 0 0 0 0 0 0 0 0 0 0 0 0 0 0 0 0 0 0 0 0 0 0 0 0 0 0 0 0 0 0 0 0 0 0 0 0 0 0 0 0 0 0 0 0 0 0 0 0 0 0 0 0 0 0 0 0 0 0 0 0 0 0 0 0 0 0 0 0 0 0 0 0 0 0 0 0 0 0 0 0 0 0 0 0 0 0 0 0.00199229 0.003769916 0.003866796 0.00492949 0.005727891 0.009224198 0.012659344 0.012754048 0.021501122 0.027087467 0.025455334 0.032872103 0.02408188 0.026944752 0.027793322 0.032668156 0.031738693 0.029712931 0.027000566 0.045426991 0.037002402 0.049480391 0.033768478 0.034184723 0.101703 -0.104363722 -0.350841358 -1.050355503 -9.846647269 -28.56323515
329.517 0 0 0 0 0 0 0 0 0 0 0 0 0 0 0 0 0 0 0 0 0 0 0 0 0 0 0 0 0 0 0 0 0 0 0 0 0 0 0 0 0 0 0 0 0 0 0 0 0 0 0 0 0 0 0 0 0 0 0 0 0 0 0 0 0 0 0 0 0 0 0 0 0 0 0 0 0 0 0 0 0 0 0 0 0 0 0.00678908 0.004224935 0.006246509 0.009622927 0.007749586 0.010015509 0.014855743 0.014633507 0.016330991 0.026291504 0.027278119 0.035014812 0.029155849 0.034858922 0.035721537 0.034041883 0.04051607 0.034396736 0.038664968 0.041468499 0.047588636 0.052816817 0.046084792 0.073156265 0.081755637 0.147777467 0.179979811 0.527862265 1.925909063 4.252155732 -9.3808688
332.763 0 0 0 0 0 0 0 0 0 0 0 0 0 0 0 0 0 0 0 0 0 0 0 0 0 0 0 0 0 0 0 0 0 0 0 0 0 0 0 0 0 0 0 0 0 0 0 0 0 0 0 0 0 0 0 0 0 0 0 0 0 0 0 0 0 0 0 0 0 0 0 0 0 0 0 0 0 0 0 0 0 0 0 0 0 0.007927047 0.006106869 0.009200982 0.009654998 0.008584119 0.013809777 0.015495408 0.01814229 0.01086709 0.024967839 0.028551141 0.031390536 0.034419892 0.035452869 0.039964835 0.033972341 0.0322278 0.041511453 0.044555154 0.037429691 0.044430704 0.044832423 0.045328848 0.070391434 0.07302421 0.116254427 0.101993442 0.297087254 0.690589917 1.406345115 -0.454200424 -4.753124304
336.011 0 0 0 0 0 0 0 0 0 0 0 0 0 0 0 0 0 0 0 0 0 0 0 0 0 0 0 0 0 0 0 0 0 0 0 0 0 0 0 0 0 0 0 0 0 0 0 0 0 0 0 0 0 0 0 0 0 0 0 0 0 0 0 0 0 0 0 0 0 0 0 0 0 0 0 0 0 0 0 0 0 0 0 0 0.005279373 0.001344308 0.005582731 0.004294346 0.008382893 0.01002771 0.013885217 0.013993358 0.015943876 0.019609387 0.023091708 0.0258634 0.025909932 0.0290584 0.036302477 0.029285536 0.033146559 0.031090575 0.030439474 0.02496233 0.032567497 0.035591092 0.034798513 0.046576638 0.040174477 0.029541587 0.111368432 0.01928491 0.034224979 -0.017018386 -0.110560538 0.438518288 -12.09483397
339.261 0 0 0 0 0 0 0 0 0 0 0 0 0 0 0 0 0 0 0 0 0 0 0 0 0 0 0 0 0 0 0 0 0 0 0 0 0 0 0 0 0 0 0 0 0 0 0 0 0 0 0 0 0 0 0 0 0 0 0 0 0 0 0 0 0 0 0 0 0 0 0 0 0 0 0 0 0 0 0 0 0 0 0 0.002374819 0.003469397 0.00532692 0.007681991 0.007960948 0.010182972 0.009179343 0.010904673 0.018910813 0.015850029 0.018764391 0.025391187 0.026214644 0.032238206 0.03361621 0.034253135 0.029474502 0.031679778 0.034006184 0.02794197 0.035746673 0.027015412 0.03665179 0.047981453 0.042787548 0.032025762 0.015379457 0.077876951 0.035354344 0.027194418 0.156507453 0.708551806 -5.411250118 4.860754733
342.512 0 0 0 0 0 0 0 0 0 0 0 0 0 0 0 0 0 0 0 0 0 0 0 0 0 0 0 0 0 0 0 0 0 0 0 0 0 0 0 0 0 0 0 0 0 0 0 0 0 0 0 0 0 0 0 0 0 0 0 0 0 0 0 0 0 0 0 0 0 0 0 0 0 0 0 0 0 0 0 0 0 0 0.004272336 0.002525809 0.007054279 0.007684103 0.008489596 0.011747559 0.008841883 0.008848922 0.015459721 0.016923164 0.018631796 0.023378602 0.028712256 0.031115175 0.03430466 0.032537406 0.031851825 0.033086732 0.029553762 0.032677118 0.034477725 0.037688274 0.026234112 0.034713661 0.029850099 0.046244883 0.042603723 0.046148004 0.042767526 -0.035096941 0.048117096 0.018000928 -0.052184438 2.199179955 -3.388616258
345.766 0 0 0 0 0 0 0 0 0 0 0 0 0 0 0 0 0 0 0 0 0 0 0 0 0 0 0 0 0 0 0 0 0 0 0 0 0 0 0 0 0 0 0 0 0 0 0 0 0 0 0 0 0 0 0 0 0 0 0 0 0 0 0 0 0 0 0 0 0 0 0 0 0 0 0 0 0 0 0 0 0 0.00747061 0.004862511 0.007871022 0.009176669 0.008439628 0.012261143 0.013139873 0.016446881 0.00994006 0.021172743 0.020842102 0.024306652 0.027478012 0.029080458 0.033989098 0.036953061 0.0337798 0.033943589 0.038609321 0.02982338 0.034654687 0.036876205 0.034132024 0.035094929 0.024876183 0.037858891 0.066069569 0.063330774 0.055451584 0.059294464 0.103783116 0.062312825 0.298813724 0.004216874 7.049161603 12.08520288
349.021 0 0 0 0 0 0 0 0 0 0 0 0 0 0 0 0 0 0 0 0 0 0 0 0 0 0 0 0 0 0 0 0 0 0 0 0 0 0 0 0 0 0 0 0 0 0 0 0 0 0 0 0 0 0 0 0 0 0 0 0 0 0 0 0 0 0 0 0 0 0 0 0 0 0 0 0 0 0 0 0 0.004919205 0.002290324 0.003816719 0.005173199 0.008409349 0.008707688 0.010038206 0.011015731 0.012588519 0.015170213 0.017076305 0.018806913 0.020404822 0.025129356 0.028095794 0.030118074 0.032354927 0.029448183 0.031211505 0.028376309 0.030995579 0.029594764 0.028452102 0.023261384 0.029241395 0.023800344 0.029224399 0.032673497 0.026000918 0.042703306 0.007508778 0.0625073 0.000109 -0.071123724 -1.285916453 -6.469340502 -13.94510324
352.278 0 0 0 0 0 0 0 0 0 0 0 0 0 0 0 0 0 0 0 0 0 0 0 0 0 0 0 0 0 0 0 0 0 0 0 0 0 0 0 0 0 0 0 0 0 0 0 0 0 0 0 0 0 0 0 0 0 0 0 0 0 0 0 0 0 0 0 0 0 0 0 0 0 0 0 0 0 0 0 0.005369541 0.003047244 0.004269621 0.007787343 0.009158799 0.00986026 0.010993935 0.012340971 0.010965944 0.011540368 0.017504469 0.018481355 0.023206252 0.024624058 0.027672321 0.03026608 0.034775538 0.031329636 0.033506854 0.036312281 0.029097357 0.029837953 0.025182779 0.028281407 0.030703731 0.023668767 0.036910836 0.039114678 0.031585717 0.043631959 0.02866169 0.026046771 0.040244605 0.212807001 -0.308058235 -0.969210996 -3.87196399 -39.53408989
355.537 0 0 0 0 0 0 0 0 0 0 0 0 0 0 0 0 0 0 0 0 0 0 0 0 0 0 0 0 0 0 0 0 0 0 0 0 0 0 0 0 0 0 0 0 0 0 0 0 0 0 0 0 0 0 0 0 0 0 0 0 0 0 0 0 0 0 0 0 0 0 0 0 0 0 0 0 0 0 0.00330871 0.004905926 0.006610984 0.009312298 0.009846705 0.011379934 0.009848435 0.017124136 0.011371406 0.017144825 0.023024254 0.022318007 0.025287305 0.027940775 0.025396088 0.02955384 0.033258568 0.036837707 0.037602803 0.035717383 0.032453333 0.034484348 0.03543667 0.040294547 0.038918074 0.049964908 0.043662734 0.047014494 0.049178833 0.069860794 0.056158889 0.037230638 0.097766674 0.088556551 0.115634895 0.405493134 1.677502163 1.374899671 17.11430321
358.798 0 0 0 0 0 0 0 0 0 0 0 0 0 0 0 0 0 0 0 0 0 0 0 0 0 0 0 0 0 0 0 0 0 0 0 0 0 0 0 0 0 0 0 0 0 0 0 0 0 0 0 0 0 0 0 0 0 0 0 0 0 0 0 0 0 0 0 0 0 0 0 0 0 0 0 0 0 0.006286749 0.003348653 0.005377153 0.007244205 0.00743316 0.008214028 0.013169158 0.013834506 0.018987649 0.01550901 0.019587259 0.020745761 0.023301439 0.0243757 0.031451178 0.03173945 0.026517644 0.032645466 0.035595999 0.034004258 0.034129297 0.032993747 0.036678511 0.040659692 0.031875104 0.038148135 0.03649203 0.034719433 0.052030839 0.047014748 0.056588214 0.034436469 0.029455867 0.045885848 0.031157755 0.014778413 0.055965802 0.994801149 -3.49941978 3.317901554
362.061 0 0 0 0 0 0 0 0 0 0 0 0 0 0 0 0 0 0 0 0 0 0 0 0 0 0 0 0 0 0 0 0 0 0 0 0 0 0 0 0 0 0 0 0 0 0 0 0 0 0 0 0 0 0 0 0 0 0 0 0 0 0 0 0 0 0 0 0 0 0 0 0 0 0 0 0 0.001866394 0.00241815 0.005392633 0.0059225 0.008660112 0.008585952 0.0121992 0.009646492 0.017470703 0.015180388 0.018881394 0.022231498 0.02211516 0.024006481 0.02510784 0.024384442 0.02688618 0.031077006 0.026348432 0.033438812 0.034499921 0.033769308 0.030447471 0.033821357 0.030773043 0.032892634 0.036073598 0.031591143 0.039233487 0.028938348 0.033229315 0.055995847 0.06550029 0.048802044 0.075251995 -0.041485447 0.081413184 -0.470271491 -1.117748824 -2.822335181 -43.80054383
365.325 0 0 0 0 0 0 0 0 0 0 0 0 0 0 0 0 0 0 0 0 0 0 0 0 0 0 0 0 0 0 0 0 0 0 0 0 0 0 0 0 0 0 0 0 0 0 0 0 0 0 0 0 0 0 0 0 0 0 0 0 0 0 0 0 0 0 0 0 0 0 0 0 0 0 0 0.004208609 0.003893871 0.00563165 0.007659404 0.010100563 0.009356882 0.01304569 0.014123538 0.014438694 0.018424815 0.015634982 0.023508529 0.023515833 0.027959958 0.025815281 0.029627346 0.030727026 0.034139622 0.030533489 0.035030688 0.035733724 0.039905435 0.039541559 0.037623155 0.03458956 0.039330309 0.038073429 0.043069474 0.040502161 0.04815379 0.045001627 0.046442279 0.050371213 0.071623996 0.063444866 0.071684235 0.052536026 0.192915338 0.322239814 -0.002049013 5.453572039 20.23083138
368.591 0 0 0 0 0 0 0 0 0 0 0 0 0 0 0 0 0 0 0 0 0 0 0 0 0 0 0 0 0 0 0 0 0 0 0 0 0 0 0 0 0 0 0 0 0 0 0 0 0 0 0 0 0 0 0 0 0 0 0 0 0 0 0 0 0 0 0 0 0 0 0 0 0 0 0.001908103 0.005198411 0.003765596 0.004881289 0.008309672 0.009708053 0.013441615 0.014375444 0.016886747 0.017532034 0.018189059 0.021976855 0.025791394 0.024721133 0.026881283 0.029013231 0.026866888 0.029634877 0.031772123 0.033317999 0.030243759 0.034131137 0.031907093 0.035559444 0.034318601 0.041078796 0.032907957 0.034562643 0.038927196 0.044832361 0.03382104 0.048163625 0.046121948 0.058938496 0.065321544 0.058846335 0.037000574 -0.045415958 0.089456706 -0.265577307 -1.610556949 -0.961564834 -1.802467594
371.859 0 0 0 0 0 0 0 0 0 0 0 0 0 0 0 0 0 0 0 0 0 0 0 0 0 0 0 0 0 0 0 0 0 0 0 0 0 0 0 0 0 0 0 0 0 0 0 0 0 0 0 0 0 0 0 0 0 0 0 0 0 0 0 0 0 0 0 0 0 0 0 0 0 0.005664087 0.007654211 0.006825462 0.010833095 0.011114039 0.013655597 0.01495169 0.017682252 0.0180014 0.016153982 0.025363444 0.025164188 0.026841296 0.030380141 0.030564737 0.029635322 0.035163098 0.037877171 0.038884438 0.037315455 0.037837791 0.040584101 0.042535829 0.042124416 0.042253126 0.044839602 0.044289185 0.042823365 0.053311955 0.057142609 0.05114345 0.063258651 0.072982629 0.073764742 0.079546356 0.083448914 0.101071083 0.141975659 0.07385402 0.275813455 0.475973503 2.270796496 5.72648994 23.87993322
375.128 0 0 0 0 0 0 0 0 0 0 0 0 0 0 0 0 0 0 0 0 0 0 0 0 0 0 0 0 0 0 0 0 0 0 0 0 0 0 0 0 0 0 0 0 0 0 0 0 0 0 0 0 0 0 0 0 0 0 0 0 0 0 0 0 0 0 0 0 0 0 0 0 0.001750514 0.005899844 0.00476487 0.005158242 0.009328351 0.011293212 0.013632604 0.015428558 0.016927081 0.019390022 0.021732383 0.020837088 0.021600757 0.028264219 0.028516504 0.029001245 0.032343877 0.03390016 0.035145704 0.035262043 0.035894637 0.037101048 0.036491998 0.036551279 0.040131034 0.04019171 0.041070179 0.038019991 0.044411919 0.04459152 0.039414969 0.044534575 0.059594695 0.049216575 0.061387175 0.053866321 0.071438658 0.060408051 0.050828774 0.070643034 -0.022474269 0.34412173 0.421597313 -0.969731285 8.000450899
378.399 0 0 0 0 0 0 0 0 0 0 0 0 0 0 0 0 0 0 0 0 0 0 0 0 0 0 0 0 0 0 0 0 0 0 0 0 0 0 0 0 0 0 0 0 0 0 0 0 0 0 0 0 0 0 0 0 0 0 0 0 0 0 0 0 0 0 0 0 0 0 0 0.005506269 0.004013741 0.005668066 0.010085282 0.008900696 0.011327242 0.014367561 0.013767824 0.016238801 0.018588221 0.020714638 0.020766197 0.025030827 0.028382417 0.030365063 0.032214022 0.034011625 0.034150849 0.035565614 0.035927127 0.037356341 0.040949691 0.038137635 0.039427984 0.039614993 0.042022298 0.03725894 0.041410928 0.040694536 0.041710803 0.046839861 0.049757839 0.055007039 0.053908145 0.05598231 0.083045272 0.090525515 0.097026083 0.077314545 0.088488937 0.135586938 0.155036618 0.320368128 0.473478597 -0.247151927 24.44597078
381.672 0 0 0 0 0 0 0 0 0 0 0 0 0 0 0 0 0 0 0 0 0 0 0 0 0 0 0 0 0 0 0 0 0 0 0 0 0 0 0 0 0 0 0 0 0 0 0 0 0 0 0 0 0 0 0 0 0 0 0 0 0 0 0 0 0 0 0 0 0 0 6.57e-05 0.004123053 0.005008864 0.00608346 0.005174088 0.007501576 0.008207364 0.011379736 0.011524307 0.017813219 0.018657923 0.02171646 0.025316412 0.026897736 0.02731245 0.026565586 0.029383822 0.02929038 0.031270839 0.034417484 0.036058532 0.034378065 0.036307911 0.037755623 0.038463982 0.035567525 0.034454462 0.037777824 0.033301825 0.033051833 0.031539713 0.041152068 0.037760667 0.046862706 0.04395606 0.045766999 0.05805141 0.039280256 0.038806775 0.039243968 -0.007367547 -0.01016381 -0.271743278 -0.657659177 -1.002524112 -10.129586 -6.097954679
384.947 0 0 0 0 0 0 0 0 0 0 0 0 0 0 0 0 0 0 0 0 0 0 0 0 0 0 0 0 0 0 0 0 0 0 0 0 0 0 0 0 0 0 0 0 0 0 0 0 0 0 0 0 0 0 0 0 0 0 0 0 0 0 0 0 0 0 0 0 0 0.001934774 0.000431 0.003382097 0.003275101 0.007457837 0.007719494 0.011117791 0.012894717 0.013171294 0.016869507 0.018963028 0.020464629 0.024650404 0.02512014 0.028946688 0.027869064 0.030638906 0.03349632 0.035320527 0.031541935 0.036129846 0.037263443 0.03971026 0.038438631 0.037234183 0.036354224 0.038498713 0.040550095 0.039446424 0.038241963 0.035567585 0.039209854 0.043156687 0.047929266 0.053242598 0.041823445 0.054846839 0.065521388 0.059165433 0.078700413 0.049640608 0.044199552 0.096663769 0 0.374465486 -1.171723365 -12.89332854 -33.01507198
388.223 0 0 0 0 0 0 0 0 0 0 0 0 0 0 0 0 0 0 0 0 0 0 0 0 0 0 0 0 0 0 0 0 0 0 0 0 0 0 0 0 0 0 0 0 0 0 0 0 0 0 0 0 0 0 0 0 0 0 0 0 0 0 0 0 0 0 0 0 0.002601481 0.003084625 0.004829944 0.006548906 0.00683074 0.009260258 0.013214154 0.01127652 0.015272509 0.017177814 0.015776547 0.021573777 0.024882107 0.024281907 0.027971341 0.031937536 0.031535025 0.032406219 0.03505397 0.034443161 0.03790745 0.038614839 0.041312601 0.039393343 0.042042803 0.039892502 0.036752455 0.042135353 0.037149131 0.041316422 0.042435412 0.036794056 0.040591946 0.043155943 0.046207159 0.047492108 0.056412488 0.051689014 0.0698242 0.067904189 0.065181799 0.058466032 0.026613184 -0.119303838 -0.079346417 -0.351752731 -0.521468859 -1.168742767 -8.685707321
391.5 0 0 0 0 0 0 0 0 0 0 0 0 0 0 0 0 0 0 0 0 0 0 0 0 0 0 0 0 0 0 0 0 0 0 0 0 0 0 0 0 0 0 0 0 0 0 0 0 0 0 0 0 0 0 0 0 0 0 0 0 0 0 0 0 0 0 0 0.003186903 0.004810366 0.004245847 0.006011422 0.008240199 0.011120732 0.010724764 0.015665422 0.015152432 0.016984519 0.018856969 0.021342953 0.025063149 0.0266271 0.028256973 0.032125277 0.032067616 0.03512038 0.034311514 0.03918842 0.039382587 0.039579554 0.042709259 0.042072905 0.041375873 0.041837253 0.045732152 0.044204449 0.041920715 0.042165968 0.041094586 0.041011962 0.044288206 0.047824955 0.049278049 0.051804917 0.060828468 0.057199562 0.057591052 0.067165389 0.077515075 0.065513027 0.079131754 0.133411656 0.207730259 0.333816698 0.308762047 2.679871484 6.387680298 22.71509188
394.78 0 0 0 0 0 0 0 0 0 0 0 0 0 0 0 0 0 0 0 0 0 0 0 0 0 0 0 0 0 0 0 0 0 0 0 0 0 0 0 0 0 0 0 0 0 0 0 0 0 0 0 0 0 0 0 0 0 0 0 0 0 0 0 0 0 0 0.006843755 0.002875912 0.004785174 0.005725901 0.007317551 0.008544812 0.011269112 0.01107643 0.014508748 0.014959831 0.018559385 0.019093245 0.023178119 0.027338626 0.028869513 0.0304473 0.032521165 0.033141596 0.035317108 0.036559715 0.040197041 0.041667546 0.041069577 0.042049061 0.040500947 0.045368705 0.044647524 0.043647937 0.040516132 0.042977692 0.045104513 0.043243592 0.043733698 0.044574834 0.050488582 0.049238077 0.044858256 0.054120336 0.052927457 0.067018231 0.06195707 0.077105407 0.058973672 0.05250476 0.037055355 0.083505583 0.120254904 0.036659235 0.004556082 -1.578011515 13.38523228
398.061 0 0 0 0 0 0 0 0 0 0 0 0 0 0 0 0 0 0 0 0 0 0 0 0 0 0 0 0 0 0 0 0 0 0 0 0 0 0 0 0 0 0 0 0 0 0 0 0 0 0 0 0 0 0 0 0 0 0 0 0 0 0 0 0 0 0.001791035 0.003454774 0.002551056 0.004012908 0.005304256 0.008763821 0.01023 0.012428 0.013969776 0.016397197 0.016342566 0.023651478 0.018867906 0.020446404 0.028803806 0.031142657 0.03029899 0.032979293 0.036218885 0.036773416 0.035514768 0.036451317 0.038474477 0.040172016 0.042508238 0.041989505 0.042621333 0.044899755 0.042937219 0.041325975 0.039611376 0.040831499 0.041365827 0.041544331 0.042515588 0.042799975 0.044608164 0.045748097 0.048711049 0.054418654 0.060895086 0.067794054 0.064363155 0.072827514 0.0732871 0.078420259 0.174637816 0.118449056 0.160575826 1.008170344 -5.370709747 -2.397104083
401.343 0 0 0 0 0 0 0 0 0 0 0 0 0 0 0 0 0 0 0 0 0 0 0 0 0 0 0 0 0 0 0 0 0 0 0 0 0 0 0 0 0 0 0 0 0 0 0 0 0 0 0 0 0 0 0 0 0 0 0 0 0 0 0 0 -0.000554 -0.000152 0.003044944 0.003314898 0.004958368 0.007827244 0.008731452 0.009976974 0.012889863 0.014405738 0.016402905 0.018290061 0.022083377 0.023045154 0.02612933 0.027491868 0.028735136 0.030148897 0.03204654 0.033018887 0.034277556 0.0370933 0.036583613 0.040462999 0.040703223 0.043977694 0.042563135 0.043775295 0.041709181 0.03943617 0.040742769 0.041419321 0.03999123 0.040888545 0.037743573 0.034574157 0.04135786 0.047473002 0.047553632 0.042934726 0.055286953 0.055621968 0.062689023 0.067545879 0.050800778 0.057967079 0.066823976 -0.022672894 0.117343688 -0.423012883 -1.992858733 -3.100654875 -22.22285903
404.627 0 0 0 0 0 0 0 0 0 0 0 0 0 0 0 0 0 0 0 0 0 0 0 0 0 0 0 0 0 0 0 0 0 0 0 0 0 0 0 0 0 0 0 0 0 0 0 0 0 0 0 0 0 0 0 0 0 0 0 0 0 0 0 0.004653037 0.005025777 0.008040486 0.005919984 0.009334588 0.008323373 0.009676163 0.012121716 0.012369379 0.014176263 0.018843084 0.021367263 0.021915713 0.023791659 0.027395693 0.029064563 0.031998825 0.033621071 0.035849855 0.037685274 0.040416649 0.041281602 0.038620029 0.041000777 0.045065461 0.045492543 0.048724667 0.047743207 0.045690844 0.04391771 0.045062 0.044154635 0.042830096 0.044748247 0.043294444 0.041951958 0.045228966 0.05025889 0.050008383 0.052003733 0.058886949 0.070832589 0.071171184 0.082235574 0.08004013 0.098097031 0.109872701 0.104068238 0.158978757 0.25462496 0.299423552 1.822013734 1.985866923 5.629849682
407.912 0 0 0 0 0 0 0 0 0 0 0 0 0 0 0 0 0 0 0 0 0 0 0 0 0 0 0 0 0 0 0 0 0 0 0 0 0 0 0 0 0 0 0 0 0 0 0 0 0 0 0 0 0 0 0 0 0 0 0 0 0 0 0.006949236 0.004311907 0.006408987 0.004040164 0.00802775 0.008074924 0.008424365 0.012536596 0.013426191 0.015539977 0.017109994 0.019607269 0.022500264 0.023965342 0.025276117 0.02873987 0.031178206 0.03352942 0.033788627 0.034212842 0.036958172 0.036547493 0.040352448 0.042076384 0.043155205 0.0452531 0.046590584 0.041986648 0.045945015 0.04375294 0.045695283 0.043160838 0.04101371 0.046219139 0.048819121 0.048880064 0.045492772 0.050047809 0.050584177 0.048939037 0.05267894 0.057063274 0.068422787 0.066293707 0.071990395 0.085199189 0.073607149 0.054157371 0.062647545 0.161520879 0.171117168 0.734910511 1.211133632 4.182366603 6.376660435
411.2 0 0 0 0 0 0 0 0 0 0 0 0 0 0 0 0 0 0 0 0 0 0 0 0 0 0 0 0 0 0 0 0 0 0 0 0 0 0 0 0 0 0 0 0 0 0 0 0 0 0 0 0 0 0 0 0 0 0 0 0 0 0.000675 0.000729 0.001969557 0.001772629 0.002557629 0.005447682 0.007472245 0.008518624 0.008476488 0.012436448 0.013674388 0.017876789 0.019341975 0.019310741 0.021492797 0.027274476 0.027276539 0.028663575 0.029246139 0.033785555 0.035063875 0.034302222 0.03382226 0.039374216 0.038965589 0.040023698 0.039408468 0.040775198 0.041920461 0.040845707 0.041644585 0.041626363 0.042578692 0.040357064 0.035298077 0.039226417 0.04224174 0.038679928 0.04324604 0.038773637 0.045394057 0.048322529 0.049132546 0.0523123 0.061961254 0.049477866 0.051866482 0.056340983 0.061045643 0.035439341 -0.044304867 -0.067121029 -0.327308343 -1.728427702 -3.879342158 -12.03774992
414.488 0 0 0 0 0 0 0 0 0 0 0 0 0 0 0 0 0 0 0 0 0 0 0 0 0 0 0 0 0 0 0 0 0 0 0 0 0 0 0 0 0 0 0 0 0 0 0 0 0 0 0 0 0 0 0 0 0 0 0 0 0.004072636 0.004063855 0.004077645 0.005307159 0.005349069 0.005514566 0.005615395 0.006916347 0.011668202 0.011582651 0.014186407 0.017900093 0.019552471 0.019299242 0.021494624 0.024683761 0.02653 0.027661312 0.0309871 0.031011298 0.032907203 0.033386223 0.037271743 0.037946843 0.037375813 0.03995417 0.039514711 0.040551818 0.04209967 0.043530691 0.044751915 0.043400727 0.045141042 0.045402755 0.045218568 0.042338502 0.037560744 0.043578062 0.035263392 0.044831505 0.044678691 0.042536651 0.045183119 0.05579058 0.059662016 0.059362439 0.068293074 0.071935124 0.049219308 0.05616406 0.104732982 0.022239635 -0.033306828 -0.016600922 -0.805942418 1.922949892 -0.797193388
417.778 0 0 0 0 0 0 0 0 0 0 0 0 0 0 0 0 0 0 0 0 0 0 0 0 0 0 0 0 0 0 0 0 0 0 0 0 0 0 0 0 0 0 0 0 0 0 0 0 0 0 0 0 0 0 0 0 0 0 0 0.001150604 0.00100782 0.002371537 0.003623637 0.005383074 0.004442255 0.005286864 0.007521322 0.008536076 0.012916972 0.013954411 0.016062243 0.01628507 0.018304086 0.023010975 0.02274687 0.024691114 0.02780813 0.028922977 0.03164703 0.032301511 0.032991959 0.033021134 0.036460174 0.038070109 0.035838609 0.039220158 0.041122097 0.04220188 0.041639291 0.043379234 0.042916516 0.042150623 0.040558546 0.040623153 0.040620576 0.041391076 0.040900104 0.038526465 0.037339384 0.040778949 0.035327324 0.047137562 0.046076773 0.056707848 0.061065144 0.067558051 0.068531169 0.059172679 0.07090948 0.05110216 0.086117903 -0.01857626 0.145210133 0.118010705 0.213135351 -1.478375252 5.464837961
421.069 0 0 0 0 0 0 0 0 0 0 0 0 0 0 0 0 0 0 0 0 0 0 0 0 0 0 0 0 0 0 0 0 0 0 0 0 0 0 0 0 0 0 0 0 0 0 0 0 0 0 0 0 0 0 0 0 0 0 -0.000388 0.000977 0.002893241 0.004288665 0.004522694 0.00510138 0.006709094 0.007559955 0.008639877 0.011927774 0.012789313 0.014030733 0.015617202 0.016189017 0.018425203 0.019832632 0.021465561 0.025365464 0.028203671 0.030164174 0.030777219 0.031608966 0.033039044 0.035298075 0.037857158 0.036474708 0.039185994 0.038900828 0.038321498 0.0428542 0.042007435 0.043108015 0.042571353 0.043456983 0.040334587 0.04050278 0.041713722 0.038410324 0.037689284 0.038270898 0.039536011 0.03748889 0.048603568 0.045877839 0.054649474 0.051208432 0.049446625 0.049923307 0.068663899 0.062781911 0.056617938 0.073760844 0.06484657 0.089381031 -0.091303721 -0.066346642 0.052852655 -3.970512655 -2.319664471
424.362 0 0 0 0 0 0 0 0 0 0 0 0 0 0 0 0 0 0 0 0 0 0 0 0 0 0 0 0 0 0 0 0 0 0 0 0 0 0 0 0 0 0 0 0 0 0 0 0 0 0 0 0 0 0 0 0 0 0.001270486 0.002733958 0.004927492 0.00442958 0.006025422 0.004492545 0.007786527 0.006884713 0.011621629 0.009624112 0.012588691 0.014299677 0.014947689 0.016656541 0.017217193 0.020868055 0.022687514 0.025383412 0.027877387 0.029101635 0.032142533 0.032272225 0.033535841 0.033490767 0.036062175 0.036170674 0.037161105 0.037802774 0.037267352 0.039688111 0.0416437 0.041560736 0.043128801 0.042607413 0.044357461 0.04211604 0.041818343 0.041225012 0.041333913 0.043805854 0.04361782 0.037845224 0.043746779 0.050403238 0.052093068 0.047271398 0.063851418 0.055835536 0.071381349 0.071033049 0.07284193 0.071139458 0.10253389 0.118403239 0.13460957 0.194702361 0.331859481 1.458679955 6.88267504 0
427.657 0 0 0 0 0 0 0 0 0 0 0 0 0 0 0 0 0 0 0 0 0 0 0 0 0 0 0 0 0 0 0 0 0 0 0 0 0 0 0 0 0 0 0 0 0 0 0 0 0 0 0 0 0 0 0 0 0.003857635 0.004708536 0.002544972 0.004867207 0.003886182 0.004602881 0.005354991 0.006795376 0.008336717 0.010338466 0.009576589 0.012163605 0.016232872 0.018220187 0.018253365 0.020711809 0.02203758 0.024442066 0.026412139 0.027294869 0.029766068 0.029048951 0.030312486 0.033428692 0.03369573 0.034935719 0.035473441 0.035979021 0.036109675 0.037593269 0.038177126 0.039405089 0.041130064 0.038491694 0.043229836 0.041865042 0.043636749 0.042238861 0.042289242 0.044399854 0.040522936 0.038424277 0.04046197 0.041326132 0.049083636 0.044013089 0.049715401 0.049500826 0.0570877 0.069200718 0.074561701 0.074529118 0.081483852 0.088869657 0.088531692 0.084625875 0.1341732 0.686982148 0.001965621 6.769293248 0
430.952 0 0 0 0 0 0 0 0 0 0 0 0 0 0 0 0 0 0 0 0 0 0 0 0 0 0 0 0 0 0 0 0 0 0 0 0 0 0 0 0 0 0 0 0 0 0 0 0 0 0 0 0 0 0 0 0.001614378 0.002678981 0.002052718 0.003606786 0.004369696 0.003229541 0.005372954 0.00571177 0.008104496 0.008009028 0.012637122 0.011385226 0.012234681 0.012901755 0.012466852 0.016353358 0.01967862 0.023119765 0.022436828 0.024602037 0.025196877 0.029578723 0.030298819 0.032518289 0.03431043 0.032513408 0.034848705 0.033474467 0.035231818 0.037521172 0.036936818 0.037721575 0.039535231 0.039039402 0.041396751 0.042067929 0.038565007 0.039572078 0.037433819 0.035673733 0.037306982 0.035674431 0.038008076 0.040707096 0.03692739 0.043970201 0.04772105 0.051871494 0.052428391 0.057394706 0.061433062 0.066668702 0.053105997 0.072061989 0.084371172 0.049996055 0.066258753 -0.025327429 0.032940154 0.917073389 0 0
434.249 0 0 0 0 0 0 0 0 0 0 0 0 0 0 0 0 0 0 0 0 0 0 0 0 0 0 0 0 0 0 0 0 0 0 0 0 0 0 0 0 0 0 0 0 0 0 0 0 0 0 0 0 0 0 0.004868683 0.004682887 0.002943246 0.005997938 0.005594149 0.008487796 0.00869148 0.008754885 0.009732179 0.009798802 0.010905395 0.01382421 0.01560492 0.017524647 0.017126726 0.020010794 0.019329648 0.023901085 0.022960039 0.025034683 0.027226683 0.02773721 0.030726743 0.031446051 0.03336571 0.032692697 0.036606866 0.034549529 0.037046887 0.036954362 0.03780726 0.040689394 0.039703923 0.040895711 0.040431804 0.043141211 0.043303503 0.043642948 0.04250349 0.040424229 0.043115716 0.042368188 0.04381603 0.049349285 0.046629011 0.051235195 0.050722288 0.055812498 0.064037241 0.068963298 0.05840261 0.070748881 0.080906264 0.091569241 0.08939246 0.111984175 0.172565172 0.132162556 0.280120612 0.602496122 2.399504623 0 0
437.548 0 0 0 0 0 0 0 0 0 0 0 0 0 0 0 0 0 0 0 0 0 0 0 0 0 0 0 0 0 0 0 0 0 0 0 0 0 0 0 0 0 0 0 0 0 0 0 0 0 0 0 0 0 0.002907979 -0.001145858 0.001676023 0.002325383 0.001682447 0.004824746 0.00261635 0.005633733 0.006858182 0.006232562 0.006456165 0.008791018 0.009426315 0.012220395 0.013720646 0.016652311 0.019457573 0.017865466 0.020822248 0.023069221 0.023795266 0.024548948 0.026698162 0.026891462 0.029040725 0.03065448 0.031648996 0.031529308 0.032916783 0.034545551 0.034893413 0.033970004 0.035588904 0.037494489 0.038777863 0.036434378 0.040679135 0.039136198 0.039996395 0.037639572 0.035786422 0.040266304 0.037855502 0.034574277 0.035171767 0.036584888 0.037782588 0.038456252 0.041988342 0.042096918 0.054711547 0.058368505 0.060326024 0.062540167 0.060670765 0.074701991 0.039043715 0.081267994 0.072078526 0.03193472 0.097401169 0 0 0
440.848 0 0 0 0 0 0 0 0 0 0 0 0 0 0 0 0 0 0 0 0 0 0 0 0 0 0 0 0 0 0 0 0 0 0 0 0 0 0 0 0 0 0 0 0 0 0 0 0 0 0 0 0 0.003310428 0.00277635 0.00179047 0.002602866 0.005320936 0.005471615 0.006113241 0.005696855 0.008344009 0.005352067 0.008873325 0.007555067 0.01326875 0.01323173 0.014165762 0.01350201 0.014985281 0.016967544 0.020426147 0.020095598 0.020987412 0.024970344 0.025165363 0.029280513 0.027791382 0.027794196 0.029820478 0.031647885 0.032138094 0.031925527 0.033402134 0.034235605 0.034380881 0.035379765 0.037421985 0.036316515 0.037583614 0.037857347 0.039141725 0.039916682 0.03686469 0.036084913 0.040869411 0.03736702 0.035416983 0.037103316 0.039290483 0.038489389 0.046754445 0.047333081 0.052299264 0.054127586 0.054963271 0.068947175 0.062813785 0.067209476 0.072455061 0.078888958 0.089466304 0.074917888 -0.012519932 0.145868184 0 0 0
444.149 0 0 0 0 0 0 0 0 0 0 0 0 0 0 0 0 0 0 0 0 0 0 0 0 0 0 0 0 0 0 0 0 0 0 0 0 0 0 0 0 0 0 0 0 0 0 0 0 0 0 0 0.002355667 0.002771738 0.003198285 0.002730805 0.003248698 0.003728455 0.005580461 0.007439639 0.00833078 0.007013986 0.009300303 0.009567283 0.012138345 0.01065549 0.013639788 0.014756129 0.016848864 0.017144591 0.018701582 0.019725166 0.020457045 0.022870077 0.024924675 0.026615501 0.025220322 0.027664602 0.030977995 0.030095903 0.031495768 0.031139418 0.033984206 0.032549558 0.035244479 0.036580453 0.034095202 0.033995744 0.039110985 0.035969389 0.036669157 0.037832285 0.039400088 0.038274278 0.035753847 0.036159688 0.036702179 0.038901406 0.037599942 0.036131552 0.044415367 0.042628394 0.045284692 0.050884796 0.058531232 0.062499774 0.068482103 0.067524415 0.065244666 0.076821649 0.065158787 0.057499495 0.083356822 0.145103368 0 0 0 0
447.451 0 0 0 0 0 0 0 0 0 0 0 0 0 0 0 0 0 0 0 0 0 0 0 0 0 0 0 0 0 0 0 0 0 0 0 0 0 0 0 0 0 0 0 0 0 0 0 0 0 0 0.000557 0.003016001 0.00224522 0.001745183 0.004166358 0.003627292 0.005729121 0.006632147 0.004985329 0.006176493 0.006663701 0.009718883 0.009669876 0.011058455 0.01124086 0.012590634 0.014831912 0.016834049 0.017632842 0.017015566 0.021308461 0.022199641 0.024031322 0.025095736 0.02480641 0.026685417 0.028284252 0.027640588 0.028227499 0.031449549 0.032297765 0.031304783 0.028871359 0.033569691 0.032158127 0.035445744 0.032884418 0.035442394 0.033671867 0.034386005 0.038354714 0.03537557 0.036859802 0.03729359 0.037697552 0.034453344 0.037801058 0.038267299 0.036903141 0.041260805 0.039476242 0.042554565 0.045327253 0.056815626 0.059739917 0.061731452 0.064029657 0.063902888 0.065407231 0.073910922 0.058975716 0.085898396 0.081663378 0 0 0 0
450.755 0 0 0 0 0 0 0 0 0 0 0 0 0 0 0 0 0 0 0 0 0 0 0 0 0 0 0 0 0 0 0 0 0 0 0 0 0 0 0 0 0 0 0 0 0 0 0 0 0 0.004033028 0.003861786 0.003193332 0.003817427 0.00458172 0.004760659 0.006278068 0.008492676 0.007154865 0.007045928 0.010398785 0.009762726 0.011035933 0.011314144 0.014180827 0.014784377 0.014018121 0.015609803 0.018923992 0.019098611 0.021865221 0.02270429 0.023443216 0.02409597 0.025090274 0.02675446 0.026723286 0.02865917 0.028545386 0.030829066 0.030923066 0.031343743 0.030528771 0.031394813 0.031070172 0.033189362 0.035185192 0.037203207 0.035547139 0.035740711 0.036516692 0.037356492 0.037583953 0.036243463 0.034582334 0.03722923 0.03665438 0.032732609 0.036759331 0.040034 0.039121265 0.044317013 0.049843486 0.040996932 0.050959086 0.052022182 0.069843108 0.068233525 0.072983737 0.076529402 0.090443237 0.066626474 0.117510856 0 0 0 0 0
454.06 0 0 0 0 0 0 0 0 0 0 0 0 0 0 0 0 0 0 0 0 0 0 0 0 0 0 0 0 0 0 0 0 0 0 0 0 0 0 0 0 0 0 0 0 0 0 0 0 0.000502 0.002402067 0.000964 0.000729 0.005016935 0.002656683 0.003815813 0.005094265 0.003681484 0.005571574 0.004116443 0.007591069 0.009123879 0.010867614 0.011673368 0.010609658 0.011564005 0.01599317 0.014245863 0.01596663 0.017277938 0.019184983 0.019562471 0.019856391 0.021392369 0.024265772 0.024813158 0.024915851 0.025808633 0.026044206 0.026097396 0.028218996 0.027120391 0.029199651 0.02897694 0.028314878 0.027002523 0.029401052 0.030232558 0.03175588 0.031494599 0.032456823 0.030782365 0.033072696 0.03531578 0.031270172 0.030504281 0.030464849 0.031892858 0.030207361 0.038191876 0.029445224 0.035354039 0.044631432 0.050360234 0.041933283 0.047618487 0.059892109 0.058768996 0.052255756 0.075698736 0.040136357 0.06165443 0.04987612 0 0 0 0 0
457.366 0 0 0 0 0 0 0 0 0 0 0 0 0 0 0 0 0 0 0 0 0 0 0 0 0 0 0 0 0 0 0 0 0 0 0 0 0 0 0 0 0 0 0 0 0 0 0 0.002792723 0.001567586 0.003177088 0.003991964 0.004119328 0.004001421 0.004264331 0.006002332 0.006004994 0.005344726 0.006428903 0.009053415 0.008443433 0.009285887 0.00880021 0.008639465 0.011692828 0.011639369 0.014675842 0.013715421 0.016488268 0.017851799 0.018934094 0.019751241 0.019123957 0.022722675 0.022474165 0.024046746 0.025208321 0.025868416 0.026045922 0.027385168 0.026104211 0.028491653 0.030171757 0.027240676 0.029023182 0.030932738 0.029128469 0.031799598 0.030882474 0.033063042 0.033379619 0.031338172 0.032415807 0.03351304 0.031904342 0.034214454 0.032509252 0.03389695 0.034614051 0.038058128 0.038896175 0.039794717 0.038177884 0.044487674 0.05369033 0.052190838 0.038667384 0.062267898 0.0597834 0.046387247 0.059168827 0.009831894 0 0 0 0 0 0
460.673 0 0 0 0 0 0 0 0 0 0 0 0 0 0 0 0 0 0 0 0 0 0 0 0 0 0 0 0 0 0 0 0 0 0 0 0 0 0 0 0 0 0 0 0 0 0 0.000117 0.000595 0.001417302 0.003577619 6.88e-05 0.000196 0.003472599 0.003808026 0.004103454 0.00538303 0.005046607 0.005253663 0.007509799 0.01023937 0.008554213 0.011054105 0.011240988 0.013412394 0.012487705 0.012658692 0.015427027 0.016579878 0.017362684 0.016942834 0.022154912 0.018763424 0.020540851 0.023226774 0.021960846 0.023132441 0.023450994 0.024611491 0.024836615 0.025943415 0.025595331 0.02601915 0.026764994 0.026674543 0.026443706 0.028333878 0.02785648 0.02938612 0.028780439 0.030352631 0.029804192 0.030826262 0.030659422 0.031887226 0.030130932 0.031498446 0.029932086 0.032454762 0.027693222 0.038050517 0.035476887 0.037747975 0.043172237 0.040963681 0.047059277 0.048821114 0.050671974 0.044438815 0.043389378 0.020943797 0 0 0 0 0 0 0
463.982 0 0 0 0 0 0 0 0 0 0 0 0 0 0 0 0 0 0 0 0 0 0 0 0 0 0 0 0 0 0 0 0 0 0 0 0 0 0 0 0 0 0 0 0 0 0.001760692 0.001039214 6.87e-05 0.001970409 0.000421 0.00306107 0.002098165 0.003452996 0.004396323 0.006241195 0.005292151 0.008050021 0.007764591 0.00739629 0.010104855 0.008312146 0.009626037 0.01234141 0.011466194 0.012908023 0.013475278 0.015668595 0.014623387 0.015498936 0.018958896 0.020739562 0.021010133 0.021497863 0.021735017 0.024170135 0.022420261 0.023719613 0.024643139 0.027118307 0.026026955 0.024272422 0.024493374 0.023544468 0.027981138 0.026489036 0.028646993 0.029243249 0.026836529 0.032449804 0.032453851 0.031358248 0.029025079 0.028191192 0.031081299 0.029206564 0.032826248 0.028441794 0.02972984 0.03089204 0.035270817 0.038311146 0.036785707 0.045204255 0.041427451 0.051309526 0.048540498 0.051927244 0.061582919 0.055943719 0.066402923 0 0 0 0 0 0 2.858502242
467.292 0 0 0 0 0 0 0 0 0 0 0 0 0 0 0 0 0 0 0 0 0 0 0 0 0 0 0 0 0 0 0 0 0 0 0 0 0 0 0 0 0 0 0 0 0.001275443 -0.001101183 0.001775651 6.75e-05 0.000211 -6.71e-05 0.000473 0.002602819 0.003240482 0.003332647 0.003928333 0.006916305 0.005897907 0.007847856 0.0082262 0.006687863 0.009885827 0.007807848 0.01027482 0.008108189 0.012254523 0.011745311 0.011611762 0.01483283 0.01607162 0.016721404 0.018033872 0.016419734 0.019441842 0.019579555 0.018774261 0.020643896 0.021371345 0.021544826 0.022848462 0.023180197 0.023040037 0.022293819 0.023916788 0.021851276 0.02276491 0.023298163 0.025187425 0.02434466 0.026352324 0.025060087 0.026767467 0.025501235 0.026126529 0.025542682 0.026749718 0.030582623 0.026921202 0.025309437 0.029194996 0.027082726 0.029147989 0.037259019 0.034171751 0.036056171 0.037476192 0.050044688 0.040854282 0.035994008 0.029463454 0 0 0 0 0 0 0 -8.722091953
470.603 0 0 0 0 0 0 0 0 0 0 0 0 0 0 0 0 0 0 0 0 0 0 0 0 0 0 0 0 0 0 0 0 0 0 0 0 0 0 0 0 0 0 0 0.000179 0.000294 0.000584 0.000172 0.001428344 0.000767 0.003101148 0.003693753 0.004339541 0.005081904 0.003978011 0.005980677 0.007581247 0.006129352 0.007529859 0.008919511 0.010809799 0.009517982 0.00940735 0.012606364 0.013508854 0.01121993 0.013709224 0.014554778 0.01697171 0.01698162 0.016880835 0.018301581 0.019492003 0.019633499 0.021225681 0.021211593 0.021164988 0.0217131 0.022397356 0.024437587 0.023115254 0.02407919 0.025363639 0.024274879 0.022111932 0.027322797 0.025663291 0.025609784 0.025213731 0.026504254 0.028297528 0.025620203 0.027932153 0.025737142 0.029718959 0.027907958 0.028431454 0.026236045 0.025892008 0.030101843 0.033040312 0.030827683 0.032804857 0.045858056 0.045033231 0.055117082 0.035563923 0.0580976 0.057363758 0.054584625 0 0 0 0 0 0 0.206270225 -10.07176707
473.915 0 0 0 0 0 0 0 0 0 0 0 0 0 0 0 0 0 0 0 0 0 0 0 0 0 0 0 0 0 0 0 0 0 0 0 0 0 0 0 0 0 0 0.001011446 0.000714 0.000635 0.001681404 0.002845708 0.00155838 0.003402872 0.005094075 0.004362314 0.004922507 0.005821207 0.007050304 0.007803586 0.006877478 0.009122063 0.011637479 0.010381104 0.007102966 0.009549541 0.011645734 0.012669106 0.012864519 0.013221561 0.015118167 0.015266173 0.016266045 0.018401122 0.017296045 0.018955511 0.01965939 0.021271071 0.019873219 0.019932083 0.02132245 0.022098326 0.02130504 0.023627415 0.019203958 0.022327071 0.023168052 0.023657484 0.024541959 0.023542974 0.026790441 0.025942009 0.026908302 0.024305968 0.025363086 0.02954977 0.025590959 0.028822326 0.026273742 0.02779977 0.029609215 0.027631503 0.028859216 0.030216958 0.037182259 0.036304339 0.037961155 0.041740529 0.048687482 0.048001487 0.059325456 0.048578542 0.061233657 0 0 0 0 0 0 0 -1.731265354 0.598919967
477.228 0 0 0 0 0 0 0 0 0 0 0 0 0 0 0 0 0 0 0 0 0 0 0 0 0 0 0 0 0 0 0 0 0 0 0 0 0 0 0 0 0 0.002775454 0.00302324 0.001737311 0.003297311 0.003979522 0.003465281 0.003235087 0.003673467 0.004535483 0.006632618 0.00705077 0.005562915 0.006256558 0.009794033 0.009023363 0.009702612 0.010512983 0.011458036 0.011387561 0.012633475 0.012221583 0.012719108 0.013476835 0.01478953 0.014284174 0.017261756 0.016302507 0.019548968 0.018796623 0.019227964 0.018971937 0.022351921 0.020538151 0.019553806 0.021625226 0.021437051 0.020928896 0.023702905 0.022147703 0.023738762 0.022658549 0.023920394 0.02406389 0.023830121 0.023059778 0.024929137 0.027431867 0.029639905 0.026964859 0.027877607 0.027626837 0.027351838 0.027811501 0.027939873 0.028669333 0.030075645 0.030240182 0.029900857 0.032368099 0.038236352 0.039179291 0.042892878 0.045383137 0.055248464 0.047807961 0.055687699 0.051810238 0 0 0 0 0 0 1.937847302 3.095628899 25.94521032
480.542 0 0 0 0 0 0 0 0 0 0 0 0 0 0 0 0 0 0 0 0 0 0 0 0 0 0 0 0 0 0 0 0 0 0 0 0 0 0 0 0 0.000376 -0.000881 0.000631 0.001291789 0.001554357 0.001209721 0.002840364 -0.000385 0.003604444 0.003299106 0.002546164 0.003229047 0.005626125 0.004089038 0.006514101 0.007701901 0.008174644 0.010377631 0.007886096 0.010253948 0.010258436 0.009972308 0.01336897 0.011641648 0.012575074 0.012261697 0.01373861 0.011938409 0.01520335 0.016530811 0.018740509 0.015936836 0.017174792 0.01873127 0.01891788 0.017519163 0.017748626 0.018373846 0.018467719 0.020427415 0.021244142 0.020122576 0.020773343 0.022184358 0.020390992 0.019501038 0.023332513 0.023092087 0.023026593 0.024569736 0.021930071 0.023302586 0.024253214 0.023505766 0.022012127 0.02459379 0.02195436 0.024997085 0.024473491 0.02346171 0.034575044 0.033642438 0.032682837 0.032576908 0.038755066 0.0425685 0.045462542 0 0 0 0 0 0 0 -0.821803803 -3.285637641 -28.07853869
483.858 0 0 0 0 0 0 0 0 0 0 0 0 0 0 0 0 0 0 0 0 0 0 0 0 0 0 0 0 0 0 0 0 0 0 0 0 0 0 0 0.000614 0.001628023 -0.000118 0.000636 0.000897 -0.000582 0.002482507 0.002575636 0.001110135 0.002375696 0.002701289 0.005263149 0.005404249 0.006972879 0.005451423 0.007117522 0.00719885 0.01027491 0.007370626 0.008520356 0.012074224 0.008786689 0.009590857 0.011209532 0.01300521 0.015311857 0.012350528 0.013969045 0.015845086 0.014626648 0.014678802 0.016204604 0.016591447 0.016529289 0.018046975 0.020850814 0.018046678 0.020104396 0.020163531 0.020721035 0.019134856 0.020640749 0.019202489 0.018856894 0.019448956 0.021322464 0.022547136 0.02350193 0.024548316 0.024803235 0.020836502 0.023254471 0.023551148 0.023839632 0.025533856 0.022918117 0.024774928 0.02691 0.025538186 0.026382808 0.024826441 0.030807599 0.029048609 0.037852658 0.034182828 0.035873619 0.035422292 0.037773478 0 0 0 0 0 0 0.295670539 0.196057057 1.763659372 -5.845017644
487.174 0 0 0 0 0 0 0 0 0 0 0 0 0 0 0 0 0 0 0 0 0 0 0 0 0 0 0 0 0 0 0 0 0 0 0 0 0 0 0.003440128 0.002162761 0.002340264 0.00219145 0.003134574 0.002651363 0.004060963 0.004493677 0.003324481 0.004895559 0.006431571 0.007209608 0.008718496 0.005806546 0.007420992 0.008738105 0.010693398 0.011129576 0.010817998 0.011373061 0.010803849 0.012550979 0.013343053 0.015428379 0.014580796 0.014308703 0.016035147 0.014478209 0.015309911 0.016828464 0.015589879 0.017417294 0.018969418 0.017039314 0.016735102 0.018782271 0.019203975 0.02043341 0.020081413 0.021056141 0.020469916 0.020380022 0.021553012 0.022028313 0.021023356 0.021816916 0.021491707 0.023465299 0.024380509 0.024805875 0.023086209 0.027353755 0.024383878 0.022863755 0.02371164 0.030712023 0.026132138 0.025117453 0.029467172 0.026903623 0.032166645 0.033550799 0.037903101 0.035060575 0.037915317 0.049951236 0.047283636 0.056632597 0 0 0 0 0 0 0 0.312164926 2.790491873 2.546207701 51.39742428
490.492 0 0 0 0 0 0 0 0 0 0 0 0 0 0 0 0 0 0 0 0 0 0 0 0 0 0 0 0 0 0 0 0 0 0 0 0 0 0.002677568 -0.000441 0.002453901 0.001090952 0.002401955 0.001870879 0.001984447 0.00329126 0.002813889 0.001841374 0.003668812 0.00414059 0.004661871 0.004816589 0.00399377 0.0073242 0.006026695 0.0095775 0.00520528 0.00801388 0.010493811 0.010914008 0.011222776 0.010918544 0.010401596 0.010098231 0.013931656 0.011895283 0.013303204 0.013188232 0.014715018 0.015898392 0.014693877 0.016354103 0.017402618 0.018761355 0.017790694 0.016944999 0.018662124 0.018087989 0.018951082 0.016918156 0.017673304 0.018112922 0.019424762 0.019020008 0.018732315 0.017962427 0.019138771 0.020192766 0.020722887 0.020890575 0.022234864 0.022207061 0.021245748 0.02413724 0.023895611 0.024354528 0.024506475 0.023439519 0.024711188 0.02558684 0.031869993 0.031141155 0.025833556 0.036399687 0.039918526 0.038979902 0.037482961 0 0 0 0 0 0 -9.56e-05 -0.093895235 0.540224613 -1.960302727 3.624554359
493.81 0 0 0 0 0 0 0 0 0 0 0 0 0 0 0 0 0 0 0 0 0 0 0 0 0 0 0 0 0 0 0 0 0 0 0 0 0.001440037 0.001216904 -0.000664 0.000378 0.000922 0.001384306 1.35e-06 0.000766 0.000788 -0.000366 0.002874026 0.000985 0.002174002 0.002990341 0.002034271 0.006148291 0.006258774 0.005836715 0.007115632 0.007438871 0.009432498 0.00689619 0.004866015 0.008772936 0.00998293 0.008573494 0.011186957 0.010994109 0.010697174 0.01336117 0.010408949 0.012337627 0.013500012 0.013753568 0.014511067 0.016186067 0.014581446 0.016599465 0.017164567 0.01541615 0.017385267 0.015034604 0.017595617 0.014011766 0.016223843 0.017981505 0.017048458 0.016820449 0.014933729 0.017563939 0.017584739 0.01984403 0.020874464 0.020403515 0.020236209 0.018636505 0.019210242 0.021122684 0.020684394 0.021978245 0.022326853 0.019632865 0.024094097 0.024791509 0.028426512 0.026933862 0.032239439 0.030626467 0.03736216 0 0 0 0 0 0 0 -0.128349392 -0.094009796 -1.960931809 -2.952613386 -16.71212967
497.13 0 0 0 0 0 0 0 0 0 0 0 0 0 0 0 0 0 0 0 0 0 0 0 0 0 0 0 0 0 0 0 0 0 0 0 0.004032613 0.000254 0.002437519 0.002062526 0.002975303 0.002938086 0.004116267 0.004852028 0.002980583 0.003933833 0.002233638 0.004434341 0.00636184 0.005971698 0.006895989 0.007607259 0.008717988 0.007904724 0.00974906 0.00935011 0.009749692 0.011535361 0.012475923 0.012993677 0.013147986 0.013717073 0.01254078 0.012674027 0.014235211 0.014573433 0.016052239 0.017499813 0.01505423 0.014660278 0.016447451 0.019248906 0.017605336 0.017652394 0.018167456 0.018715964 0.016545678 0.018513463 0.018112682 0.018554869 0.019668577 0.018255753 0.021243681 0.019045732 0.020340844 0.021075925 0.021339678 0.020429342 0.020317387 0.024525699 0.021961547 0.023408422 0.022326098 0.025015777 0.024461004 0.026637628 0.027055792 0.02654303 0.030296533 0.026558592 0.034466622 0.037583367 0.039722134 0.043068478 0.041818427 0.05017084 0 0 0 0 0 0 0.1446318 0.300392042 0.955718415 2.65547399 10.61966538 21.81255181
500.451 0 0 0 0 0 0 0 0 0 0 0 0 0 0 0 0 0 0 0 0 0 0 0 0 0 0 0 0 0 0 0 0 0 0 -0.001087257 -0.000688 0.001521093 0.001171548 0.000287 0.000909 8.73e-05 0.000579 0.000303 0.001460343 0.000601 0.002096992 0.00174639 0.001990076 0.001705519 0.005139128 0.005490842 0.006280585 0.005335373 0.006582703 0.005823982 0.006457278 0.007129531 0.008973447 0.009922418 0.00841863 0.008544885 0.008142589 0.009476852 0.008168768 0.010546913 0.011802294 0.012407107 0.012813807 0.012714564 0.013297604 0.012900454 0.01425519 0.014100362 0.015792738 0.014137909 0.015432263 0.015162072 0.015221272 0.018105922 0.014948027 0.016603979 0.018144862 0.015156811 0.01606856 0.015783371 0.016272234 0.017519607 0.018125043 0.017115913 0.017979271 0.017877768 0.017638797 0.017649791 0.019228743 0.018855677 0.020828377 0.02072015 0.02121797 0.021141755 0.023731606 0.02520402 0.019710159 0.03368822 0.032645257 0 0 0 0 0 0 0 0.049823559 -0.01215206 -0.142005954 0.451470801 -6.148450838 -0.09445636
503.772 0 0 0 0 0 0 0 0 0 0 0 0 0 0 0 0 0 0 0 0 0 0 0 0 0 0 0 0 0 0 0 0 0 -0.00097 -0.000367 -0.001959493 0.000708 0.001062514 0.000858 -0.000193 0.00082 0.001338805 0.001135393 0.00134307 0.002120086 0.002888345 0.003012777 0.00275888 0.004468542 0.003074558 0.003972281 0.005965658 0.005418528 0.004432014 0.006717662 0.008260915 0.008039599 0.006289532 0.00825415 0.010112719 0.010495219 0.010602544 0.008040342 0.009171246 0.008837339 0.010648248 0.011171988 0.013795708 0.012518266 0.01286008 0.01347158 0.012058223 0.013639577 0.014154719 0.014649282 0.012876809 0.013325692 0.014801227 0.014182283 0.015827059 0.014324092 0.015050855 0.015825069 0.015791055 0.016762755 0.014843243 0.017422884 0.018249856 0.014804979 0.016540626 0.013971226 0.018068614 0.016175592 0.018423855 0.018754987 0.020626598 0.020132346 0.022651769 0.023797376 0.025159559 0.01901373 0.022299312 0.033129528 0.033133501 0 0 0 0 0 0 0.027957805 -0.01780041 -0.006223387 -0.224527749 0.051710881 -2.831150508 -4.420163389
507.095 0 0 0 0 0 0 0 0 0 0 0 0 0 0 0 0 0 0 0 0 0 0 0 0 0 0 0 0 0 0 0 0 0.000569 0.002122176 -0.001645081 0.001208199 -0.000778 -0.000442 0.002314338 0.002551617 0.000874 0.001610155 0.002299551 0.002486183 0.002197546 0.002152444 0.003170753 0.003066322 0.003431218 0.002174842 0.004941959 0.006650206 0.005679411 0.006267653 0.006476865 0.008832731 0.008419932 0.008639417 0.008360444 0.006590706 0.008779368 0.009949006 0.008904623 0.010849553 0.012153982 0.011210963 0.013375658 0.012576029 0.012417939 0.011993655 0.012184862 0.013402846 0.014557734 0.013969526 0.015201508 0.011901776 0.014273786 0.015768271 0.015561897 0.014102471 0.016524735 0.016361259 0.014120471 0.015270458 0.011997233 0.015882951 0.015751364 0.01638968 0.017672748 0.019271797 0.016915791 0.01754239 0.019290538 0.018291976 0.019095289 0.018800726 0.021873385 0.02043615 0.021596268 0.024392985 0.019259479 0.023557989 0.028394539 0 0 0 0 0 0 0 -0.034711706 0.006049151 -0.10816931 -0.081359364 -1.127847626 -0.623095746 -14.33940656
510.418 0 0 0 0 0 0 0 0 0 0 0 0 0 0 0 0 0 0 0 0 0 0 0 0 0 0 0 0 0 0 0 0.002931335 0.002206667 0.006087927 0.003763292 0.003568768 0.00274703 0.0033692 0.003376443 0.003155646 0.002717337 0.003660853 0.003466381 0.003865586 0.00461971 0.005490947 0.005350823 0.005341334 0.00631065 0.007206019 0.008796749 0.008255022 0.007926498 0.011013271 0.007987546 0.00887953 0.00983569 0.008829644 0.010174185 0.009894784 0.009956769 0.011584229 0.01116771 0.011948327 0.012799102 0.014403682 0.01357805 0.013239827 0.014646587 0.012960826 0.01517986 0.017056164 0.015687358 0.015885746 0.01448525 0.017028534 0.015304555 0.016326263 0.015939725 0.016776375 0.018136134 0.016693044 0.017388035 0.015411512 0.016790835 0.015250865 0.017001693 0.017824158 0.019758476 0.020394661 0.018551895 0.019746008 0.019739891 0.020147835 0.021049141 0.022047166 0.027136215 0.027089833 0.023662815 0.021841893 0.025159572 0.029932776 0.037395519 0 0 0 0 0 0 0.079556651 0.09010985 0.093734097 0.326624081 0.212755964 1.69550528 8.629240925 15.14706976
513.742 0 0 0 0 0 0 0 0 0 0 0 0 0 0 0 0 0 0 0 0 0 0 0 0 0 0 0 0 0 0 -0.001205373 -0.002659725 -0.000246 0.001145603 0.000606 -0.001641885 1.54e-06 -0.000254 0.000352 0.000645 0.000836 0.001793473 0.001826085 0.001181237 0.001443299 0.001725305 0.001868768 0.002610769 0.000375 0.00394758 0.002919425 0.001488654 0.004660872 0.004401338 0.004199515 0.006406672 0.005381616 0.006415942 0.006797813 0.007997313 0.00665545 0.007793514 0.006899364 0.008532764 0.008722198 0.010148205 0.008079853 0.00978382 0.012440546 0.010782027 0.011056516 0.012426778 0.010981833 0.011601231 0.012016537 0.010414283 0.01221082 0.013114395 0.0107901 0.011350696 0.01320211 0.013733291 0.011402586 0.013656216 0.01174348 0.011089623 0.012118475 0.013642458 0.013715817 0.013229946 0.012696403 0.015798617 0.013041465 0.011070105 0.014816033 0.016726433 0.016980312 0.014899494 0.015015587 0.01653933 0.017459008 0.016670292 0 0 0 0 0 0 0.021133931 0.016597385 0.001805481 -0.133075225 -0.160135179 -0.295038912 -1.593170244 -11.52443939 -18.3237413
517.068 0 0 0 0 0 0 0 0 0 0 0 0 0 0 0 0 0 0 0 0 0 0 0 0 0 0 0 0 0 0.003220839 -0.000557 0.000272 0.003212288 0.001304891 0.001139455 0.000577 0.001583255 0.000705 0.002230361 0.001045683 0.001016516 0.001331587 0.003269347 0.00285069 0.002899342 0.003634467 0.004787122 0.003938894 0.00348499 0.004485443 0.007436473 0.006751445 0.004156828 0.005003855 0.006555524 0.008269551 0.007904996 0.006526584 0.007302965 0.006594991 0.008076559 0.006480569 0.006708354 0.00858093 0.006264985 0.010133339 0.009654533 0.010579783 0.010591893 0.009927562 0.015751056 0.011925835 0.011043455 0.014955486 0.013678971 0.012905437 0.010767431 0.013369469 0.012245132 0.013367791 0.015069649 0.012176709 0.013335523 0.013199078 0.013743773 0.013011126 0.013663793 0.013188577 0.014567809 0.014817867 0.015238183 0.016571667 0.011419938 0.016468064 0.016478133 0.017560317 0.019038666 0.020952365 0.019192217 0.020274028 0.022696978 0.022876828 0 0 0 0 0 0 0.020565597 0.040625854 0.011878482 0.018368352 -0.083702751 -0.362560583 0.778105021 -0.1920654 -2.293508683
520.394 0 0 0 0 0 0 0 0 0 0 0 0 0 0 0 0 0 0 0 0 0 0 0 0 0 0 0 0 0.00164065 0.003044775 0.003761834 0.000629 0.002738785 0.004788983 0.003131529 0.003114553 0.004644489 0.004196344 0.001536333 0.003405014 0.00400441 0.002980624 0.002842986 0.004499856 0.005003401 0.003999735 0.003053256 0.005151681 0.002919596 0.004591194 0.006698559 0.005975359 0.010098019 0.008211107 0.007061211 0.006483457 0.008446955 0.010085503 0.008216913 0.009967262 0.010106953 0.010875309 0.008543364 0.01205708 0.009061173 0.00934102 0.012461198 0.012292146 0.010405317 0.013947827 0.011530595 0.011888384 0.012074946 0.012693429 0.014957806 0.01551158 0.014383924 0.01176453 0.013684114 0.013592699 0.012693473 0.013664185 0.014282277 0.012494097 0.016286853 0.016282844 0.01406581 0.016650454 0.016551766 0.016216661 0.01651516 0.017728455 0.014652954 0.014991577 0.01600785 0.019087869 0.018719371 0.017657614 0.024171978 0.021859272 0.025190329 0 0 0 0 0 0 0.044118694 0.04992494 0.034628123 0.072882506 0.027660493 0.116781823 0.24916051 0.101117818 4.775879574 21.71902008
523.721 0 0 0 0 0 0 0 0 0 0 0 0 0 0 0 0 0 0 0 0 0 0 0 0 0 0 0 0.004944328 0.003721935 0.002080126 0.000569 0.002269316 0.0024279 -0.000387 0.002390911 0.001024194 0.002612443 0.003517927 0.003515129 0.001970875 0.003141765 0.003313192 0.003368698 0.003090549 0.003838628 0.003468756 0.002959102 0.006252967 0.00467384 0.005520314 0.005812101 0.006871058 0.006568221 0.00632658 0.006401837 0.00661412 0.006904915 0.011153294 0.008684118 0.00899207 0.009282216 0.010403208 0.010419804 0.008568195 0.009890046 0.0081085 0.010804739 0.010275648 0.012043282 0.009956157 0.012676166 0.013346025 0.011861983 0.011795349 0.013342942 0.011320074 0.013403202 0.01322013 0.012510161 0.015386974 0.013936457 0.01269823 0.013294275 0.014907746 0.013129014 0.013154339 0.013963732 0.014638947 0.014255649 0.013281009 0.013897463 0.014846005 0.01750172 0.01930924 0.017853349 0.01505482 0.014543256 0.018715919 0.020942011 0.020281941 0.022889962 0 0 0 0 0 0 0.019097266 0.025912503 0.041285126 0.063299005 0.182567833 0.347246873 0.351678984 0.630549131 -4.021320008 6.245515017
527.048 0 0 0 0 0 0 0 0 0 0 0 0 0 0 0 0 0 0 0 0 0 0 0 0 0 0 0.005056206 0.003657535 0.004245174 0.006350331 0.004085961 0.00554125 -0.000586 0.00249674 0.002470471 0.002925885 0.004288213 0.003715459 0.003638152 0.003286309 0.001933262 0.003970317 0.003143597 0.004011585 0.004001315 0.005069071 0.004566931 0.005419756 0.006628529 0.004924303 0.0052348 0.005823025 0.006842191 0.00776803 0.007131996 0.005860071 0.008950888 0.009278467 0.010430172 0.009817432 0.008712857 0.008135894 0.011604062 0.01156016 0.010572812 0.010308406 0.012933301 0.010215232 0.012188216 0.011759187 0.013145072 0.013293094 0.01104222 0.011615829 0.011669082 0.012877217 0.011445304 0.01138503 0.012211375 0.011487724 0.011809489 0.013282638 0.015993019 0.012275704 0.012858242 0.013528936 0.015027255 0.014650916 0.01615896 0.01418309 0.013658784 0.016508557 0.014430631 0.017611049 0.015859803 0.018191782 0.019955265 0.019377197 0.022681436 0.021426344 0 0 0 0 0 0 0.046033498 0.038191503 0.033142149 0.032864224 0.048130745 0.105337904 0.24927818 0.570711618 1.109114123 1.480429394 0.662102704
530.377 0 0 0 0 0 0 0 0 0 0 0 0 0 0 0 0 0 0 0 0 0 0 0 0 0 -0.001054064 -0.002918262 -0.001721972 0.000622 0.000199 -0.001804077 0.000462 -0.001508581 -0.003041428 -0.001463301 -0.001022693 -0.001337877 0.000459 0.000778 0.000709 0.001887138 0.001224391 0.001322544 0.000871 0.001952598 0.002350127 0.001364849 0.001980427 0.00286507 0.001494685 0.003272354 0.004561753 0.003021269 0.004373498 0.004097715 0.005657073 0.004233121 0.006867122 0.004822471 0.004910231 0.008880532 0.00423295 0.006668021 0.00735225 0.005474732 0.005923868 0.007775381 0.008228638 0.007409612 0.009039806 0.006866607 0.006842231 0.010150921 0.008903417 0.006616016 0.006939306 0.008678937 0.007325483 0.010672734 0.008385033 0.009173402 0.007981265 0.009766905 0.009224712 0.006813648 0.006691842 0.009093685 0.011029318 0.010014208 0.012159962 0.010561371 0.010779795 0.009622915 0.010186942 0.013454 0.010116913 0.009390813 0.009818922 0.013067401 0.014344739 0 0 0 0 0 0 0.017271743 0.009570946 0.005065693 0.029687666 -0.042638737 -0.061906217 -0.058907578 -0.134071338 0.474935136 -3.573767059 -31.91026077
533.706 0 0 0 0 0 0 0 0 0 0 0 0 0 0 0 0 0 0 0 0 0 0 0 0 0.000858 -0.000821 1.46e-06 0.00204815 0.000519 -0.001189813 -0.002568023 -0.000358 -0.001763008 0.002815462 -0.000618 0.002053537 -0.001273142 0.002548364 0.001017345 0.002027366 0.000811 0.001705622 0.003058938 0.001743759 0.001806357 0.001964947 0.001181568 -0.00013 0.00203762 0.003512196 0.003788129 0.005906301 0.006048512 0.003989196 0.004698806 0.007184879 0.004878881 0.006047398 0.004911092 0.004918613 0.005822512 0.005461648 0.003693371 0.005294148 0.009466481 0.00813126 0.008213705 0.007075227 0.009446084 0.008853539 0.010746046 0.008793869 0.008698155 0.006704691 0.009753758 0.009183483 0.009187057 0.009372626 0.008649483 0.00989263 0.009819056 0.008763792 0.010901722 0.009852845 0.008657998 0.010858701 0.010991435 0.009271143 0.008609565 0.012099597 0.009907086 0.011579918 0.010730581 0.011825938 0.010357872 0.01348152 0.013642113 0.01436671 0.018986197 0 0 0 0 0 0 0.021464481 0.031296458 0.026053795 0.00291429 0.02020748 0.024086985 -0.021711601 -0.374703179 -0.167884842 -1.373174814 4.223157793 4.595312717
537.037 0 0 0 0 0 0 0 0 0 0 0 0 0 0 0 0 0 0 0 0 0 0 0 -0.002963855 -0.000617 0.002726807 0.003293416 0.000217 0.000942 0.000202 0.001917894 0.00028 0.000762 -0.00063 0.001094123 0.001552919 0.002170049 0.003293053 0.001748735 0.001022363 0.001998177 0.002380926 0.001981204 0.003077667 0.0005 0.001354278 0.004925511 0.003125733 0.002965129 0.004823692 0.002792234 0.003402269 0.004270671 0.003561022 0.005538474 0.004529334 0.004991214 0.004498077 0.006148867 0.006117786 0.007464968 0.004523148 0.006735326 0.004875162 0.008486508 0.007831089 0.007425683 0.0090763 0.006260427 0.00617932 0.008391256 0.009193952 0.005999319 0.008547992 0.010656602 0.008822024 0.00839447 0.011068986 0.0071655 0.007717926 0.009394664 0.008195156 0.008277783 0.007948976 0.010152238 0.008892348 0.008731269 0.009116332 0.010594156 0.010810629 0.006859493 0.008080876 0.011188811 0.009810707 0.01227261 0.01109038 0.01079307 0.014750268 0.015522091 0 0 0 0 0 0 0.008800801 0.010397046 0.010750814 0.032776361 -0.011745315 0.058779449 0.034449743 -0.132620783 -0.220729746 0.264517995 -2.762094053 -15.72668762
540.367 0 0 0 0 0 0 0 0 0 0 0 0 0 0 0 0 0 0 0 0 0 0 -0.001900252 0.001169 -0.002505127 -0.00239961 0.000694 -0.002534737 -0.000315 -0.002632691 -0.000678 0.003360158 0.001287371 0.000563 0.003007065 -0.00082 0.001308637 0.000804 0.001346087 0.002434869 0.000832 0.001880279 0.002850347 0.001189753 0.002074907 0.002532459 0.001077254 0.000868 0.004007 0.002522614 0.003649193 0.002654221 0.002338518 0.002271119 0.005276826 0.003678647 0.003185715 0.003788991 0.004211232 0.005781903 0.007909219 0.003667311 0.00538218 0.007606999 0.007141622 0.006215984 0.005714851 0.008003786 0.006759677 0.008236505 0.007900511 0.008923259 0.008172849 0.007435361 0.008244405 0.005839884 0.007122278 0.008950543 0.00833657 0.008458537 0.006751178 0.008369629 0.007515839 0.009167506 0.007767318 0.006180845 0.008310824 0.007896859 0.008720054 0.008050106 0.007296521 0.010859123 0.006321351 0.00887006 0.006165473 0.008925331 0.013102836 0.011509089 0 0 0 0 0 0 0.004965995 0.015778117 0.003382797 0.013642797 0.009650679 -0.009718189 -0.043613395 -0.091772234 -0.060107716 -0.359659183 -1.234516892 -1.066235809 -2.505758912
543.699 0 0 0 0 0 0 0 0 0 0 0 0 0 0 0 0 0 0 0 0 0 0.007557847 0.007689109 0.007916053 0.00823896 0.005592384 0.006752081 0.006575981 0.006650527 0.005041722 0.005810545 0.007448025 0.008768632 0.003963811 0.004478063 0.007656898 0.005069676 0.00506646 0.004143188 0.003038497 0.004377133 0.004026887 0.004396184 0.004909547 0.005692536 0.005079857 0.006196289 0.007929211 0.008493551 0.008652672 0.005950655 0.00850646 0.007298452 0.008995162 0.009371149 0.008071306 0.007813067 0.006722941 0.011380354 0.010087471 0.009371542 0.010536887 0.008694708 0.010075308 0.011110464 0.011135103 0.011275375 0.012929521 0.011024296 0.011978158 0.009620666 0.010764588 0.010449708 0.010138484 0.011767379 0.011353654 0.011476528 0.014474326 0.011246292 0.011516714 0.009956993 0.010850397 0.011680672 0.012296971 0.009826266 0.011529748 0.011833314 0.012383658 0.012659192 0.015703573 0.015800402 0.011524693 0.015703871 0.012031538 0.015808667 0.015836311 0.018609252 0.021951116 0 0 0 0 0 0 0.036797845 0.02670393 0.032797585 0.046191122 0.056741947 0.063674715 0.104637817 0.141194321 0.299146336 0.903958906 1.422709664 8.299409257 33.76850709
547.031 0 0 0 0 0 0 0 0 0 0 0 0 0 0 0 0 0 0 0 0 0.000149 -0.003450818 0.004704798 0.002923538 0.000639 -0.002200802 -0.001990402 -0.000225 0.004324505 -0.001028272 0.001691804 0.003421494 0.004462418 0.000735 0.001050865 0.002371395 0.004130348 0.003064621 0.002059305 0.001376666 0.001036602 0.001741644 0.001152392 0.002374352 0.002876464 0.004877543 0.004828796 0.004033772 0.004321358 0.004361604 0.004327343 0.00336812 0.006164442 0.003133878 0.005379893 0.005114602 0.006191398 0.00543702 0.006354875 0.005467939 0.004944268 0.006373577 0.005651262 0.007276598 0.00438383 0.007405269 0.008189209 0.00680033 0.006610691 0.007701601 0.008465692 0.008019366 0.008332394 0.005800865 0.008796589 0.00698679 0.005976219 0.008997074 0.007017665 0.006549021 0.008330298 0.008866367 0.009648743 0.006726493 0.007922025 0.00911222 0.007296541 0.009742643 0.008972955 0.009308494 0.010062604 0.009710148 0.007771747 0.006060799 0.014043769 0.012363516 0.010048017 0 0 0 0 0 0 0.024173203 0.018107269 0.02621383 0.012030519 0.002286016 -0.001449304 0.008873954 0.007226687 -0.003026301 -0.129913932 -0.226622467 0.006945254 -0.423172734 -6.541048615
550.364 0 0 0 0 0 0 0 0 0 0 0 0 0 0 0 0 0 0 0 0.025127961 0.005552018 0.004920495 0.002090053 0.004956612 0.005401905 0.003453083 0.003781546 0.003393274 0.001633391 0.004385374 0.003099195 0.003252239 0.00140969 0.002298752 0.002029547 0.001540069 0.003314116 0.003221822 0.004202468 0.003299227 0.003076057 0.002675035 0.004417446 0.003863765 0.004656295 0.005144076 0.003629493 0.00273401 0.005929351 0.00501878 0.007337867 0.005681564 0.004936991 0.004323191 0.005833296 0.004784054 0.006080546 0.008328288 0.004819536 0.006279829 0.008897175 0.005731589 0.005937017 0.008291901 0.007963034 0.005227723 0.009511288 0.008578059 0.007718296 0.007684349 0.006666868 0.007667495 0.007852442 0.008031798 0.009251469 0.010221279 0.008476256 0.008347487 0.009402918 0.00803091 0.010438109 0.007384912 0.009441147 0.009626726 0.010268706 0.008411509 0.010507487 0.010215842 0.011272405 0.011931128 0.010660434 0.010782547 0.013932761 0.011210138 0.013827342 0.012562824 0.014070167 0 0 0 0 0 0 0.019615013 0.023602143 0.028505293 0.021186978 0.032389269 0.003822055 0.051238053 -0.003473461 0.208393345 0.103637705 0.529176282 -0.604479403 -3.511096793 7.317712477
553.698 0 0 0 0 0 0 0 0 0 0 0 0 0 0 0 0 0 0 0.143807819 0.012936884 -0.002563296 -0.003492317 -0.00672082 -0.000809 -0.005039981 -0.000618 -0.001541282 -0.002387387 -0.002950024 0.000843 -0.002805261 0.001828912 -0.000177 -0.000326 0.000899 -0.001388105 -0.000634 0.000553 -0.001884832 -0.000205 0.000391 0.000939 0.001888636 0.001941723 0.001895146 0.001386053 0.000913 0.001559451 0.000479 0.002759189 9.47e-07 0.003557502 0.002623317 0.003930502 0.003281398 0.003356254 0.003803501 -0.000158 0.003758587 0.004149396 0.00369055 0.000862 0.0043921 0.005015603 0.004357219 0.003090733 0.004702879 0.004489916 0.005052298 0.004987463 0.00518004 0.005046038 0.00505913 0.005802877 0.006197465 0.005565397 0.004551561 0.006047281 0.005276213 0.005379884 0.005572982 0.004179427 0.004500023 0.006305159 0.005787601 0.006531417 0.005477519 0.004806282 0.00741269 0.003680608 0.008764712 0.008081463 0.008822077 0.006031363 0.009438119 0.00955098 0 0 0 0 0 0 0.011010263 0.00790785 0.014116496 0.011323511 0.016517356 0.002858373 -0.010629005 -0.021240586 -0.028774844 -0.032625357 0.027897408 -0.407329901 -2.278591891 -6.431435474 -16.52831331
557.032 0 0 0 0 0 0 0 0 0 0 0 0 0 0 0 0 0 0.164191736 0.091530335 0.014049445 0.005587885 0.003060255 0.001402421 0.001889006 0.003106253 0.005336099 0.002734317 0.004667898 0.003066884 0.003252869 0.004021761 0.002596393 0.002571457 0.005282301 0.001961388 0.004024089 0.00311786 0.002966341 0.004735639 0.003326796 0.003578082 0.003662656 0.00193411 0.003427042 0.00373079 0.003852405 0.005543712 0.006164229 0.005730209 0.006626054 0.004923457 0.005496669 0.004684063 0.006286846 0.004890017 0.005467369 0.009691575 0.006066884 0.007608114 0.004155907 0.006056764 0.008607264 0.004646418 0.008505488 0.007062682 0.009050805 0.006956029 0.007837145 0.007268152 0.007944338 0.008028665 0.009901335 0.005808646 0.00754925 0.009047221 0.008055701 0.00859559 0.006186759 0.007049636 0.009068466 0.00890996 0.009328456 0.008877928 0.01026471 0.007361125 0.008697994 0.011370595 0.008731825 0.009592845 0.007977083 0.010373513 0.009930465 0.011525309 0.010880074 0.011261391 0.011392393 0 0 0 0 0 0 0.017118828 0.022353511 0.018042605 0.019482186 0.021757534 0.023023675 0.049522941 0.049306242 0.014478275 0.094882729 0.173364794 0.532130665 1.333333223 5.542443893 14.03631202
560.367 0 0 0 0 0 0 0 0 0 0 0 0 0 0 0 0 0.027564487 0.096095049 0.067879196 0.005970453 -0.002432004 -0.00131948 -0.002681789 -0.00420955 0.00234547 -0.003371608 -0.000958 -0.001489886 0.000112 0.003592181 -0.00171975 -9.55e-05 -0.004015909 0.000998 0.000494 0.000313 -0.000853 0.000211 0.000964 0.00120137 0.000972 0.002010117 0.000586 0.001081467 2.75e-06 0.00278702 0.003347994 0.001720536 0.002402993 0.001747559 0.003639038 0.002688 0.003143597 0.002432977 0.003305772 0.001909129 0.003830477 0.003535039 0.002273339 0.005576781 0.004506119 0.003812855 0.00668105 0.003588755 0.005990077 0.005295149 0.003386032 0.005331265 0.002869534 0.003750791 0.005292828 0.003574229 0.004419097 0.005244617 0.006712932 0.004220573 0.005571044 0.005375024 0.005386751 0.004100578 0.004145496 0.004147863 0.005374616 0.005633913 0.004413782 0.005886762 0.005841967 0.004763226 0.006213022 0.009237323 0.006246997 0.007868469 0.008023365 0.006183297 0.007804415 0 0 0 0 0 0 0.00257063 0.00920962 0.018259387 0.016348576 0.009989368 -0.006981019 0.009035825 0.003844622 -0.016916583 -0.009127022 -0.026450593 -0.125905669 0.304416327 0.279456965 0.434938641 -12.43243647
563.703 0 0 0 0 0 0 0 0 0 0 0 0 0 0 0 1.41e-06 0.022289777 0.068625173 0.039960299 0.003806192 -0.004141843 0.00384706 0.002848906 -0.000139 -0.00092 0.001009682 0.000123 -0.001503663 0.002560773 0.005334453 0.00082 0.000299 0.000721 0.002013605 0.003152931 0.004090352 0.002380604 0.000425 0.00161899 0.000237 0.002668182 0.001321166 0.001764602 0.001922417 0.00373365 0.001592488 0.00172371 0.002792401 0.002910936 0.005690563 0.003125853 0.00588305 0.004038182 0.003858923 0.004968893 0.00511307 0.004397311 0.004299392 0.004163341 0.005804298 0.006603806 0.006034054 0.005056611 0.007325136 0.005077568 0.00911552 0.00744586 0.004495071 0.005646237 0.00664096 0.006043856 0.007214249 0.007204073 0.008075208 0.00757971 0.006124274 0.008268132 0.00654921 0.004771486 0.005139611 0.006280761 0.007686623 0.007396823 0.008238157 0.007779516 0.008443564 0.006138204 0.009449308 0.00915122 0.005749566 0.006935406 0.00868702 0.00780478 0.007775049 0.009386293 0 0 0 0 0 0 0.011644636 0.015488609 0.013385232 0.014971561 0.03094643 0.018566207 0.021671498 0.008530064 -0.010223859 0.018511852 0.070033957 0.063556922 0.306753422 -0.790691383 0.476743753 -1.020030789
567.039 0 0 0 0 0 0 0 0 0 0 0 0 0 0 0.000922 0.000714 0.010586585 0.054771752 0.033749112 0.011466959 0.001849007 0.001041076 0.004006248 0.00275248 0.000924 0.006457057 0.001212869 -0.003020313 0.002904552 0.002464627 -0.000308 0.003436096 0.004613815 0.001601517 0.002415955 0.001186372 0.002319377 0.00064 0.002593632 0.003018739 0.001656578 0.002169826 0.003688334 0.002243909 0.002216118 0.003131777 0.00452562 0.003031805 0.003572525 0.001209377 0.005650879 0.003104629 0.003187344 0.006554537 0.004704171 0.005876974 0.005784136 0.004641533 0.003669207 0.004681631 0.003496031 0.006060082 0.005418164 0.00628202 0.003642901 0.005288725 0.004577693 0.006292203 0.005671114 0.007959805 0.005719138 0.006966907 0.008612455 0.006066354 0.005457296 0.005416749 0.003189335 0.00465132 0.005327774 0.007240829 0.006241122 0.0053766 0.008067505 0.006150432 0.009408071 0.006832913 0.008599159 0.004994975 0.008510327 0.006300189 0.006514117 0.006005264 0.006957381 0.008942976 0 0 0 0 0 0 0.008182642 0.007584634 0.011725872 0.016377195 0.011665643 0.011934885 0.018197679 0.01317057 0.019440619 -0.006847408 0.0719673 -3.93e-05 0.170053783 0.126879951 1.251859073 4.549678425 -22.67931649
570.375 0 0 0 0 0 0 0 0 0 0 0 0 0 -0.000572 -0.000186 -0.003787525 0.008419767 0.044286204 0.028645268 0.001127776 0.002803127 -0.001803284 0.004627507 -3.74e-07 -0.001334699 -0.001407179 0.002206776 -0.00176183 0.002147441 0.005199225 0.001766268 0.002581991 -0.00064 0.001705311 0.001516871 0.001199782 0.001911161 0.002284672 0.003597829 0.002218753 0.002944198 0.001668093 0.002287436 0.000844 0.001437638 0.002917301 0.000337 0.001381194 0.002298863 0.006670918 0.002856228 0.002831736 0.002269239 0.003204238 0.00180644 0.004738518 0.001929156 0.004609788 0.002243522 0.005445944 0.002904759 0.002843148 0.003595811 0.001254789 0.005482073 0.00327154 0.006631676 0.004413687 0.004629985 0.005004308 0.006422814 0.005633719 0.004667842 0.003444345 0.003813173 0.005473884 0.00402933 0.006312541 0.00450719 0.007521455 0.005962376 0.005295048 0.005862347 0.0056242 0.004293021 0.008333613 0.006067278 0.008582783 0.006107394 0.00654451 0.006309011 0.007206273 0.005942493 0.006230591 0 0 0 0 0 0 0.006891403 0.013133138 0.010400231 0.005194638 0.013961644 0.0219186 0.010768509 0.005804903 0.003947786 0.001159798 -0.059549683 -0.016831355 0.057513643 0.091732903 -1.031869914 -5.730918419 -6.835519753
573.713 0 0 0 0 0 0 0 0 0 0 0 0 -0.000396 0.004609775 0.004841026 0.005063606 0.01002139 0.042508604 0.029375146 0.007260382 -0.000312 0.001204328 -0.00347857 0.004596529 0.001739808 0.002565359 0.002951387 0.003647613 0.001471741 0.002929465 0.000521 0.002287293 0.001832918 2.81e-06 0.004471706 0.001285397 0.002139884 0.00286103 0.001514785 0.002437526 0.000936 0.002815388 0.00139517 0.002484421 0.003626002 0.002799089 0.003909782 0.004529061 0.004030513 0.002609553 0.001988073 0.002840074 0.003301784 0.005854191 0.003537921 0.002643347 0.005627138 0.004455398 0.001989185 0.005100375 0.005715967 0.004093758 0.005146436 0.004354411 0.005494813 0.006636122 0.004173372 0.004873692 0.007732839 0.006105823 0.005435841 0.006704714 0.004747061 0.004073618 0.003412447 0.004810508 0.003634545 0.004240673 0.006880266 0.005161544 0.006597185 0.006146347 0.005590684 0.007343504 0.00699393 0.006523604 0.00558805 0.006072088 0.007414652 0.006913904 0.006873028 0.00465839 0.007246302 0 0 0 0 0 0 0.009339351 0.008090251 0.014476524 0.019149447 0.013087263 0.012444873 0.016843394 0.009896029 0.022624038 0.018912932 0.023167144 0.02430051 0.088008596 -0.035597676 -0.27538351 -0.170900051 -0.923783697 -0.080251853
577.05 0 0 0 0 0 0 0 0 0 0 0 0.002655179 -0.003967674 -0.003652411 -0.002231174 -0.005976178 0.007219666 0.028726486 0.019115184 0.001777925 0.0015633 0.002713866 -0.002758185 -0.000977 -0.002947541 -0.003853728 -0.001475635 -0.001296485 -0.002266163 0.000436 -0.001559538 -0.001488877 -0.001652075 -0.000767 0.000257 -0.000152 -0.00064 0.000651 -0.000643 0.001053599 0.001673513 0.000959 0.000748 0.002223794 0.000866 0.000126 0.002566104 0.000694 0.000907 0.001961045 0.00254839 -0.001002703 0.00176454 0.00264544 0.000654 0.001814733 0.002238816 0.004875814 0.003895189 0.003226331 0.001821026 0.003030499 0.001289416 0.004529135 0.004271155 0.004405042 0.001391913 0.005107321 0.003467671 0.003276113 0.004225847 0.004170812 0.002797951 0.003250193 0.003964623 0.002714619 0.003842376 0.003506059 0.003918005 0.002584849 0.004335237 0.001395489 0.003517245 0.003268705 0.005079765 0.003664706 0.002386809 0.004223382 0.003454743 0.003728479 0.004682391 0.00361883 0.003977064 0 0 0 0 0 0 0.00582562 0.007312201 0.005932799 0.008985423 0.003567003 0.008412031 0.001102931 0.015762222 0.010472592 0.007115894 0.013922977 0.041229882 -0.071211425 -0.15112493 -0.349178305 1.037175468 0.687417984 -6.803433305
580.388 0 0 0 0 0 0 0 0 0 0 0.005236356 -0.000815 -0.003562592 0.007289761 0.000368 -0.001987567 0.010891951 0.027127091 0.024048048 0.006448912 0.003587482 0.00496493 0.004055526 0.00417938 0.001202795 0.000642 0.003067917 0.003410065 0.001583789 0.002603872 0.000105 0.002881893 0.002197984 0.002475155 0.002030136 0.003845973 0.005430665 0.002569969 0.002739686 0.004033074 0.00304415 0.002289112 0.001196103 0.001796038 0.002587201 0.002547357 0.004310717 0.003298947 8.46e-05 0.005133581 0.003495972 0.003683197 0.002713109 0.002210504 0.003176719 0.004070558 0.005237973 0.002720586 0.006734867 0.005991068 0.006076514 0.003466828 0.008140146 0.003849258 0.003360389 0.003516325 0.005793215 0.004346265 0.003533089 0.004210635 0.005504531 0.003949692 0.004394992 0.003725932 0.005388004 0.005346907 0.003900852 0.00638976 0.00357226 0.005836724 0.003982521 0.005864253 0.004512253 0.005262924 0.004992492 0.004690664 0.007308848 0.00741685 0.006892159 0.007440669 0.007143048 0.008451216 0 0 0 0 0 0 0.011139557 0.011619685 0.010253147 0.009644165 0.007030212 0.010080016 0.010562334 0.019016808 0.028299087 -0.001712019 0.020459119 0.021982337 0.027950538 0.098186915 0.035861379 0.403378688 1.614983713 6.212369613 15.29325422
583.727 0 0 0 0 0 0 0 0 0 0.002363207 -0.000625 0.003250541 -0.005327229 -0.000563 -0.009085638 0.000722 -0.000174 0.0202397 0.015374189 -0.001285106 -0.003420614 -0.00135103 -0.004909047 -0.002499221 -0.003330936 -0.000256 2.68e-06 -0.001289734 -0.000788 0.00076 0.002488922 -0.000885 -0.001095252 0.003235681 -0.000155 -0.000785 -0.001956157 -0.000636 0.002601858 0.001047548 -0.00034 0.00062 0.001341224 0.000158 0.00108945 0.000129 0.000941 -0.001144956 -0.000243 0.000571 0.000397 0.002904585 0.001244378 0.000781 0.000435 0.000908 0.000775 0.001151696 0.00189535 0.002674174 0.004340882 0.001242759 0.005809217 0.003754385 0.002777275 0.003664614 0.002615502 0.003509473 0.00388892 0.003476166 0.001636252 0.002882954 0.002921643 0.002063241 0.004486987 0.002633772 0.000604 0.003285576 0.002753846 0.002232567 0.004516493 0.003128162 0.0032111 0.00177225 0.003750161 0.005308432 0.004338576 0.004452058 0.004122287 0.002559675 0.002647871 0.005871491 0 0 0 0 0 0 -0.000624 0.003688318 0.0049155 0.00307046 0.006767404 0.007336596 0.005276057 0.004017733 0.003592518 0.006390684 -0.007041993 -0.012675983 -0.00737261 -0.009994314 -0.04974047 -0.767312743 -0.569741942 -7.088091866 1.718890011
587.066 0 0 0 0 0 0 0 0 0.001987921 0.005802907 0.000209 0.007109338 0.004933938 0.001914734 -0.000373 0.006125095 0.00543029 0.026705078 0.023977872 0.009805396 0.008553683 0.006000291 0.000578 0.004582409 0.004798797 0.002940096 0.003060537 0.005979005 0.002934414 0.003456987 0.002588053 0.002679142 0.001278568 0.003407604 0.001356573 -0.000152 -0.000868 0.003127191 0.003181899 0.002148693 0.003572803 0.000476 0.002532239 0.003212866 0.00212116 0.00340726 0.002888032 0.003671366 0.004342384 0.005442182 0.004990358 0.002906206 0.004822963 0.003272603 0.004244095 0.00428199 0.003533326 0.004931819 0.00447818 0.002763865 0.001446868 0.004255278 0.006153306 0.002919669 0.005148532 0.00549677 0.002387897 0.005829069 0.004916784 0.005572668 0.005417755 0.003938302 0.004381977 0.003371033 0.005100321 0.003711102 0.004090582 0.005029739 0.005242392 0.005819665 0.004040127 0.004174067 0.004072408 0.007021817 0.008042211 0.002772721 0.004830953 0.00445356 0.008761491 0.007508439 0.007761074 0 0 0 0 0 0 0.007320031 0.011576822 0.011587001 0.010419273 0.0181374 0.017150441 0.012469935 0.015163146 0.010574079 0.012984904 0.030027184 0.026670277 0.020768472 0.013092005 0.172013841 0.114475299 0.091280809 1.777913604 -8.486909436 0.050885518
590.406 0 0 0 0 0 0 0.007793551 0.007349757 0.000893 0.001302698 0.003586615 0.006157003 0.00139584 0.004440115 -0.006000022 -0.002730117 0.00548584 0.020792587 0.012361923 0.002436099 0.001099794 -0.003787485 -0.000438 0.005191467 0.001481075 0.002969859 0.002966679 0.000592 0.001139224 -0.000546 0.000945 0.000204 0.0035978 0.003357342 0.002220179 0.001051025 0.00015 0.003803119 0.001448828 0.002502766 0.001088775 0.001441085 0.000803 0.000373 0.001041757 0.003128333 0.001967833 0.002935555 0.003476774 0.004350203 0.002400723 0.000154 0.002215716 0.003162305 0.002255089 0.00076 0.003489926 0.004400948 0.004609074 0.003062332 0.003104954 0.004746818 0.001726779 0.004045383 0.003797511 0.004024452 0.002177749 0.004302971 0.001334609 0.002632233 0.004680838 0.004120011 0.004777693 0.004309073 0.003297651 0.004974928 0.005216217 0.003049156 0.003327455 0.004101796 0.004358637 0.003938046 0.002813537 0.004555513 0.003171158 0.004805586 0.004384169 0.004839144 0.005640689 0.008477828 0.002398521 0 0 0 0 0 0 0.003982431 0.005689324 0.009575415 -0.000396 0.007293073 0.008545995 0.006309339 0.006255769 0.013262529 0.013122145 0.00642342 0.018219086 0.033798743 0.003806056 0.064673218 0.360903758 0.203399134 -0.351378245 -1.851790854 -19.67352267
593.746 0 0 0 0 0 0.000489 -0.002862407 -0.003012264 -0.001575912 -0.004810727 -0.001915421 -0.008697325 -0.003822215 -0.002719014 0.001511134 -0.004222461 0.003035766 0.017167166 0.013146843 -0.001474392 -0.003170456 -0.000459 0.000442 -0.00141694 -0.001086607 0.000131 0.000501 0.002150982 -0.000574 0.002315128 0.001479437 0.001425565 0.002513229 -0.000854 -0.002561452 -0.000319 0.000821 0.001305564 -0.000794 0.001742531 -0.000248 0.000922 0.002277136 0.001342276 0.000879 0.001201773 6.88e-05 0.001169588 0.000252 1.67e-06 0.000404 0.001480353 1.82e-06 0.000724 0.001029097 -0.000915 0.000394 0.000839 0.000529 0.002544797 -0.00064 -0.000361 0.002612992 0.002466841 0.00108247 0.000813 0.001961186 0.002512184 0.000749 0.001921095 0.001959908 0.003011036 0.003119563 0.004628137 0.002772579 0.001720713 0.000684 0.002939762 0.00109373 0.000552 0.000974 0.003757645 0.001963486 0.004142891 0.000934 0.002907812 0.003588769 0.003083268 0.000788 0.004591324 0 0 0 0 0 0 0.000518 0.002725666 0.005581056 0.002507579 0.008417147 0.001135228 0.0056696 0.006088832 0.004424239 0.003720222 0.006402319 0.000591 -0.00158561 -0.018808048 -0.030358776 -0.006815613 -0.131064739 -0.166945716 -1.927638753 -3.039741214 -6.928505815
597.086 0 0 0 0 0.004317759 0.003203933 -0.000239 0.001402262 -0.000908 -0.000223 0.003862934 0.001878344 0.005476312 0.00550118 0.003052858 0.003331852 0.007200565 0.019754483 0.015125826 0.007764873 0.00415576 0.004626266 0.004304309 0.005566911 0.004520706 0.003282424 0.001255651 0.00397635 0.002433049 0.002554754 0.002345365 -8.78e-05 0.001032664 0.001667204 0.003458077 0.001229913 0.00330097 0.002043145 0.002204356 0.000794 0.002011823 0.001758957 0.002244143 0.001299132 0.003592654 0.002164061 0.002209304 0.001415624 0.003198421 0.00292228 0.005209966 0.003145386 0.00322786 0.003728929 0.005615307 0.004630894 0.00284383 0.004814094 0.003539461 0.006505652 0.003902556 0.003098027 0.002986395 0.004373028 0.002855388 0.002047116 0.00395842 0.005221932 0.002715479 0.004834395 0.003588705 0.003252449 0.00335974 0.002757482 0.00461282 0.001318039 0.003032393 0.003239422 0.004767273 0.004381528 0.004505044 0.003719484 0.004184254 0.005394058 0.00582578 0.004644167 0.005890806 0.007255244 0.004590164 0.003630923 0 0 0 0 0 0 0.009336068 0.012444228 0.011736609 0.008478124 0.007275625 0.008095598 0.009433608 0.010574964 0.01049936 0.014986242 0.02485852 0.020783226 -6.81e-06 0.040341532 0.011486959 0.058942372 0.007307117 0.807495869 -0.472711423 4.007454618 45.41225087
600.427 0 0 0 -0.006105806 -0.005404358 0.005751407 0.002926653 -0.001896688 0.00023 -0.005598182 -0.005008845 -0.001483584 -0.00473322 0.0004 -0.004251767 0.003757403 -0.001643443 0.010113322 0.016726679 0.001844122 -0.003892188 -0.001564066 0.005873229 -0.005790905 -0.005837877 -0.002265866 -0.000638 0.000244 -0.00117475 -0.001572383 0.001410957 -0.00091 0.001904709 0.000715 0.001141844 0.000249 0.001065337 0.000741 0.002167604 -0.000114 0.000766 -0.000248 0.00088 -0.000824 0.001316127 0.003293407 0.002801839 0.00311104 0.001112594 0.000849 -0.000826 0.000955 0.001599653 0.001631718 -0.000596 0.001565685 0.001046939 0.003344128 0.002604098 0.000744 0.001603342 0.001109347 0.00187228 0.002958741 0.002641422 0.00307404 -0.000725 0.002025657 0.001989979 2.46e-06 0.00431071 0.002200176 0.00261148 0.002223862 0.00134727 0.001760723 0.003426309 0.002657545 0.00091 0.003034303 0.00235711 0.002757144 0.003426624 -0.00054 0.003352127 -0.002481452 0.001536871 0.001139114 0.002776892 0 0 0 0 0 0 0.003179711 0.001465021 0.003669322 0.001957972 0.006959348 -0.000406 0.006162764 0.014858334 0.00255218 0.010978689 0.00684611 0.009339485 0.005434089 0.004918203 -0.016852634 -0.033011432 0.031603998 -0.052247071 -0.362155294 0.179401091 1.195969264 -14.10037504
603.768 0 0 -0.008897788 -0.003221587 -0.005202058 0.003032249 0.000986 -0.01102056 -0.004189385 -0.004077373 0.000219 -0.003853858 -0.000624 -0.002417562 -0.001758755 -1.18e-06 0.000369 0.016847484 0.002612991 -0.003557069 -0.003605301 -0.005217562 -0.007760969 -0.003072884 -0.001123617 -0.005250335 -0.004772089 -0.002100185 -0.005346814 -0.002728441 -0.003701906 0.000956 -0.003463644 -0.00250392 -0.000974 -8.31e-05 -0.002073214 -0.001720769 -0.001504856 -0.000986 0.000155 0.0006 0.000314 -0.001054354 6.14e-05 -0.001175318 -0.000212 0.000725 -0.000518 -0.000513 -0.001502095 -0.000404 -0.000616 -0.000376 0.000758 -0.00071 -0.001612343 -0.000259 -0.001178298 -0.000282 0.00228313 0.000281 -0.00072 -0.000526 0.00043 -0.000251 0.001217694 0.001259477 0.00108278 0.000764 0.001426814 0.000889 0.000953 0.001667265 0.001289764 0.002702331 0.00099 -0.002684869 0.000849 0.001212204 0.001875216 0.001832018 0.001428991 0.000389 0.000482 0.002171458 0.002588407 0.001948091 -0.001357271 0 0 0 0 0 0 0.004697947 -0.001484061 0.001928234 -0.003790481 0.003521088 -0.000618 0.003231643 -0.002541538 -0.005705479 -0.008803463 -0.006526988 -0.004251272 -0.009139521 -0.026447657 -0.035283534 0.009803402 -0.017809414 -0.391557675 -0.655207233 -0.060813988 -10.14188544 7.177831467
607.109 0 -0.001154117 0.005873465 0.001347351 -0.000519 -0.0022861 -0.002230186 0.003131032 0.005848906 -0.002276927 0.00221251 0.001075881 -2.13e-08 0.003247342 0.00039 0.001336513 0.001113514 0.015135436 0.014012733 -0.001702061 0.00263572 0.002860585 0.003518314 -0.001913276 0.004234914 0.003518979 0.001297216 0.000869 0.001554595 0.001841273 0.002421956 0.002533604 -0.000193 0.002702965 0.000803 0.00160413 0.002550096 0.001205866 0.002340902 0.000876 0.002178065 0.001510802 0.002208191 0.000335 0.002186046 0.002691307 -0.000142 0.00073 0.002083916 0.002668312 0.002014135 0.001781572 0.000387 0.00165763 0.00327593 0.002226231 0.002280815 0.00269978 0.002554314 0.002361004 0.003444776 0.005069912 0.002986386 0.002562448 0.000866 0.003375567 0.001713057 0.003324133 0.003498095 0.002530783 0.004454658 0.001340926 0.003904629 0.003060632 0.001584632 0.002573259 0.003551579 0.005540914 0.004413709 0.003512254 0.005803382 0.003906315 0.003480402 0.000861 0.004785797 0.003862463 0.003642738 0.0035603 0 0 0 0 0 0 0.006373321 0.003229407 0.002301892 0.006113281 0.00149218 0.008371499 0.006873231 0.015506129 0.005886785 0.008902807 0.022623368 0.020089744 0.01090622 0.01897035 0.023284556 0.008556675 0.04149146 -0.071448982 0.060585615 -0.309640322 -0.245923026 1.945179333 -30.5747199
610.451 0.001825489 -0.00409384 -0.001976588 -0.001632237 -0.004752584 -0.002052214 0.00700531 -0.003405623 0.004961916 -0.003903116 -0.003127799 -0.005868171 -0.001477367 -0.00429372 0.002181966 -0.001155017 0.002623565 0.01291708 0.011321015 -0.001719531 -0.00532376 -0.003531126 -0.001699362 0.001781596 -0.002281321 0.000821 -0.002094235 -0.002007318 -0.001564683 -0.001602663 0.003553702 -0.001261044 0.00244203 -0.001088018 0.000271 -0.001448419 0.001097165 0.001443308 0.000627 0.000296 -0.000313 -0.000101 0.001168029 0.000113 -0.001593572 -0.00066 -0.000143 -0.000817 0.001488593 0.000695 0.00017 0.000406 0.001016798 0.000836 -0.000615 8.02e-05 0.001153904 -0.000703 0.001382165 0.001526246 0.000971 -0.001514478 9.29e-05 0.000803 0.000524 0.001023419 0.001811269 -0.00056 0.000707 0.001782018 0.001296203 0.00300921 0.001562771 0.000368 0.002036827 0.000653 7.2e-05 0.002941407 0.001508695 0.00029 -0.000514 0.002531906 0.000763 0.00079 0.00106182 0.001356218 0.002277338 0.001707796 0 0 0 0 0 0 0.000232 0.002883062 0.003147034 0.00587335 0.001674443 0.00545562 0.003365789 0.000477 0.001552913 -0.001145207 0.003645025 0.008195923 0.001922702 0.004330682 -0.003347053 0.00619778 -0.017923295 -0.00355525 -0.175783957 -0.136799509 -0.860107309 -0.474844838 -13.6309181
613.792 0.001497683 0.003763874 -0.000278 -0.001350076 0.005744956 0.004825465 0.001486665 -0.000963 -0.001871411 0.000227 0.002431992 0.001290724 0.004598385 0.004854847 0.002352528 2.16e-07 0.005008568 0.01189038 0.010157909 0.005617846 -0.002470638 0.001748911 0.00458849 -0.000882 0.001270202 0.005143476 0.001168372 0.000372 -0.002741666 0.001617765 -0.000325 0.003571671 0.000194 0.00206981 0.000711 0.002279109 0.001467737 0.001204069 0.00199554 0.001108157 -0.000155 0.001007401 0.000789 0.000391 0.00206338 0.003211559 0.001920471 0.000568 0.002431087 0.002236906 0.000755 0.002593518 0.001780523 0.002561729 0.002132014 0.003099965 0.001303644 0.000871 0.002188625 0.003115851 0.001626078 0.002346811 0.002443461 0.000884 0.002423085 0.004555677 -0.001061914 0.001582195 0.003418819 0.00199357 0.002568139 0.000745 0.00279891 0.001894417 0.002592737 0.001856901 0.002201436 0.004048338 0.004342163 0.005016788 0.001740858 0.002654503 0.004389174 0.001956692 0.003974369 0.003190065 0.003728935 0 0 0 0 0 0 0.003955416 0.004402984 0.003975941 0.006639851 0.006709541 0.008947296 0.006323055 0.011032473 0.008560508 0.012021925 0.011183579 0.00721113 0.007333045 0.022284629 0.021401633 0.035701139 -0.006108612 -0.015716367 0.096413261 0.174099551 -0.116520578 0.244259421 3.638035072 -13.4950645
617.135 4.88e-06 0.005917876 -0.000572 0.001652922 0.008014883 0.001556782 0.007083408 0.000738 0.008125226 0.006038827 -0.003162965 -0.000439 0.006192395 0.000831 0.003214329 0.004482673 0.010233531 0.011225228 0.007514053 0.008869745 0.006057599 0.001297119 -0.000313 0.002854682 0.002163485 0.001521421 0.005033083 0.00558083 0.005862087 0.000946 0.001908472 0.004073652 0.002469947 0.000738 0.001001814 0.002328562 0.001262807 0.001153449 -0.000351 0.001371561 0.003707819 0.002109242 0.003276093 0.001253667 0.003968056 0.002077205 0.001526169 0.002731313 0.001153516 0.002811993 0.002057 0.00033 0.003874422 0.003463883 0.004668142 0.000979 0.003239614 0.003113339 0.002422676 0.001446979 0.005671753 0.002973106 0.001664313 0.00361096 0.005128664 0.002327084 0.002583138 0.004285032 0.001985279 0.002193901 0.003162378 0.003042936 0.002934991 0.002828497 0.003973369 0.003940931 0.002394234 0.001741651 0.003345585 0.00161076 0.002815629 0.004217289 0.001235858 0.00271915 0.003314276 0.003860345 0.004606857 0 0 0 0 0 0 0.00505118 0.005681746 0.007998348 0.008443755 0.007006406 0.004232438 0.011208481 0.006168666 -0.00329795 0.012799604 -0.001749155 0.005358689 0.011049614 0.003387046 0.021245415 0.020378487 0.024960865 0.070515091 0.018322261 0.131652941 0.197760996 0.369430929 3.465504759 47.70524797
