NaN 600 596.73 593.46 590.19 586.92 583.65 580.38 577.11 573.84 570.57 567.3 564.03 560.76 557.49 554.22 550.95 547.68 544.41 541.14 537.87 534.6 531.33 528.06 524.79 521.52 518.25 514.98 511.71 508.44 505.17 501.9 498.63 495.36 492.09 488.82 485.55 482.28 479.01 475.74 472.47 469.2 465.93 462.66 459.39 456.12 452.85 449.58 446.31 443.04 439.77 436.5 433.23 429.96 426.69 423.42 420.15 416.88 413.61 410.34 407.07 403.8 400.53 397.26 393.99 390.72 387.45 384.18 380.91 377.64 374.37 371.1 367.83 364.56 361.29 358.02 354.75 351.48 348.21 344.94 341.67 338.4 335.13 331.86 328.59 325.32 322.05 318.78 315.51 312.24 308.97 305.7 302.43 299.16 295.89 292.62 289.35 286.08 282.81 279.54 276.27 273 269.73 266.46 263.19 259.92 256.65 253.38 250.11 246.84 243.57 240.3 237.03 233.76 230.49 227.22 223.95 220.68
NaN NaN NaN NaN NaN NaN NaN NaN NaN NaN NaN NaN NaN NaN NaN NaN NaN NaN NaN NaN NaN NaN NaN NaN NaN NaN NaN NaN NaN NaN NaN NaN NaN NaN NaN NaN NaN NaN NaN NaN NaN NaN NaN NaN NaN NaN NaN NaN NaN NaN NaN NaN NaN NaN NaN NaN NaN NaN NaN NaN NaN NaN NaN NaN NaN NaN NaN NaN NaN NaN NaN NaN NaN NaN NaN NaN NaN NaN NaN NaN NaN NaN NaN NaN NaN NaN NaN NaN NaN NaN NaN NaN NaN NaN NaN NaN NaN NaN NaN NaN NaN NaN NaN NaN NaN NaN NaN NaN NaN NaN NaN NaN NaN NaN NaN NaN NaN NaN
NaN NaN NaN NaN NaN NaN NaN NaN NaN NaN NaN NaN NaN NaN NaN NaN NaN NaN NaN NaN NaN NaN NaN NaN NaN NaN NaN NaN NaN NaN NaN NaN NaN NaN NaN NaN NaN NaN NaN NaN NaN NaN NaN NaN NaN NaN NaN NaN NaN NaN NaN NaN NaN NaN NaN NaN NaN NaN NaN NaN NaN NaN NaN NaN NaN NaN NaN NaN NaN NaN NaN NaN NaN NaN NaN NaN NaN NaN NaN NaN NaN NaN NaN NaN NaN NaN NaN NaN NaN NaN NaN NaN NaN NaN NaN NaN NaN NaN NaN NaN NaN NaN NaN NaN NaN NaN NaN NaN NaN NaN NaN NaN NaN NaN NaN NaN NaN NaN
210.901 0 0 0 0 0 0 0 0 0 0 0 0 0 0 0 0 0 0 0 0 0 0 0 0 0 0 0 0 0 0 0 0 0 0 0 0 0 0 0 0 0 0 0 0 0 0 0 0 0 0 0 0 0 0 0 0 0 0 0 0 0 0 0 0 0 0 0 0 0 0 0 0 0 0 0 0 0 0 0 0 0 0 0 0 0 0 0 0 0 0 0 0 0 0 0 0 0 0 0 0 0 0 0 0 0 0 0 0 0 0 0 0 0 0 0 0 0
214.065 0 0 0 0 0 0 0 0 0 0 0 0 0 0 0 0 0 0 0 0 0 0 0 0 0 0 0 0 0 0 0 0 0 0 0 0 0 0 0 0 0 0 0 0 0 0 0 0 0 0 0 0 0 0 0 0 0 0 0 0 0 0 0 0 0 0 0 0 0 0 0 0 0 0 0 0 0 0 0 0 0 0 0 0 0 0 0 0 0 0 0 0 0 0 0 0 0 0 0 0 0 0 0 0 0 0 0 0 0 0 0 0 0 0 0 0 0
217.232 0 0 0 0 0 0 0 0 0 0 0 0 0 0 0 0 0 0 0 0 0 0 0 0 0 0 0 0 0 0 0 0 0 0 0 0 0 0 0 0 0 0 0 0 0 0 0 0 0 0 0 0 0 0 0 0 0 0 0 0 0 0 0 0 0 0 0 0 0 0 0 0 0 0 0 0 0 0 0 0 0 0 0 0 0 0 0 0 0 0 0 0 0 0 0 0 0 0 0 0 0 0 0 0 0 0 0 0 0 0 0 0 0 0 0 0 0
220.402 0 0 0 0 0 0 0 0 0 0 0 0 0 0 0 0 0 0 0 0 0 0 0 0 0 0 0 0 0 0 0 0 0 0 0 0 0 0 0 0 0 0 0 0 0 0 0 0 0 0 0 0 0 0 0 0 0 0 0 0 0 0 0 0 0 0 0 0 0 0 0 0 0 0 0 0 0 0 0 0 0 0 0 0 0 0 0 0 0 0 0 0 0 0 0 0 0 0 0 0 0 0 0 0 0 0 0 0 0 0 0 0 0 0 0 0 0
223.574 0 0 0 0 0 0 0 0 0 0 0 0 0 0 0 0 0 0 0 0 0 0 0 0 0 0 0 0 0 0 0 0 0 0 0 0 0 0 0 0 0 0 0 0 0 0 0 0 0 0 0 0 0 0 0 0 0 0 0 0 0 0 0 0 0 0 0 0 0 0 0 0 0 0 0 0 0 0 0 0 0 0 0 0 0 0 0 0 0 0 0 0 0 0 0 0 0 0 0 0 0 0 0 0 0 0 0 0 0 0 0 0 0 0 0 0 0
226.748 0 0 0 0 0 0 0 0 0 0 0 0 0 0 0 0 0 0 0 0 0 0 0 0 0 0 0 0 0 0 0 0 0 0 0 0 0 0 0 0 0 0 0 0 0 0 0 0 0 0 0 0 0 0 0 0 0 0 0 0 0 0 0 0 0 0 0 0 0 0 0 0 0 0 0 0 0 0 0 0 0 0 0 0 0 0 0 0 0 0 0 0 0 0 0 0 0 0 0 0 0 0 0 0 0 0 0 0 0 0 0 0 0 0 0 0 0
229.925 0 0 0 0 0 0 0 0 0 0 0 0 0 0 0 0 0 0 0 0 0 0 0 0 0 0 0 0 0 0 0 0 0 0 0 0 0 0 0 0 0 0 0 0 0 0 0 0 0 0 0 0 0 0 0 0 0 0 0 0 0 0 0 0 0 0 0 0 0 0 0 0 0 0 0 0 0 0 0 0 0 0 0 0 0 0 0 0 0 0 0 0 0 0 0 0 0 0 0 0 0 0 0 0 0 0 0 0 0 0 0 0 0 0 0 0 0
233.104 0 0 0 0 0 0 0 0 0 0 0 0 0 0 0 0 0 0 0 0 0 0 0 0 0 0 0 0 0 0 0 0 0 0 0 0 0 0 0 0 0 0 0 0 0 0 0 0 0 0 0 0 0 0 0 0 0 0 0 0 0 0 0 0 0 0 0 0 0 0 0 0 0 0 0 0 0 0 0 0 0 0 0 0 0 0 0 0 0 0 0 0 0 0 0 0 0 0 0 0 0 0 0 0 0 0 0 0 0 0 0 0 0 0 0 0 16.54785582
236.285 0 0 0 0 0 0 0 0 0 0 0 0 0 0 0 0 0 0 0 0 0 0 0 0 0 0 0 0 0 0 0 0 0 0 0 0 0 0 0 0 0 0 0 0 0 0 0 0 0 0 0 0 0 0 0 0 0 0 0 0 0 0 0 0 0 0 0 0 0 0 0 0 0 0 0 0 0 0 0 0 0 0 0 0 0 0 0 0 0 0 0 0 0 0 0 0 0 0 0 0 0 0 0 0 0 0 0 0 0 0 0 0 0 0 0 3.691656097 26.98698499
239.469 0 0 0 0 0 0 0 0 0 0 0 0 0 0 0 0 0 0 0 0 0 0 0 0 0 0 0 0 0 0 0 0 0 0 0 0 0 0 0 0 0 0 0 0 0 0 0 0 0 0 0 0 0 0 0 0 0 0 0 0 0 0 0 0 0 0 0 0 0 0 0 0 0 0 0 0 0 0 0 0 0 0 0 0 0 0 0 0 0 0 0 0 0 0 0 0 0 0 0 0 0 0 0 0 0 0 0 0 0 0 0 0 0 0 -1.295140183 -3.417419999 -6.685343016
242.655 0 0 0 0 0 0 0 0 0 0 0 0 0 0 0 0 0 0 0 0 0 0 0 0 0 0 0 0 0 0 0 0 0 0 0 0 0 0 0 0 0 0 0 0 0 0 0 0 0 0 0 0 0 0 0 0 0 0 0 0 0 0 0 0 0 0 0 0 0 0 0 0 0 0 0 0 0 0 0 0 0 0 0 0 0 0 0 0 0 0 0 0 0 0 0 0 0 0 0 0 0 0 0 0 0 0 0 0 0 0 0 0 0 0.127372219 1.585856344 4.128437097 12.39806833
245.844 0 0 0 0 0 0 0 0 0 0 0 0 0 0 0 0 0 0 0 0 0 0 0 0 0 0 0 0 0 0 0 0 0 0 0 0 0 0 0 0 0 0 0 0 0 0 0 0 0 0 0 0 0 0 0 0 0 0 0 0 0 0 0 0 0 0 0 0 0 0 0 0 0 0 0 0 0 0 0 0 0 0 0 0 0 0 0 0 0 0 0 0 0 0 0 0 0 0 0 0 0 0 0 0 0 0 0 0 0 0 0 0 -0.181912739 -0.217615836 -1.166858805 -7.248934861 -30.42424853
249.035 0 0 0 0 0 0 0 0 0 0 0 0 0 0 0 0 0 0 0 0 0 0 0 0 0 0 0 0 0 0 0 0 0 0 0 0 0 0 0 0 0 0 0 0 0 0 0 0 0 0 0 0 0 0 0 0 0 0 0 0 0 0 0 0 0 0 0 0 0 0 0 0 0 0 0 0 0 0 0 0 0 0 0 0 0 0 0 0 0 0 0 0 0 0 0 0 0 0 0 0 0 0 0 0 0 0 0 0 0 0 0 0.016734508 -0.18759934 -0.504116412 -0.510973972 10.15001734 3.79429994
252.228 0 0 0 0 0 0 0 0 0 0 0 0 0 0 0 0 0 0 0 0 0 0 0 0 0 0 0 0 0 0 0 0 0 0 0 0 0 0 0 0 0 0 0 0 0 0 0 0 0 0 0 0 0 0 0 0 0 0 0 0 0 0 0 0 0 0 0 0 0 0 0 0 0 0 0 0 0 0 0 0 0 0 0 0 0 0 0 0 0 0 0 0 0 0 0 0 0 0 0 0 0 0 0 0 0 0 0 0 0 0 0.027431635 0.081493711 0.069500722 0.498692965 0.518240843 9.629371256 18.90311978
255.423 0 0 0 0 0 0 0 0 0 0 0 0 0 0 0 0 0 0 0 0 0 0 0 0 0 0 0 0 0 0 0 0 0 0 0 0 0 0 0 0 0 0 0 0 0 0 0 0 0 0 0 0 0 0 0 0 0 0 0 0 0 0 0 0 0 0 0 0 0 0 0 0 0 0 0 0 0 0 0 0 0 0 0 0 0 0 0 0 0 0 0 0 0 0 0 0 0 0 0 0 0 0 0 0 0 0 0 0 0 -0.017132533 0.025642542 -0.019347248 -0.081476278 0.108312968 1.534158784 -1.180102 -0.787405854
258.621 0 0 0 0 0 0 0 0 0 0 0 0 0 0 0 0 0 0 0 0 0 0 0 0 0 0 0 0 0 0 0 0 0 0 0 0 0 0 0 0 0 0 0 0 0 0 0 0 0 0 0 0 0 0 0 0 0 0 0 0 0 0 0 0 0 0 0 0 0 0 0 0 0 0 0 0 0 0 0 0 0 0 0 0 0 0 0 0 0 0 0 0 0 0 0 0 0 0 0 0 0 0 0 0 0 0 0 0 0.002024171 -0.007288908 -0.007340275 -0.032226703 -0.132992904 -0.090742188 0.250913502 5.319618421 12.05269616
261.821 0 0 0 0 0 0 0 0 0 0 0 0 0 0 0 0 0 0 0 0 0 0 0 0 0 0 0 0 0 0 0 0 0 0 0 0 0 0 0 0 0 0 0 0 0 0 0 0 0 0 0 0 0 0 0 0 0 0 0 0 0 0 0 0 0 0 0 0 0 0 0 0 0 0 0 0 0 0 0 0 0 0 0 0 0 0 0 0 0 0 0 0 0 0 0 0 0 0 0 0 0 0 0 0 0 0 0 0.00886926 0.024586481 -0.023452491 0.006516564 0.034711596 -0.09729662 0.510219455 0.562674596 0.851937336 23.33289291
265.023 0 0 0 0 0 0 0 0 0 0 0 0 0 0 0 0 0 0 0 0 0 0 0 0 0 0 0 0 0 0 0 0 0 0 0 0 0 0 0 0 0 0 0 0 0 0 0 0 0 0 0 0 0 0 0 0 0 0 0 0 0 0 0 0 0 0 0 0 0 0 0 0 0 0 0 0 0 0 0 0 0 0 0 0 0 0 0 0 0 0 0 0 0 0 0 0 0 0 0 0 0 0 0 0 0 0 0.015034179 0.007272438 0.028999265 0.034544009 0.079241747 0.124744535 0.31593182 1.389806647 3.121184157 5.119092806 41.08852114
268.228 0 0 0 0 0 0 0 0 0 0 0 0 0 0 0 0 0 0 0 0 0 0 0 0 0 0 0 0 0 0 0 0 0 0 0 0 0 0 0 0 0 0 0 0 0 0 0 0 0 0 0 0 0 0 0 0 0 0 0 0 0 0 0 0 0 0 0 0 0 0 0 0 0 0 0 0 0 0 0 0 0 0 0 0 0 0 0 0 0 0 0 0 0 0 0 0 0 0 0 0 0 0 0 0 0 -0.017358173 -0.005209517 0.002068726 -0.030564931 -0.039908855 -0.056132208 -0.05219037 -0.045873082 -0.461918847 -2.418955379 -4.086106957 -10.71691699
271.434 0 0 0 0 0 0 0 0 0 0 0 0 0 0 0 0 0 0 0 0 0 0 0 0 0 0 0 0 0 0 0 0 0 0 0 0 0 0 0 0 0 0 0 0 0 0 0 0 0 0 0 0 0 0 0 0 0 0 0 0 0 0 0 0 0 0 0 0 0 0 0 0 0 0 0 0 0 0 0 0 0 0 0 0 0 0 0 0 0 0 0 0 0 0 0 0 0 0 0 0 0 0 0 0 0.002015427 0.007052311 -0.005228953 -0.003938054 -0.025196616 0.012584248 -0.022118716 -0.021954317 2.29e-05 0.400091259 0.501206784 -3.474723228 23.63949386
274.643 0 0 0 0 0 0 0 0 0 0 0 0 0 0 0 0 0 0 0 0 0 0 0 0 0 0 0 0 0 0 0 0 0 0 0 0 0 0 0 0 0 0 0 0 0 0 0 0 0 0 0 0 0 0 0 0 0 0 0 0 0 0 0 0 0 0 0 0 0 0 0 0 0 0 0 0 0 0 0 0 0 0 0 0 0 0 0 0 0 0 0 0 0 0 0 0 0 0 0 0 0 0 0 -0.000215 -0.007723998 -0.009039366 -0.015087123 -0.023548908 -0.004283517 0.002337487 0.019161824 -0.0602121 -0.13574494 -0.300175574 -1.529426294 -0.233241691 -18.40329185
277.854 0 0 0 0 0 0 0 0 0 0 0 0 0 0 0 0 0 0 0 0 0 0 0 0 0 0 0 0 0 0 0 0 0 0 0 0 0 0 0 0 0 0 0 0 0 0 0 0 0 0 0 0 0 0 0 0 0 0 0 0 0 0 0 0 0 0 0 0 0 0 0 0 0 0 0 0 0 0 0 0 0 0 0 0 0 0 0 0 0 0 0 0 0 0 0 0 0 0 0 0 0 0 0.003386502 -0.002239036 0.000936 -0.010239085 -0.003747307 -0.018862118 -0.007851637 0.002182957 0.007045847 -0.022340049 -0.170608308 -0.337126864 0.625330693 3.05546972 -25.92184639
281.068 0 0 0 0 0 0 0 0 0 0 0 0 0 0 0 0 0 0 0 0 0 0 0 0 0 0 0 0 0 0 0 0 0 0 0 0 0 0 0 0 0 0 0 0 0 0 0 0 0 0 0 0 0 0 0 0 0 0 0 0 0 0 0 0 0 0 0 0 0 0 0 0 0 0 0 0 0 0 0 0 0 0 0 0 0 0 0 0 0 0 0 0 0 0 0 0 0 0 0 0 0 0.007749562 0.013221487 0.012857872 0.001950102 -0.011693047 0.008638739 -0.006678001 0.016847184 0.051720278 0.001758982 0.003125285 0.040771863 0.441552225 0.683325099 -4.921994133 23.95356633
284.283 0 0 0 0 0 0 0 0 0 0 0 0 0 0 0 0 0 0 0 0 0 0 0 0 0 0 0 0 0 0 0 0 0 0 0 0 0 0 0 0 0 0 0 0 0 0 0 0 0 0 0 0 0 0 0 0 0 0 0 0 0 0 0 0 0 0 0 0 0 0 0 0 0 0 0 0 0 0 0 0 0 0 0 0 0 0 0 0 0 0 0 0 0 0 0 0 0 0 0 0 0.011886377 0.006450772 0.00156126 -0.005765133 -0.00159114 0.008768367 0.00792475 0.001673037 -0.000697 0.021270252 0.012068857 0.006140871 0.03996861 -0.087809951 -0.227557043 -0.007662957 20.90703016
287.501 0 0 0 0 0 0 0 0 0 0 0 0 0 0 0 0 0 0 0 0 0 0 0 0 0 0 0 0 0 0 0 0 0 0 0 0 0 0 0 0 0 0 0 0 0 0 0 0 0 0 0 0 0 0 0 0 0 0 0 0 0 0 0 0 0 0 0 0 0 0 0 0 0 0 0 0 0 0 0 0 0 0 0 0 0 0 0 0 0 0 0 0 0 0 0 0 0 0 0 0.025484936 0.024425109 0.023036711 0.011648211 0.008953372 0.005707895 0.032631729 0.022416088 0.048409914 0.055789022 0.070637174 0.071625662 0.17709349 0.272654269 0.569767001 1.497527615 2.301872111 20.72044005
290.72 0 0 0 0 0 0 0 0 0 0 0 0 0 0 0 0 0 0 0 0 0 0 0 0 0 0 0 0 0 0 0 0 0 0 0 0 0 0 0 0 0 0 0 0 0 0 0 0 0 0 0 0 0 0 0 0 0 0 0 0 0 0 0 0 0 0 0 0 0 0 0 0 0 0 0 0 0 0 0 0 0 0 0 0 0 0 0 0 0 0 0 0 0 0 0 0 0 0 0.023981295 0.027539015 0.028374547 0.018064589 0.014072467 0.011230786 0.02695832 0.02933691 0.044402542 0.045015261 0.05695079 0.082859423 0.097254788 0.082569239 0.202518309 0.102279557 0.600872951 11.504366 4.437623433
293.942 0 0 0 0 0 0 0 0 0 0 0 0 0 0 0 0 0 0 0 0 0 0 0 0 0 0 0 0 0 0 0 0 0 0 0 0 0 0 0 0 0 0 0 0 0 0 0 0 0 0 0 0 0 0 0 0 0 0 0 0 0 0 0 0 0 0 0 0 0 0 0 0 0 0 0 0 0 0 0 0 0 0 0 0 0 0 0 0 0 0 0 0 0 0 0 0 0 0.023320004 0.025959763 0.029288965 0.035727484 0.027596515 0.018546458 0.03013925 0.031060121 0.041073571 0.048868205 0.04587496 0.065812264 0.049046536 0.085983432 0.033242401 0.064442347 0.184119624 1.451006449 1.778124381 5.251972906
297.166 0 0 0 0 0 0 0 0 0 0 0 0 0 0 0 0 0 0 0 0 0 0 0 0 0 0 0 0 0 0 0 0 0 0 0 0 0 0 0 0 0 0 0 0 0 0 0 0 0 0 0 0 0 0 0 0 0 0 0 0 0 0 0 0 0 0 0 0 0 0 0 0 0 0 0 0 0 0 0 0 0 0 0 0 0 0 0 0 0 0 0 0 0 0 0 0 0.026276449 0.031819688 0.040698557 0.039150714 0.029014639 0.027966356 0.028126026 0.042073682 0.044358709 0.045959784 0.054503863 0.071966448 0.084124622 0.089758193 0.10442432 0.080127444 0.362353688 0.461704216 1.751095501 -2.852643461 -2.563235624
300.392 0 0 0 0 0 0 0 0 0 0 0 0 0 0 0 0 0 0 0 0 0 0 0 0 0 0 0 0 0 0 0 0 0 0 0 0 0 0 0 0 0 0 0 0 0 0 0 0 0 0 0 0 0 0 0 0 0 0 0 0 0 0 0 0 0 0 0 0 0 0 0 0 0 0 0 0 0 0 0 0 0 0 0 0 0 0 0 0 0 0 0 0 0 0 0 0.016472552 0.022687621 0.035487295 0.038960213 0.035049941 0.040021095 0.035358026 0.038097904 0.04036817 0.049678771 0.059200509 0.07734704 0.087491372 0.072068168 0.089225978 0.082804975 0.088788131 -0.012101471 -0.327137272 -1.263027479 1.96614886 -14.54362024
303.62 0 0 0 0 0 0 0 0 0 0 0 0 0 0 0 0 0 0 0 0 0 0 0 0 0 0 0 0 0 0 0 0 0 0 0 0 0 0 0 0 0 0 0 0 0 0 0 0 0 0 0 0 0 0 0 0 0 0 0 0 0 0 0 0 0 0 0 0 0 0 0 0 0 0 0 0 0 0 0 0 0 0 0 0 0 0 0 0 0 0 0 0 0 0 0.015280365 0.020216451 0.031241766 0.04013842 0.04229383 0.040689652 0.035942368 0.042840818 0.036038039 0.048986708 0.045190144 0.04419012 0.065055401 0.095025467 0.085911738 0.109706785 0.104896487 0.135209404 -0.03095609 -0.227948535 -1.574901993 -1.518095626 -21.31272478
306.85 0 0 0 0 0 0 0 0 0 0 0 0 0 0 0 0 0 0 0 0 0 0 0 0 0 0 0 0 0 0 0 0 0 0 0 0 0 0 0 0 0 0 0 0 0 0 0 0 0 0 0 0 0 0 0 0 0 0 0 0 0 0 0 0 0 0 0 0 0 0 0 0 0 0 0 0 0 0 0 0 0 0 0 0 0 0 0 0 0 0 0 0 0 0.013450262 0.015343516 0.027471325 0.036434206 0.043413027 0.036597135 0.041896582 0.049937114 0.04894037 0.050946757 0.050820583 0.054979368 0.078972617 0.083098141 0.094442036 0.131037223 0.119125505 0.134533841 0.156451551 0.094500651 0.344532681 2.209460111 -0.657107662 22.24095056
310.082 0 0 0 0 0 0 0 0 0 0 0 0 0 0 0 0 0 0 0 0 0 0 0 0 0 0 0 0 0 0 0 0 0 0 0 0 0 0 0 0 0 0 0 0 0 0 0 0 0 0 0 0 0 0 0 0 0 0 0 0 0 0 0 0 0 0 0 0 0 0 0 0 0 0 0 0 0 0 0 0 0 0 0 0 0 0 0 0 0 0 0 0 0.006368748 0.010049785 0.01805496 0.023811227 0.027917167 0.042696376 0.040868805 0.050210948 0.046153703 0.045873893 0.040304471 0.039136482 0.046934851 0.057535745 0.072213376 0.089875323 0.084865438 0.100092255 0.071468989 -0.017230313 -0.005857914 -0.032201133 -0.733143559 -9.561379746 -20.49472917
313.316 0 0 0 0 0 0 0 0 0 0 0 0 0 0 0 0 0 0 0 0 0 0 0 0 0 0 0 0 0 0 0 0 0 0 0 0 0 0 0 0 0 0 0 0 0 0 0 0 0 0 0 0 0 0 0 0 0 0 0 0 0 0 0 0 0 0 0 0 0 0 0 0 0 0 0 0 0 0 0 0 0 0 0 0 0 0 0 0 0 0 0 0.009812918 0.011261425 0.015828955 0.022298451 0.028688016 0.035319436 0.036309845 0.044533693 0.057958934 0.052315277 0.050238905 0.045505327 0.044699038 0.05358321 0.068224594 0.084193827 0.101317126 0.098200957 0.10758081 0.075089666 0.130509159 0.095356546 -0.246237461 -0.902213432 -2.845745115 -13.74145945
316.553 0 0 0 0 0 0 0 0 0 0 0 0 0 0 0 0 0 0 0 0 0 0 0 0 0 0 0 0 0 0 0 0 0 0 0 0 0 0 0 0 0 0 0 0 0 0 0 0 0 0 0 0 0 0 0 0 0 0 0 0 0 0 0 0 0 0 0 0 0 0 0 0 0 0 0 0 0 0 0 0 0 0 0 0 0 0 0 0 0 0 0.010399542 0.009174482 0.012590828 0.01971189 0.026075585 0.029709326 0.044624459 0.057646732 0.060821924 0.062858635 0.058375381 0.060887031 0.055068953 0.058894687 0.075546321 0.084277745 0.100388556 0.124658974 0.129524535 0.132047305 0.1825013 0.170659048 0.236878009 0.464099584 0.639591759 2.217172172 -1.746985375
319.791 0 0 0 0 0 0 0 0 0 0 0 0 0 0 0 0 0 0 0 0 0 0 0 0 0 0 0 0 0 0 0 0 0 0 0 0 0 0 0 0 0 0 0 0 0 0 0 0 0 0 0 0 0 0 0 0 0 0 0 0 0 0 0 0 0 0 0 0 0 0 0 0 0 0 0 0 0 0 0 0 0 0 0 0 0 0 0 0 0 0.007409081 0.008290531 0.00838735 0.016544253 0.01669797 0.027925223 0.032407511 0.038438624 0.048337414 0.056412388 0.053285242 0.051392574 0.05445362 0.051075781 0.052031228 0.054402276 0.070546691 0.094144792 0.111480724 0.110066576 0.132635781 0.109009408 0.108185085 0.148073992 -0.050802805 -0.217242969 -0.445989806 -28.76653395
323.031 0 0 0 0 0 0 0 0 0 0 0 0 0 0 0 0 0 0 0 0 0 0 0 0 0 0 0 0 0 0 0 0 0 0 0 0 0 0 0 0 0 0 0 0 0 0 0 0 0 0 0 0 0 0 0 0 0 0 0 0 0 0 0 0 0 0 0 0 0 0 0 0 0 0 0 0 0 0 0 0 0 0 0 0 0 0 0 0 0.010456205 0.0085372 0.017076907 0.014277536 0.017565709 0.026833696 0.033914468 0.039835793 0.046980068 0.058634445 0.059882667 0.061509929 0.058286463 0.064994558 0.058387946 0.065207829 0.06630034 0.072586322 0.095609011 0.117841878 0.116244777 0.147337769 0.123653786 0.151152457 0.224105775 0.718713054 0.878869673 6.807970092 16.96815225
326.273 0 0 0 0 0 0 0 0 0 0 0 0 0 0 0 0 0 0 0 0 0 0 0 0 0 0 0 0 0 0 0 0 0 0 0 0 0 0 0 0 0 0 0 0 0 0 0 0 0 0 0 0 0 0 0 0 0 0 0 0 0 0 0 0 0 0 0 0 0 0 0 0 0 0 0 0 0 0 0 0 0 0 0 0 0 0 0 0.008166908 0.00883624 0.010059503 0.015674536 0.018922494 0.021759547 0.028802726 0.036011476 0.043266251 0.055888805 0.061338222 0.068658252 0.063604574 0.062890922 0.06286702 0.060804866 0.068159177 0.058883891 0.073469942 0.098935031 0.096854112 0.142543024 0.116907361 0.138972981 0.189582059 0.047747234 0.211427706 0.452280714 -4.656276614 -22.00152634
329.517 0 0 0 0 0 0 0 0 0 0 0 0 0 0 0 0 0 0 0 0 0 0 0 0 0 0 0 0 0 0 0 0 0 0 0 0 0 0 0 0 0 0 0 0 0 0 0 0 0 0 0 0 0 0 0 0 0 0 0 0 0 0 0 0 0 0 0 0 0 0 0 0 0 0 0 0 0 0 0 0 0 0 0 0 0 0 0.008454162 0.007937976 0.008608324 0.016139875 0.018637737 0.021720314 0.025908278 0.030036116 0.039079266 0.05008656 0.056276019 0.059248544 0.061487483 0.062713298 0.066537414 0.06246377 0.057237622 0.058563303 0.063833568 0.078356799 0.085699296 0.104219072 0.127573318 0.12903807 0.092092984 0.157876696 0.151658931 0.518557043 0.284948738 4.264942234 6.528562521
332.763 0 0 0 0 0 0 0 0 0 0 0 0 0 0 0 0 0 0 0 0 0 0 0 0 0 0 0 0 0 0 0 0 0 0 0 0 0 0 0 0 0 0 0 0 0 0 0 0 0 0 0 0 0 0 0 0 0 0 0 0 0 0 0 0 0 0 0 0 0 0 0 0 0 0 0 0 0 0 0 0 0 0 0 0 0 0.010736645 0.012687789 0.014824001 0.015001957 0.017527976 0.024072757 0.0247729 0.028887265 0.033349716 0.044275092 0.055780695 0.062626187 0.070218106 0.068706952 0.071399374 0.066480894 0.058295025 0.059144292 0.065262965 0.075014397 0.082871521 0.101795185 0.101168287 0.125465539 0.115189865 0.096823268 0.163331303 0.279200194 -0.037441214 1.103177661 3.363862853 -17.05810307
336.011 0 0 0 0 0 0 0 0 0 0 0 0 0 0 0 0 0 0 0 0 0 0 0 0 0 0 0 0 0 0 0 0 0 0 0 0 0 0 0 0 0 0 0 0 0 0 0 0 0 0 0 0 0 0 0 0 0 0 0 0 0 0 0 0 0 0 0 0 0 0 0 0 0 0 0 0 0 0 0 0 0 0 0 0 0.006710532 0.007749014 0.013116121 0.011904742 0.01758151 0.019590961 0.024267419 0.028515304 0.031138647 0.039450328 0.048267649 0.055383461 0.054009349 0.06007184 0.066068254 0.065575226 0.06160487 0.060973657 0.048472185 0.054340079 0.057765487 0.074040472 0.084942103 0.098708244 0.094248912 0.120037218 0.124153275 0.144351054 -0.041537756 0.27398848 0.23209842 -3.87062795 -4.729464176
339.261 0 0 0 0 0 0 0 0 0 0 0 0 0 0 0 0 0 0 0 0 0 0 0 0 0 0 0 0 0 0 0 0 0 0 0 0 0 0 0 0 0 0 0 0 0 0 0 0 0 0 0 0 0 0 0 0 0 0 0 0 0 0 0 0 0 0 0 0 0 0 0 0 0 0 0 0 0 0 0 0 0 0 0 0.007751549 0.007809804 0.012356364 0.016638439 0.02103578 0.020863071 0.022434747 0.021354528 0.035282436 0.039742021 0.046631228 0.05300134 0.063270515 0.071652733 0.067776009 0.072240552 0.066455396 0.068971843 0.065602306 0.062127076 0.062132881 0.071136752 0.080722355 0.095722981 0.099892599 0.09883944 0.086852268 0.169267556 0.098639933 0.231588018 0.09205091 1.172750154 -6.756383817 24.70276143
342.512 0 0 0 0 0 0 0 0 0 0 0 0 0 0 0 0 0 0 0 0 0 0 0 0 0 0 0 0 0 0 0 0 0 0 0 0 0 0 0 0 0 0 0 0 0 0 0 0 0 0 0 0 0 0 0 0 0 0 0 0 0 0 0 0 0 0 0 0 0 0 0 0 0 0 0 0 0 0 0 0 0 0 0.00994731 0.00940484 0.012234676 0.015883654 0.018501577 0.024966584 0.025528185 0.026101893 0.029729521 0.037879376 0.046325211 0.051277759 0.055921323 0.066427602 0.066144225 0.073692587 0.0687511 0.072081654 0.07091926 0.063743569 0.072318294 0.077945888 0.071990503 0.072606179 0.090048297 0.109715238 0.122665529 0.157367023 0.108564139 0.076098793 0.240092245 0.403838192 1.180110734 0.009635798 1.947799313
345.766 0 0 0 0 0 0 0 0 0 0 0 0 0 0 0 0 0 0 0 0 0 0 0 0 0 0 0 0 0 0 0 0 0 0 0 0 0 0 0 0 0 0 0 0 0 0 0 0 0 0 0 0 0 0 0 0 0 0 0 0 0 0 0 0 0 0 0 0 0 0 0 0 0 0 0 0 0 0 0 0 0 0.009639817 0.010660627 0.014482002 0.015302013 0.019160547 0.021674048 0.028978342 0.028306119 0.028627528 0.037541352 0.039453053 0.048653232 0.053647534 0.060129664 0.066344065 0.073055821 0.069725011 0.071943513 0.071199354 0.063945644 0.063260652 0.062678745 0.066853074 0.062436526 0.072198098 0.082598175 0.112363864 0.096269682 0.14193431 0.144191096 0.176094079 0.022061933 0.148083958 -0.11303061 3.671110291 -1.906024026
349.021 0 0 0 0 0 0 0 0 0 0 0 0 0 0 0 0 0 0 0 0 0 0 0 0 0 0 0 0 0 0 0 0 0 0 0 0 0 0 0 0 0 0 0 0 0 0 0 0 0 0 0 0 0 0 0 0 0 0 0 0 0 0 0 0 0 0 0 0 0 0 0 0 0 0 0 0 0 0 0 0 0.009608495 0.008071249 0.014991018 0.017426542 0.02180452 0.020500464 0.027908161 0.032269762 0.030190199 0.036228703 0.043725483 0.045907829 0.050476795 0.056206542 0.058585983 0.065057714 0.070533848 0.068325669 0.070771363 0.071306219 0.072529472 0.069048015 0.062819646 0.066965194 0.069363548 0.076051213 0.087245223 0.082597719 0.106857847 0.111852221 0.059378195 0.064089972 0.158577652 0.03765671 -0.119189043 -9.434993526 -9.765218454
352.278 0 0 0 0 0 0 0 0 0 0 0 0 0 0 0 0 0 0 0 0 0 0 0 0 0 0 0 0 0 0 0 0 0 0 0 0 0 0 0 0 0 0 0 0 0 0 0 0 0 0 0 0 0 0 0 0 0 0 0 0 0 0 0 0 0 0 0 0 0 0 0 0 0 0 0 0 0 0 0 0.011255963 0.012384264 0.014393135 0.018193556 0.020485228 0.023824382 0.02727357 0.031170597 0.031832171 0.038484933 0.042162461 0.047033925 0.049428987 0.055291543 0.059145406 0.064406805 0.074162941 0.072520751 0.073570249 0.075719654 0.068456059 0.070769477 0.06119294 0.063536254 0.058498114 0.072242457 0.086264518 0.093398906 0.095781843 0.08602553 0.093106392 0.160189877 0.123569849 0.205183126 -0.475719558 -1.532747868 -5.318094767 -33.77630984
355.537 0 0 0 0 0 0 0 0 0 0 0 0 0 0 0 0 0 0 0 0 0 0 0 0 0 0 0 0 0 0 0 0 0 0 0 0 0 0 0 0 0 0 0 0 0 0 0 0 0 0 0 0 0 0 0 0 0 0 0 0 0 0 0 0 0 0 0 0 0 0 0 0 0 0 0 0 0 0 0.013733207 0.013885822 0.018033358 0.021781967 0.022361159 0.026998749 0.028674647 0.034835076 0.033994916 0.041418909 0.046294347 0.051931018 0.052726984 0.058508024 0.061929458 0.068859747 0.070362956 0.075746957 0.082691673 0.077098462 0.07891574 0.085685046 0.079208202 0.080502375 0.087039701 0.089040586 0.095969307 0.11091653 0.113475823 0.146625846 0.130554585 0.165304434 0.198806875 0.139528984 0.395219481 0.600299773 1.429671303 4.104148297 12.08852283
358.798 0 0 0 0 0 0 0 0 0 0 0 0 0 0 0 0 0 0 0 0 0 0 0 0 0 0 0 0 0 0 0 0 0 0 0 0 0 0 0 0 0 0 0 0 0 0 0 0 0 0 0 0 0 0 0 0 0 0 0 0 0 0 0 0 0 0 0 0 0 0 0 0 0 0 0 0 0 0.013922701 0.013753573 0.016605335 0.019286348 0.022597121 0.024878356 0.029881832 0.033548151 0.036128294 0.041762554 0.044536656 0.048420728 0.053164549 0.056508944 0.062770254 0.065581901 0.063163798 0.06960159 0.075293845 0.08456292 0.082175368 0.077254762 0.075861621 0.071240889 0.068652537 0.07539479 0.091461695 0.08180352 0.100192829 0.115240738 0.116794459 0.127212371 0.109951084 0.069855796 0.091903575 0.128371546 0.019659136 -0.945521844 -5.973012491 -34.6788942
362.061 0 0 0 0 0 0 0 0 0 0 0 0 0 0 0 0 0 0 0 0 0 0 0 0 0 0 0 0 0 0 0 0 0 0 0 0 0 0 0 0 0 0 0 0 0 0 0 0 0 0 0 0 0 0 0 0 0 0 0 0 0 0 0 0 0 0 0 0 0 0 0 0 0 0 0 0 0.008990355 0.013930201 0.018413456 0.019505792 0.022666278 0.026783102 0.030448375 0.034786058 0.044269292 0.042535975 0.046823273 0.056947795 0.053548197 0.062036704 0.059836224 0.061079946 0.070570078 0.07919479 0.077589822 0.080342195 0.082926588 0.079530862 0.080821413 0.081209193 0.08238646 0.089315448 0.08520608 0.09466856 0.096163843 0.106180215 0.121110595 0.134859316 0.166975039 0.140076868 0.097985403 0.132048661 0.289799611 0.08082232 0.073081482 -3.666580708 -32.94097859
365.325 0 0 0 0 0 0 0 0 0 0 0 0 0 0 0 0 0 0 0 0 0 0 0 0 0 0 0 0 0 0 0 0 0 0 0 0 0 0 0 0 0 0 0 0 0 0 0 0 0 0 0 0 0 0 0 0 0 0 0 0 0 0 0 0 0 0 0 0 0 0 0 0 0 0 0 0.011085113 0.011765401 0.015483028 0.020840012 0.024697258 0.027578098 0.035492362 0.037165359 0.04448445 0.048856732 0.048554755 0.053997642 0.057941081 0.064086269 0.065749079 0.068397108 0.073310846 0.075665464 0.078086061 0.078890841 0.085640634 0.088138412 0.084307613 0.089999286 0.087229315 0.090512331 0.0996886 0.095340341 0.100649646 0.117818186 0.109910393 0.133137127 0.153896783 0.174628799 0.184591655 0.151492888 0.207755789 0.191556718 0.318119089 0.317356134 3.155132002 21.78263808
368.591 0 0 0 0 0 0 0 0 0 0 0 0 0 0 0 0 0 0 0 0 0 0 0 0 0 0 0 0 0 0 0 0 0 0 0 0 0 0 0 0 0 0 0 0 0 0 0 0 0 0 0 0 0 0 0 0 0 0 0 0 0 0 0 0 0 0 0 0 0 0 0 0 0 0 0.00891995 0.011251692 0.015708096 0.020699734 0.024894307 0.029915561 0.033573398 0.041158732 0.045713595 0.046237616 0.052991794 0.056039231 0.061230282 0.066867524 0.068742971 0.073122865 0.076299984 0.077666169 0.08042121 0.085674113 0.082198013 0.089806812 0.092262479 0.091608372 0.090738394 0.090959523 0.094671474 0.105230089 0.11052329 0.116795659 0.11295628 0.123600594 0.131158782 0.164043394 0.166047343 0.159568301 0.228821903 0.126049622 0.246093173 -0.118185509 0.6463166 2.382912735 -5.19470009
371.859 0 0 0 0 0 0 0 0 0 0 0 0 0 0 0 0 0 0 0 0 0 0 0 0 0 0 0 0 0 0 0 0 0 0 0 0 0 0 0 0 0 0 0 0 0 0 0 0 0 0 0 0 0 0 0 0 0 0 0 0 0 0 0 0 0 0 0 0 0 0 0 0 0 0.010124582 0.012988811 0.017263733 0.023167074 0.026636135 0.032405851 0.036353246 0.040441505 0.043825398 0.047567295 0.055935351 0.064429883 0.064830708 0.07046075 0.072480124 0.073403151 0.07968082 0.082027994 0.085984628 0.085383756 0.08947334 0.091923292 0.094090412 0.097589959 0.096706287 0.102121952 0.105729624 0.106867308 0.108687168 0.120932073 0.121622552 0.12818727 0.157259978 0.163506391 0.166238033 0.184610414 0.229433443 0.213413735 0.20148752 0.484846477 0.838888592 1.150078776 1.844627151 19.80506525
375.128 0 0 0 0 0 0 0 0 0 0 0 0 0 0 0 0 0 0 0 0 0 0 0 0 0 0 0 0 0 0 0 0 0 0 0 0 0 0 0 0 0 0 0 0 0 0 0 0 0 0 0 0 0 0 0 0 0 0 0 0 0 0 0 0 0 0 0 0 0 0 0 0 0.006922544 0.012320328 0.014741908 0.017890161 0.025913728 0.032493533 0.037805599 0.038961294 0.044694614 0.054763874 0.057677607 0.06014789 0.065054405 0.070957199 0.076291735 0.079512033 0.083659026 0.085701238 0.087957413 0.090559458 0.092223555 0.094793699 0.099604446 0.100217268 0.102500305 0.098218218 0.101810414 0.107937682 0.111783491 0.117112374 0.121343857 0.124890148 0.139068402 0.145488872 0.152250909 0.15646313 0.211835311 0.186213248 0.232080536 0.292569134 0.486779328 0.541450282 0.259229682 2.128257418 13.60180418
378.399 0 0 0 0 0 0 0 0 0 0 0 0 0 0 0 0 0 0 0 0 0 0 0 0 0 0 0 0 0 0 0 0 0 0 0 0 0 0 0 0 0 0 0 0 0 0 0 0 0 0 0 0 0 0 0 0 0 0 0 0 0 0 0 0 0 0 0 0 0 0 0 0.009203406 0.009252264 0.01277034 0.018724603 0.021791802 0.028974775 0.03338195 0.038200085 0.042632111 0.048588981 0.05733472 0.059049226 0.066093262 0.070078784 0.077893046 0.07749506 0.081594341 0.08779417 0.088315578 0.091422519 0.09299405 0.095214621 0.09817658 0.097059868 0.099778668 0.101064415 0.099924177 0.1038214 0.103373919 0.115780586 0.118946028 0.119987712 0.131117088 0.132765354 0.136444279 0.155033525 0.173885352 0.209408363 0.183343712 0.156277621 0.135088647 -0.113769385 -8.01e-05 -0.69975958 3.144837869 -24.76296255
381.672 0 0 0 0 0 0 0 0 0 0 0 0 0 0 0 0 0 0 0 0 0 0 0 0 0 0 0 0 0 0 0 0 0 0 0 0 0 0 0 0 0 0 0 0 0 0 0 0 0 0 0 0 0 0 0 0 0 0 0 0 0 0 0 0 0 0 0 0 0 0 0.006805643 0.011792535 0.014534861 0.015865795 0.019813339 0.027248221 0.031272513 0.039551353 0.048539981 0.050594642 0.060645886 0.061874611 0.069009338 0.0753627 0.079133761 0.080456692 0.088698775 0.087696889 0.092168171 0.091541817 0.096639326 0.098028043 0.099657596 0.101016883 0.107427819 0.104594925 0.106855747 0.107477975 0.112234594 0.108112069 0.117218935 0.126669455 0.122041785 0.139877651 0.139288886 0.160435009 0.172449129 0.188643339 0.165860339 0.172304518 0.150415794 0.064356039 0.099658315 -0.195439527 0.765137639 -3.123198734 -2.055325885
384.947 0 0 0 0 0 0 0 0 0 0 0 0 0 0 0 0 0 0 0 0 0 0 0 0 0 0 0 0 0 0 0 0 0 0 0 0 0 0 0 0 0 0 0 0 0 0 0 0 0 0 0 0 0 0 0 0 0 0 0 0 0 0 0 0 0 0 0 0 0 0.007541158 0.008374331 0.013096137 0.013958469 0.022824867 0.027853987 0.032975277 0.03920754 0.042711146 0.052558668 0.056438209 0.06090493 0.068827607 0.07509988 0.0818586 0.082637986 0.087662902 0.08956521 0.093947639 0.096165866 0.102476221 0.104458299 0.107226423 0.107150868 0.111031715 0.104934076 0.111884328 0.109572018 0.110085714 0.118071216 0.106083267 0.118407642 0.131604503 0.137052419 0.149710979 0.139816782 0.175751539 0.173363639 0.189409744 0.227447485 0.218029101 0.194189276 0.321305414 0.362654776 0.334154272 -0.373076487 -6.495961287 -16.341928
388.223 0 0 0 0 0 0 0 0 0 0 0 0 0 0 0 0 0 0 0 0 0 0 0 0 0 0 0 0 0 0 0 0 0 0 0 0 0 0 0 0 0 0 0 0 0 0 0 0 0 0 0 0 0 0 0 0 0 0 0 0 0 0 0 0 0 0 0 0 0.008978501 0.009658744 0.014857648 0.017232538 0.020366313 0.026840744 0.033009641 0.037011779 0.044711696 0.052215565 0.054409239 0.065327517 0.069382518 0.075139935 0.079471095 0.084237303 0.090029318 0.094714531 0.096208791 0.102527977 0.097437043 0.1016828 0.105876678 0.106017969 0.107145889 0.109247311 0.109973381 0.115267377 0.116385128 0.116685998 0.119077137 0.114458996 0.125591669 0.126680548 0.132430258 0.137126294 0.154463129 0.168710907 0.18574526 0.206944532 0.209833127 0.193239094 0.224661781 0.171760598 0.1949353 0.330687576 0.06548458 7.482552397 -10.10162633
391.5 0 0 0 0 0 0 0 0 0 0 0 0 0 0 0 0 0 0 0 0 0 0 0 0 0 0 0 0 0 0 0 0 0 0 0 0 0 0 0 0 0 0 0 0 0 0 0 0 0 0 0 0 0 0 0 0 0 0 0 0 0 0 0 0 0 0 0 0.01061882 0.011067746 0.015292247 0.017902054 0.024032644 0.028967495 0.031942115 0.039688099 0.042890698 0.052995594 0.058663167 0.063895069 0.068866773 0.078482188 0.081836729 0.08614617 0.089790072 0.096191009 0.098287135 0.102717597 0.105444005 0.108261565 0.11525956 0.111061987 0.110343991 0.113510653 0.114225963 0.115328304 0.112971458 0.118534023 0.120668902 0.129181352 0.119486837 0.128326378 0.137605287 0.154075908 0.162676812 0.164255568 0.185980752 0.202877874 0.211138604 0.205085186 0.238389006 0.261643929 0.315203335 0.542485061 1.029275559 1.834687617 5.064060777 17.879658
394.78 0 0 0 0 0 0 0 0 0 0 0 0 0 0 0 0 0 0 0 0 0 0 0 0 0 0 0 0 0 0 0 0 0 0 0 0 0 0 0 0 0 0 0 0 0 0 0 0 0 0 0 0 0 0 0 0 0 0 0 0 0 0 0 0 0 0 0.011033788 0.011893122 0.014994459 0.018354768 0.023089037 0.027381829 0.03142953 0.035040997 0.044255398 0.04876002 0.058210902 0.06162411 0.069484333 0.078012323 0.082903013 0.089468439 0.090997315 0.095035505 0.10191542 0.102560421 0.1077045 0.111803674 0.111867402 0.113078123 0.114552183 0.115217098 0.119004576 0.117439093 0.116138669 0.118915727 0.126181939 0.120596381 0.125082489 0.132473772 0.133129009 0.138841604 0.153511151 0.15564213 0.159698685 0.182827455 0.2009305 0.226760394 0.22912233 0.223300177 0.254863052 0.242386404 0.240908349 0.380408933 0.189097238 -0.99952427 11.85961566
398.061 0 0 0 0 0 0 0 0 0 0 0 0 0 0 0 0 0 0 0 0 0 0 0 0 0 0 0 0 0 0 0 0 0 0 0 0 0 0 0 0 0 0 0 0 0 0 0 0 0 0 0 0 0 0 0 0 0 0 0 0 0 0 0 0 0 0.006526599 0.008571788 0.010439826 0.018613704 0.02018716 0.027203799 0.030701428 0.037382386 0.041153485 0.047125811 0.055420809 0.06099446 0.066142501 0.071363065 0.080207676 0.086623028 0.095164089 0.094474775 0.10109205 0.100947424 0.105935867 0.107406401 0.113866756 0.114175626 0.115650921 0.11544806 0.116654407 0.121590075 0.114944753 0.115423915 0.117869529 0.121813156 0.122780507 0.118391071 0.130752162 0.135434755 0.145159861 0.152663218 0.153816022 0.17305705 0.181404425 0.200342846 0.212141523 0.222535242 0.266354447 0.248066212 0.229102829 0.424956287 0.768073732 1.744903847 -2.230417638 -0.017901497
401.343 0 0 0 0 0 0 0 0 0 0 0 0 0 0 0 0 0 0 0 0 0 0 0 0 0 0 0 0 0 0 0 0 0 0 0 0 0 0 0 0 0 0 0 0 0 0 0 0 0 0 0 0 0 0 0 0 0 0 0 0 0 0 0 0 0.005919886 0.007757398 0.01278623 0.015153887 0.019812996 0.02455832 0.026820059 0.032111246 0.04138453 0.046326653 0.052093905 0.060242273 0.067740349 0.073398961 0.078601362 0.085497855 0.089524285 0.092579394 0.098145743 0.100422907 0.104006915 0.105015277 0.110290624 0.114580798 0.117011905 0.117819587 0.116938744 0.113377018 0.120182324 0.117234496 0.122373307 0.121748817 0.122267093 0.126825991 0.126594442 0.123614347 0.129283709 0.135417074 0.142917593 0.159404427 0.165032219 0.179309721 0.195842522 0.209144604 0.216928356 0.213585459 0.188605437 0.22012865 0.377679393 -0.165021578 -1.185415381 -6.396108923 -14.44275065
404.627 0 0 0 0 0 0 0 0 0 0 0 0 0 0 0 0 0 0 0 0 0 0 0 0 0 0 0 0 0 0 0 0 0 0 0 0 0 0 0 0 0 0 0 0 0 0 0 0 0 0 0 0 0 0 0 0 0 0 0 0 0 0 0 0.007370415 0.009589753 0.011019517 0.014586695 0.019621167 0.022412562 0.026544043 0.033084019 0.040569201 0.045769344 0.053290141 0.059665796 0.063770055 0.071480888 0.080712754 0.08405222 0.089196095 0.096085937 0.098444265 0.103807685 0.10878736 0.108539988 0.11138917 0.117273751 0.11825293 0.118944311 0.123483196 0.122458289 0.120143336 0.120750379 0.121175596 0.122410478 0.118421166 0.128335127 0.12413833 0.13077807 0.130246541 0.136371726 0.139943903 0.144446753 0.167140123 0.169165349 0.189550012 0.195920912 0.201552566 0.232041588 0.256576461 0.235058273 0.311872415 0.191836608 0.18542899 1.955954556 -3.433586022 -8.645896686
407.912 0 0 0 0 0 0 0 0 0 0 0 0 0 0 0 0 0 0 0 0 0 0 0 0 0 0 0 0 0 0 0 0 0 0 0 0 0 0 0 0 0 0 0 0 0 0 0 0 0 0 0 0 0 0 0 0 0 0 0 0 0 0 0.008506054 0.007893218 0.011577642 0.012336544 0.017759331 0.020957925 0.024409468 0.030497748 0.036946544 0.043538195 0.049885973 0.054155713 0.058921539 0.066787313 0.074809245 0.081995724 0.086874801 0.093117481 0.095889327 0.099772103 0.105911467 0.109048112 0.113168573 0.11534237 0.116713557 0.11559307 0.123404411 0.118057368 0.1205568 0.118932633 0.121884535 0.122691511 0.120140831 0.124070139 0.127229482 0.128289334 0.130152104 0.131987612 0.136287959 0.133808125 0.152595281 0.157740818 0.172536231 0.190400303 0.19325607 0.202835195 0.22714102 0.206138389 0.21775339 0.270876979 0.353215109 0.421798875 -0.765925412 1.711810864 -24.87377514
411.2 0 0 0 0 0 0 0 0 0 0 0 0 0 0 0 0 0 0 0 0 0 0 0 0 0 0 0 0 0 0 0 0 0 0 0 0 0 0 0 0 0 0 0 0 0 0 0 0 0 0 0 0 0 0 0 0 0 0 0 0 0 0.004264072 0.004440108 0.011012488 0.010495284 0.013671696 0.015846031 0.023920115 0.028576929 0.031721901 0.038192671 0.046268869 0.053033435 0.061676942 0.062175538 0.071447768 0.077981826 0.083803919 0.088753477 0.095058465 0.097050732 0.102696914 0.102180407 0.107153098 0.112580189 0.110781796 0.115445611 0.117205098 0.119050605 0.119303972 0.118665431 0.119836991 0.122298714 0.122310174 0.119657858 0.121053487 0.12295579 0.119734825 0.123488306 0.122201233 0.126788546 0.13905465 0.151218951 0.15740675 0.176977824 0.180883672 0.182549332 0.195134853 0.194129094 0.182342753 0.195185992 0.095008658 -0.020245128 -0.360640892 -2.610866195 -8.645750218 -26.42940299
414.488 0 0 0 0 0 0 0 0 0 0 0 0 0 0 0 0 0 0 0 0 0 0 0 0 0 0 0 0 0 0 0 0 0 0 0 0 0 0 0 0 0 0 0 0 0 0 0 0 0 0 0 0 0 0 0 0 0 0 0 0 0.00600748 0.01118458 0.009675112 0.013174779 0.01613652 0.018166705 0.021683812 0.025523571 0.033190134 0.037589808 0.043640437 0.049670952 0.05868973 0.065631966 0.068627643 0.076785041 0.080923794 0.083618179 0.093064003 0.097567324 0.100345469 0.106732295 0.106486466 0.115207685 0.113798432 0.117366709 0.118944921 0.117574209 0.12265672 0.124038406 0.121199042 0.118139996 0.12036477 0.125797146 0.124760025 0.123281593 0.122454325 0.120780183 0.125914643 0.134156371 0.129906668 0.137395168 0.154865294 0.154719184 0.182098952 0.180979724 0.208371965 0.20538016 0.216128919 0.247440144 0.285395102 0.284350657 0.186764211 0.180630477 1.270815843 5.238514099 19.65861409
417.778 0 0 0 0 0 0 0 0 0 0 0 0 0 0 0 0 0 0 0 0 0 0 0 0 0 0 0 0 0 0 0 0 0 0 0 0 0 0 0 0 0 0 0 0 0 0 0 0 0 0 0 0 0 0 0 0 0 0 0 0.008041115 0.009911462 0.009550529 0.010871049 0.016052872 0.01823423 0.022006699 0.025482423 0.030727914 0.035538221 0.039099398 0.047372517 0.051209376 0.058273734 0.066567688 0.074269208 0.079074201 0.085545609 0.091241445 0.096599232 0.098941726 0.104426454 0.105347653 0.10531126 0.113030584 0.113537018 0.115561319 0.117720839 0.121510489 0.121959645 0.121964411 0.120677236 0.12069132 0.122344577 0.121922852 0.119979558 0.122987477 0.122784574 0.121347252 0.130586148 0.130227237 0.132002427 0.140631803 0.147876613 0.163484341 0.1733743 0.201015639 0.196973695 0.209364908 0.228290586 0.205006502 0.218439875 0.210102079 0.272392231 0.707495618 0.399766119 -3.051782637 -2.769815592
421.069 0 0 0 0 0 0 0 0 0 0 0 0 0 0 0 0 0 0 0 0 0 0 0 0 0 0 0 0 0 0 0 0 0 0 0 0 0 0 0 0 0 0 0 0 0 0 0 0 0 0 0 0 0 0 0 0 0 0 0.004626208 0.00771582 0.011211842 0.013010338 0.016609846 0.017944864 0.02051296 0.024110309 0.028810218 0.033966784 0.039594836 0.045628879 0.050243378 0.057498317 0.063010028 0.067910662 0.074332789 0.080867668 0.083831134 0.092412024 0.092372177 0.099249496 0.102005918 0.108747889 0.113462942 0.113860753 0.115204187 0.114909112 0.119766727 0.122290762 0.12286004 0.123006931 0.122476224 0.123905882 0.118852026 0.121177359 0.122592232 0.122616903 0.122845256 0.123490128 0.124106295 0.130372202 0.13898171 0.139628079 0.155266371 0.161103178 0.176765168 0.191963779 0.20324369 0.216299872 0.217344233 0.261668916 0.264681127 0.299253269 0.444861272 0.333648636 1.520785527 7.454350024 12.78359335
424.362 0 0 0 0 0 0 0 0 0 0 0 0 0 0 0 0 0 0 0 0 0 0 0 0 0 0 0 0 0 0 0 0 0 0 0 0 0 0 0 0 0 0 0 0 0 0 0 0 0 0 0 0 0 0 0 0 0 0.004469361 0.006542731 0.010166931 0.01137957 0.015969635 0.016109031 0.020539778 0.021333904 0.026179638 0.029376143 0.035763436 0.041042474 0.045962887 0.050262194 0.060475758 0.064452475 0.06962388 0.077025512 0.082447934 0.089575533 0.092137086 0.098938483 0.098315984 0.104029826 0.108752398 0.108721428 0.107629624 0.111690542 0.114833883 0.116703413 0.121138241 0.119667547 0.121752383 0.119387988 0.120377164 0.118839234 0.115802465 0.117755293 0.121125918 0.124095062 0.122378658 0.121393241 0.124826177 0.138377485 0.139855614 0.147804061 0.175043038 0.166212458 0.192294725 0.19160439 0.20371399 0.233789458 0.19410378 0.204366846 0.322134637 0.261195389 0.452720421 0.894916146 -3.688011639 0
427.657 0 0 0 0 0 0 0 0 0 0 0 0 0 0 0 0 0 0 0 0 0 0 0 0 0 0 0 0 0 0 0 0 0 0 0 0 0 0 0 0 0 0 0 0 0 0 0 0 0 0 0 0 0 0 0 0 0.005081697 0.007059518 0.009156889 0.012753188 0.013501545 0.015377966 0.016982456 0.020885263 0.025096957 0.029136973 0.032050978 0.03733259 0.044991854 0.049990031 0.054004284 0.059104646 0.066397827 0.073578979 0.077911334 0.081983467 0.087819276 0.092514526 0.09754774 0.099905467 0.10251458 0.103678455 0.106944358 0.105848856 0.110324816 0.111157885 0.11593751 0.114982212 0.116275762 0.117090535 0.117601154 0.115924925 0.116585307 0.117748502 0.112769232 0.120067383 0.11831475 0.124178507 0.118498309 0.123457262 0.13208177 0.138335937 0.144907335 0.157054475 0.167805808 0.187306823 0.195317425 0.201211875 0.208867968 0.207413419 0.227275036 0.163757221 0.191121783 0.685307891 -0.383969279 0.899231024 0
430.952 0 0 0 0 0 0 0 0 0 0 0 0 0 0 0 0 0 0 0 0 0 0 0 0 0 0 0 0 0 0 0 0 0 0 0 0 0 0 0 0 0 0 0 0 0 0 0 0 0 0 0 0 0 0 0 0.005340347 0.005743906 0.009226443 0.010650538 0.013253254 0.014009611 0.016732082 0.01995415 0.025399631 0.025571712 0.033621203 0.037537637 0.039367849 0.043935071 0.046681997 0.053227203 0.061605397 0.066729934 0.073383494 0.077998601 0.080608583 0.087319777 0.092952712 0.098086899 0.098445974 0.10280323 0.107020209 0.103738262 0.107175226 0.110395197 0.112444372 0.109503063 0.111480382 0.118614195 0.117296206 0.114726378 0.117035001 0.114930173 0.114543184 0.118165365 0.114180849 0.121129193 0.121747939 0.119950648 0.123554388 0.131511232 0.141069289 0.151430182 0.157832138 0.173752037 0.190106696 0.191259528 0.202443968 0.220728144 0.238840567 0.201058237 0.209267183 0.158222888 -0.050617878 1.587924394 0 0
434.249 0 0 0 0 0 0 0 0 0 0 0 0 0 0 0 0 0 0 0 0 0 0 0 0 0 0 0 0 0 0 0 0 0 0 0 0 0 0 0 0 0 0 0 0 0 0 0 0 0 0 0 0 0 0 0.007089925 0.007798168 0.009075919 0.0102346 0.011245447 0.018146831 0.017922797 0.022064068 0.026537531 0.026620877 0.03062295 0.034911911 0.03931903 0.043893801 0.048756987 0.054395857 0.060400012 0.067389866 0.07021572 0.076576348 0.078360551 0.0827033 0.092796026 0.091252257 0.097153242 0.097929433 0.104350849 0.105800115 0.107906388 0.109777313 0.109811929 0.112905486 0.112036233 0.116853094 0.116281854 0.115692766 0.119760583 0.115918393 0.115103252 0.114921536 0.11827322 0.121882141 0.121283006 0.124078538 0.127324043 0.126970589 0.131655992 0.140846022 0.154868421 0.174305376 0.182911766 0.189479509 0.200199115 0.214034637 0.244365718 0.205160821 0.252772432 0.310127158 0.374363399 0.563672722 3.452775546 0 0
437.548 0 0 0 0 0 0 0 0 0 0 0 0 0 0 0 0 0 0 0 0 0 0 0 0 0 0 0 0 0 0 0 0 0 0 0 0 0 0 0 0 0 0 0 0 0 0 0 0 0 0 0 0 0 0.005492658 0.006829332 0.008658338 0.011114308 0.010373908 0.016894542 0.016309857 0.020802972 0.025040476 0.024468898 0.02637787 0.033799245 0.038420446 0.040506134 0.043927579 0.050492449 0.058087793 0.062074607 0.06477771 0.072516352 0.075357983 0.083871515 0.084263761 0.08813386 0.09333741 0.096424104 0.101355504 0.100311665 0.102374711 0.106109395 0.107193106 0.10918601 0.111270133 0.113489896 0.115496649 0.115738259 0.113244944 0.112996869 0.112961515 0.11546188 0.114467789 0.113785377 0.117174353 0.11764749 0.1183214 0.122054915 0.130336643 0.133848058 0.143095358 0.151083669 0.166672706 0.179176235 0.181821611 0.196845993 0.209731302 0.206818845 0.172797367 0.266151201 0.316113916 0.184010123 0.460256786 0 0 0
440.848 0 0 0 0 0 0 0 0 0 0 0 0 0 0 0 0 0 0 0 0 0 0 0 0 0 0 0 0 0 0 0 0 0 0 0 0 0 0 0 0 0 0 0 0 0 0 0 0 0 0 0 0 0.004657905 0.006995409 0.008663248 0.010369401 0.012452849 0.014580986 0.017777083 0.018965852 0.022279552 0.023104694 0.028210032 0.029504664 0.033007455 0.037063586 0.044582679 0.046958721 0.050727828 0.058037918 0.062396493 0.065272624 0.071692292 0.075452146 0.080141206 0.086852374 0.089447434 0.091183068 0.093959054 0.098626272 0.100539575 0.102601929 0.104756443 0.107308436 0.106377227 0.109569339 0.109253086 0.111678052 0.112679161 0.114749839 0.111715184 0.108177604 0.115584402 0.11035385 0.116097055 0.114845133 0.116956552 0.11155421 0.117061515 0.121614712 0.13358081 0.142026937 0.153801246 0.157395642 0.169411039 0.175909427 0.184023067 0.203598731 0.206387744 0.217018089 0.233749957 0.23889136 0.255830406 0.203744414 0 0 0
444.149 0 0 0 0 0 0 0 0 0 0 0 0 0 0 0 0 0 0 0 0 0 0 0 0 0 0 0 0 0 0 0 0 0 0 0 0 0 0 0 0 0 0 0 0 0 0 0 0 0 0 0 0.006592078 0.007905833 0.009958156 0.008035497 0.012808574 0.012234403 0.016945365 0.020536839 0.022057482 0.024439175 0.026227639 0.029225577 0.034154055 0.036462553 0.040384321 0.044763699 0.047765106 0.05349537 0.056565321 0.062355282 0.066445317 0.074706142 0.079010665 0.080082327 0.083352809 0.089437451 0.093650442 0.093802367 0.09599086 0.097629638 0.10228401 0.101404302 0.102143096 0.105729716 0.105963568 0.107649201 0.11040918 0.107669159 0.108586938 0.109271013 0.11273135 0.111654581 0.114483512 0.115801498 0.113448427 0.115716497 0.119539561 0.119188195 0.128264608 0.132507988 0.137972938 0.153409965 0.165699778 0.17816247 0.187689235 0.195128896 0.198643397 0.198715067 0.203245688 0.243755441 0.237306006 0.305865808 0 0 0 0
447.451 0 0 0 0 0 0 0 0 0 0 0 0 0 0 0 0 0 0 0 0 0 0 0 0 0 0 0 0 0 0 0 0 0 0 0 0 0 0 0 0 0 0 0 0 0 0 0 0 0 0 0.002980723 0.008100363 0.006904061 0.008405991 0.010132722 0.011821068 0.014252885 0.016711006 0.018618054 0.020845381 0.024074076 0.028029422 0.027874806 0.031555551 0.037131426 0.040448289 0.045014407 0.051772352 0.053598487 0.059496297 0.062147794 0.066215424 0.071746878 0.077081722 0.077568132 0.084034682 0.087314573 0.085789449 0.090467869 0.094529628 0.096029956 0.096974842 0.09954739 0.100885034 0.101529594 0.101710466 0.105923274 0.10095744 0.104982232 0.10800978 0.105318908 0.101795723 0.104092682 0.108115811 0.108240087 0.1083938 0.111490682 0.112946746 0.115243236 0.119223718 0.126254674 0.131263685 0.139595236 0.151924588 0.160267104 0.17154188 0.179833029 0.191461002 0.18443826 0.199046133 0.174493543 0.20884466 0.110162659 0 0 0 0
450.755 0 0 0 0 0 0 0 0 0 0 0 0 0 0 0 0 0 0 0 0 0 0 0 0 0 0 0 0 0 0 0 0 0 0 0 0 0 0 0 0 0 0 0 0 0 0 0 0 0 0.004371251 0.007709853 0.007774372 0.012185702 0.013107898 0.014305774 0.01623151 0.019350808 0.020304606 0.021623388 0.02681673 0.027432589 0.031675263 0.032284788 0.034796684 0.03870684 0.043481791 0.048515369 0.050413724 0.056520498 0.060251199 0.063612698 0.067316086 0.071699801 0.075971709 0.082620623 0.082236589 0.087544277 0.088836931 0.090911989 0.092590195 0.092931837 0.095771632 0.099434401 0.093556967 0.099173085 0.103654528 0.103135903 0.106516291 0.105629943 0.106286238 0.10533584 0.105838507 0.108163696 0.1064099 0.109832459 0.111701915 0.106296154 0.107920905 0.119182529 0.117878949 0.1265243 0.143488789 0.141734235 0.158621008 0.167766854 0.184988964 0.188721838 0.196637763 0.207233078 0.219961396 0.216036516 0.30325943 0 0 0 0 0
454.06 0 0 0 0 0 0 0 0 0 0 0 0 0 0 0 0 0 0 0 0 0 0 0 0 0 0 0 0 0 0 0 0 0 0 0 0 0 0 0 0 0 0 0 0 0 0 0 0 0.004186076 0.005840704 0.007488372 0.009218042 0.012668776 0.011908443 0.014340349 0.017175959 0.016321266 0.020266219 0.023373014 0.023976667 0.02856149 0.031230116 0.034756972 0.036750545 0.041257437 0.04292276 0.045147167 0.05070567 0.055582517 0.058502167 0.061628862 0.063460383 0.070594892 0.073492627 0.077554233 0.08008446 0.08655873 0.085162704 0.087224256 0.091056484 0.093465877 0.092920533 0.094891292 0.095178978 0.09203939 0.094827804 0.098511441 0.098917426 0.101234747 0.102230492 0.098847205 0.104066507 0.102949501 0.10040721 0.104459493 0.105434314 0.107208547 0.106604825 0.116902023 0.111059501 0.124390294 0.137106058 0.138715014 0.152403123 0.164732193 0.17217778 0.178549926 0.184091409 0.182697156 0.177900627 0.233740661 0.221833383 0 0 0 0 0
457.366 0 0 0 0 0 0 0 0 0 0 0 0 0 0 0 0 0 0 0 0 0 0 0 0 0 0 0 0 0 0 0 0 0 0 0 0 0 0 0 0 0 0 0 0 0 0 0 0.005567224 0.006034332 0.007250987 0.011131295 0.012671137 0.014062332 0.015736322 0.018019432 0.019908958 0.019848866 0.023977222 0.026510587 0.028929249 0.033350127 0.033924162 0.034545931 0.038492028 0.040545621 0.048113371 0.049767087 0.053823247 0.05711331 0.05994708 0.064045856 0.068164527 0.072227591 0.07295578 0.077260395 0.079438458 0.082363605 0.08510622 0.087049924 0.088996937 0.092279054 0.092381237 0.092282141 0.091896346 0.091440817 0.093452607 0.098298248 0.100751357 0.101013005 0.10084652 0.099566966 0.1008466 0.10217455 0.103941555 0.105799191 0.105026258 0.104304357 0.111774439 0.11444267 0.119339879 0.130576997 0.134817167 0.140617762 0.158080123 0.166358156 0.157809586 0.184433964 0.181547808 0.177888737 0.20731418 0.197600006 0 0 0 0 0 0
460.673 0 0 0 0 0 0 0 0 0 0 0 0 0 0 0 0 0 0 0 0 0 0 0 0 0 0 0 0 0 0 0 0 0 0 0 0 0 0 0 0 0 0 0 0 0 0 0.004055944 0.00612587 0.006984153 0.009936058 0.010310478 0.014501692 0.015800672 0.016620335 0.020200987 0.021726066 0.021381356 0.025602455 0.030503685 0.032438406 0.035189887 0.035550982 0.035585106 0.04020407 0.041563896 0.045344199 0.050524524 0.054072082 0.054418244 0.059203058 0.066790751 0.067076588 0.06901929 0.072505994 0.076607683 0.076151884 0.082376964 0.081622942 0.08389527 0.086223728 0.086027771 0.088561939 0.090478722 0.088513784 0.090611614 0.095551688 0.096273819 0.096494111 0.093548165 0.097394654 0.095871515 0.095546213 0.098028414 0.097272009 0.103817148 0.101626556 0.102327855 0.106194834 0.105993008 0.119671448 0.118331947 0.1391065 0.139541347 0.157578106 0.153217055 0.163184922 0.181350179 0.183452298 0.198716198 0.187904136 0 0 0 0 0 0 0
463.982 0 0 0 0 0 0 0 0 0 0 0 0 0 0 0 0 0 0 0 0 0 0 0 0 0 0 0 0 0 0 0 0 0 0 0 0 0 0 0 0 0 0 0 0 0 0.004195246 0.002880685 0.002421297 0.006875828 0.005979967 0.009640556 0.011140338 0.013456897 0.016219407 0.018545556 0.020251983 0.023693618 0.023693804 0.025752792 0.02804314 0.029898829 0.03200444 0.038745762 0.037762622 0.041817507 0.046247021 0.045344595 0.048566921 0.054422768 0.057252834 0.059740076 0.061081027 0.064445054 0.069079005 0.072257313 0.072760915 0.073267073 0.077235869 0.081102983 0.080028474 0.082183254 0.083627156 0.08443458 0.084763682 0.084818647 0.088462505 0.090504057 0.090086453 0.089392339 0.094938582 0.092495288 0.090922237 0.09192689 0.096002233 0.096331139 0.098614718 0.098098767 0.09829767 0.104037678 0.109895169 0.114092086 0.121145304 0.131651902 0.143818438 0.158502434 0.157519326 0.158219118 0.161892407 0.164881181 0.184788456 0 0 0 0 0 0 -17.1660377
467.292 0 0 0 0 0 0 0 0 0 0 0 0 0 0 0 0 0 0 0 0 0 0 0 0 0 0 0 0 0 0 0 0 0 0 0 0 0 0 0 0 0 0 0 0 0.003313259 0.002532101 0.004517151 0.005784241 0.006126481 0.007799622 0.010444211 0.01183657 0.014909583 0.016399874 0.018284717 0.022589559 0.0229303 0.025547342 0.026290777 0.03002405 0.031918393 0.033047193 0.036481203 0.037198316 0.039834161 0.04312204 0.044610339 0.05005122 0.052641927 0.056209674 0.058747544 0.061344269 0.064083734 0.065454992 0.06812274 0.07060756 0.074663851 0.074255532 0.077454962 0.08029796 0.082152261 0.081102483 0.082707886 0.08109995 0.081632226 0.082250752 0.084298689 0.084318258 0.086669788 0.086676792 0.089152225 0.086275314 0.089886622 0.08746821 0.087269909 0.097577055 0.095721914 0.099735026 0.103529414 0.10456411 0.120823997 0.119681085 0.124872958 0.139500826 0.135001622 0.146946653 0.166662 0.159684554 0.140695247 0 0 0 0 0 0 0 -4.243515368
470.603 0 0 0 0 0 0 0 0 0 0 0 0 0 0 0 0 0 0 0 0 0 0 0 0 0 0 0 0 0 0 0 0 0 0 0 0 0 0 0 0 0 0 0 0.000985 0.003101628 0.00215089 0.003412666 0.004201952 0.005954612 0.008376587 0.008310845 0.011968204 0.016498672 0.014987206 0.017396344 0.020945564 0.022483829 0.024994459 0.028842532 0.030385324 0.032354271 0.032869344 0.034688068 0.038907762 0.038859631 0.044577794 0.044438721 0.049720654 0.052237228 0.051622463 0.058072148 0.058216008 0.061559266 0.064697016 0.067759442 0.068285354 0.06971618 0.072662437 0.073728776 0.074812364 0.074743927 0.078723085 0.078082898 0.075326726 0.079503898 0.080605676 0.080714339 0.082441682 0.084747252 0.082009427 0.080762297 0.085650771 0.083681813 0.087268524 0.090253355 0.089551473 0.091175028 0.091765254 0.093506053 0.102209429 0.109619335 0.120347725 0.127087781 0.136441163 0.14326186 0.131208175 0.142797636 0.147451213 0.148677554 0 0 0 0 0 0 -3.663984601 -7.620685453
473.915 0 0 0 0 0 0 0 0 0 0 0 0 0 0 0 0 0 0 0 0 0 0 0 0 0 0 0 0 0 0 0 0 0 0 0 0 0 0 0 0 0 0 0.002060631 0.001652719 0.002615379 0.003718607 0.004205504 0.004198388 0.008236846 0.010089039 0.012928388 0.012546223 0.01636527 0.02009491 0.020059943 0.019346292 0.025067403 0.025884603 0.02867453 0.025085166 0.031237056 0.032322234 0.03726793 0.037824545 0.038626575 0.043471616 0.045455385 0.047346659 0.051335571 0.052875109 0.056707898 0.058118917 0.062697107 0.065413249 0.064891776 0.066695169 0.067000407 0.069030067 0.071911857 0.0702282 0.073363167 0.073655945 0.076762649 0.073519845 0.077695498 0.077999298 0.078713545 0.081035197 0.080388772 0.077828223 0.082339724 0.082295105 0.081272129 0.082621167 0.086002225 0.084794211 0.086648174 0.093385607 0.093845325 0.103786475 0.105360686 0.116169404 0.124535991 0.126434188 0.134187176 0.147619399 0.13849787 0.142889361 0 0 0 0 0 0 0 -7.756462781 -40.6433505
477.228 0 0 0 0 0 0 0 0 0 0 0 0 0 0 0 0 0 0 0 0 0 0 0 0 0 0 0 0 0 0 0 0 0 0 0 0 0 0 0 0 0 0.00389534 0.004151819 0.004320093 0.005559784 0.00825783 0.00726121 0.008644364 0.009329144 0.011510709 0.01377589 0.016208189 0.018557295 0.019339557 0.022574037 0.022858726 0.025871209 0.02758027 0.032039739 0.032280093 0.033450234 0.034212052 0.038068853 0.040436725 0.043258058 0.043261772 0.04746163 0.049476117 0.051804954 0.053394411 0.058299733 0.056947926 0.062940054 0.063262692 0.065987749 0.066975319 0.06739534 0.06942092 0.072242492 0.070736285 0.070283088 0.071112629 0.07269889 0.073642604 0.073858295 0.077933522 0.076839234 0.081037356 0.080177725 0.080541764 0.082275623 0.084158741 0.081802804 0.086269491 0.086968827 0.087541921 0.091938591 0.090352568 0.096874581 0.103008753 0.110026127 0.119305985 0.123702433 0.133350815 0.145025867 0.143005242 0.153910488 0.150009032 0 0 0 0 0 0 1.76399971 -2.381379477 36.32112925
480.542 0 0 0 0 0 0 0 0 0 0 0 0 0 0 0 0 0 0 0 0 0 0 0 0 0 0 0 0 0 0 0 0 0 0 0 0 0 0 0 0 0.00128005 0.000405 0.002098027 0.003519087 0.00377066 0.002040431 0.006012765 0.002964634 0.009465365 0.007739997 0.012101096 0.012711744 0.01448478 0.016331782 0.018141694 0.019690058 0.021345508 0.024038732 0.026586678 0.028143483 0.028940639 0.033384842 0.034165984 0.037190817 0.038278807 0.041102503 0.042245103 0.043088747 0.047026 0.050761138 0.053653141 0.053494058 0.055171079 0.058134375 0.060169729 0.06029288 0.060636048 0.062654555 0.063860505 0.064366432 0.067144357 0.066978124 0.066397107 0.067743639 0.069757269 0.068588534 0.073009991 0.07183944 0.073832004 0.071616287 0.073207856 0.07402561 0.078014424 0.073568697 0.07737974 0.080944101 0.08148276 0.089383871 0.089015186 0.090013928 0.101821505 0.110380615 0.10725322 0.116764072 0.123923407 0.117510826 0.128697216 0 0 0 0 0 0 0 -2.44507929 -9.037184734 -53.23279245
483.858 0 0 0 0 0 0 0 0 0 0 0 0 0 0 0 0 0 0 0 0 0 0 0 0 0 0 0 0 0 0 0 0 0 0 0 0 0 0 0 0.00290765 0.003619 0.003238435 0.003550312 0.005833277 0.005893043 0.008531564 0.006801018 0.006951541 0.0096041 0.011316361 0.016099318 0.017233065 0.019003531 0.020204434 0.022128018 0.023536306 0.026341945 0.029114547 0.029279364 0.031923746 0.034459751 0.033634086 0.038932496 0.038675037 0.043506533 0.040935359 0.044396426 0.047357305 0.047626201 0.051570844 0.051564717 0.053713892 0.058664352 0.059623832 0.060213663 0.059705963 0.062918505 0.064209016 0.065657203 0.06542473 0.066712552 0.069319273 0.067382022 0.065914021 0.070409224 0.070862794 0.075374779 0.071659795 0.074750346 0.073660828 0.076329645 0.077654257 0.076566573 0.0805114 0.080487382 0.081247124 0.088010619 0.084264736 0.092896208 0.094294306 0.102750314 0.108959547 0.122542821 0.122968116 0.123787642 0.126218067 0.148889002 0 0 0 0 0 0 0.456598913 1.051166195 1.304049109 -0.83217717
487.174 0 0 0 0 0 0 0 0 0 0 0 0 0 0 0 0 0 0 0 0 0 0 0 0 0 0 0 0 0 0 0 0 0 0 0 0 0 0 0.004036634 0.00356746 0.003709204 0.004539356 0.00579866 0.005708354 0.007416694 0.007808129 0.007729622 0.010482313 0.014438461 0.013415612 0.016738614 0.017724326 0.018977719 0.020910211 0.024864638 0.026264909 0.027177445 0.026711843 0.027872236 0.031910986 0.033439578 0.037702105 0.038931618 0.037966467 0.040729777 0.041353604 0.045863104 0.046554435 0.048406121 0.050189715 0.054399241 0.053275816 0.056281794 0.056506441 0.056728046 0.061140612 0.062523016 0.060488799 0.063309312 0.06444898 0.065086005 0.066124007 0.065375683 0.06660769 0.066740686 0.068017551 0.069697532 0.073019502 0.071512045 0.072592645 0.074835759 0.073744849 0.075949088 0.076663277 0.075289039 0.079386531 0.080161871 0.087566145 0.093205862 0.098990019 0.10176364 0.103912002 0.111575918 0.126684383 0.124015356 0.1411937 0 0 0 0 0 0 0 0.605624868 2.256425523 3.695596042 47.75801844
490.492 0 0 0 0 0 0 0 0 0 0 0 0 0 0 0 0 0 0 0 0 0 0 0 0 0 0 0 0 0 0 0 0 0 0 0 0 0 0.003216996 0.001943022 0.004947785 0.003849025 0.005328884 0.00539645 0.006993027 0.00631876 0.009851694 0.00925398 0.01169909 0.01337253 0.01429993 0.015853415 0.016483464 0.020923759 0.019220158 0.023607122 0.023735522 0.027079143 0.027866943 0.029822245 0.031576211 0.03566003 0.033524596 0.035789295 0.039612384 0.040046933 0.042331235 0.0434003 0.045645759 0.045139807 0.049516418 0.050216305 0.054505179 0.055604484 0.056783431 0.055431194 0.056693285 0.060349928 0.060895052 0.061418042 0.061910141 0.060521066 0.063928252 0.063420537 0.06489631 0.062983332 0.066101791 0.065814809 0.068898648 0.066918391 0.069379964 0.071515247 0.071342766 0.073604281 0.075976872 0.079631781 0.077366779 0.079147881 0.081234222 0.087768895 0.093775818 0.096735314 0.104690771 0.108675378 0.120405276 0.122896053 0.127571546 0 0 0 0 0 0 0.309720275 0.904290159 1.266590527 4.59120523 23.1363096
493.81 0 0 0 0 0 0 0 0 0 0 0 0 0 0 0 0 0 0 0 0 0 0 0 0 0 0 0 0 0 0 0 0 0 0 0 0 0.002303343 0.001091671 0.000943 0.002449615 0.003721295 0.004676373 0.003568481 0.004645562 0.004259062 0.005612943 0.008501456 0.007574933 0.011964978 0.012001092 0.013066814 0.015948575 0.019347784 0.019992813 0.023899881 0.023465278 0.024166025 0.024895669 0.023768779 0.028583977 0.03100138 0.030245288 0.033354181 0.036878079 0.037294471 0.040738897 0.039747709 0.043187325 0.043544311 0.046084755 0.047319155 0.048875229 0.048901253 0.054569359 0.053534529 0.05134216 0.055144389 0.053670102 0.057054812 0.055489191 0.057199166 0.058403277 0.058849489 0.059844428 0.054197852 0.061032941 0.060288933 0.063811226 0.065993619 0.063572817 0.063009109 0.064951987 0.066757439 0.069058754 0.071861692 0.073581218 0.074363764 0.079368442 0.084886841 0.083747581 0.089567167 0.092961043 0.101745112 0.108677778 0.109207863 0 0 0 0 0 0 0 0.044650422 -0.098695448 -1.628206339 -0.875061019 -21.39259088
497.13 0 0 0 0 0 0 0 0 0 0 0 0 0 0 0 0 0 0 0 0 0 0 0 0 0 0 0 0 0 0 0 0 0 0 0 0.005319715 0.001558539 0.002491932 0.00311276 0.004292968 0.005739496 0.00566115 0.006721614 0.005828478 0.007357422 0.008274401 0.008978155 0.011716037 0.012130133 0.015085788 0.016622089 0.018665636 0.020571233 0.021913957 0.024008452 0.023961606 0.027162127 0.027549932 0.03030634 0.031392139 0.033845588 0.032355046 0.034957126 0.035378684 0.038068285 0.040751547 0.043924595 0.044297949 0.04425875 0.047477443 0.050715674 0.049634378 0.049116066 0.052491805 0.052238881 0.052020877 0.054619756 0.055617838 0.05485456 0.058970262 0.057491759 0.057206813 0.05829388 0.059007938 0.059247812 0.058705285 0.062378925 0.061697277 0.062577716 0.065828287 0.066197063 0.067279368 0.067910802 0.072595458 0.071908194 0.076764085 0.076497484 0.080255739 0.078438882 0.087995463 0.101956317 0.098794231 0.108197668 0.111688242 0.11770774 0 0 0 0 0 0 0.206989337 0.284468909 0.638978467 1.314385934 4.138520684 14.57101353
500.451 0 0 0 0 0 0 0 0 0 0 0 0 0 0 0 0 0 0 0 0 0 0 0 0 0 0 0 0 0 0 0 0 0 0 -0.001091397 0.001306596 0.001133423 0.001595644 0.001123111 0.003718937 0.003681464 0.003705298 0.003526261 0.005477978 0.005102987 0.006697425 0.007441308 0.010311042 0.011399249 0.012707204 0.015211244 0.015000103 0.018243784 0.020714862 0.019959261 0.022450435 0.024047817 0.02604753 0.02755603 0.026998844 0.02863875 0.031069204 0.03220237 0.032195074 0.034273151 0.036195076 0.038358347 0.038137865 0.040574966 0.042882613 0.045233352 0.045259724 0.04828401 0.049380831 0.048989993 0.050203911 0.049935232 0.053615803 0.053303579 0.053278081 0.052484448 0.054396253 0.054165079 0.053820691 0.056580239 0.055370835 0.056030826 0.059688213 0.06081694 0.062417673 0.060593722 0.062850833 0.062568323 0.064290672 0.066530342 0.070067421 0.07079791 0.07161495 0.076226779 0.077105831 0.084475494 0.076947653 0.104863964 0.105970724 0 0 0 0 0 0 0 0.059972931 0.006788606 -0.314451709 -1.225039662 -6.166242955 -13.8462213
503.772 0 0 0 0 0 0 0 0 0 0 0 0 0 0 0 0 0 0 0 0 0 0 0 0 0 0 0 0 0 0 0 0 0 0.003500842 0.002728266 -0.000282 0.004605265 0.004610777 0.005299159 0.005418018 0.006270098 0.006473373 0.007720386 0.008382883 0.009201368 0.010655936 0.010443 0.011404751 0.013510623 0.013963294 0.019052413 0.017900768 0.02030842 0.021278313 0.02442289 0.024826753 0.02622301 0.028097186 0.027815581 0.030848111 0.033904748 0.030675737 0.031779635 0.034800001 0.035646267 0.039184078 0.037847186 0.039100737 0.043048814 0.041361621 0.045345727 0.044141509 0.046679063 0.050056272 0.049181755 0.049171689 0.051388167 0.05211058 0.052912912 0.05389269 0.051698475 0.052386996 0.053149745 0.055404489 0.055329432 0.055565915 0.057803822 0.057172435 0.057860819 0.059139921 0.05956509 0.06303368 0.064985698 0.06634945 0.065780523 0.072046074 0.069590213 0.077787199 0.080822001 0.084615106 0.087821055 0.094322236 0.098091502 0.106351892 0 0 0 0 0 0 0.134993813 0.169924957 0.097482613 -0.116533682 0.110060727 1.343357631 16.7047454
507.095 0 0 0 0 0 0 0 0 0 0 0 0 0 0 0 0 0 0 0 0 0 0 0 0 0 0 0 0 0 0 0 0 0.002189764 0.002414246 0.001418675 0.002618913 0.001877615 0.003660065 0.005482544 0.006123547 0.005045755 0.006302785 0.006626639 0.008584311 0.008046415 0.009030614 0.009979321 0.012910814 0.013320286 0.014068702 0.017252267 0.017578915 0.020962572 0.022322467 0.021477164 0.023411664 0.025673651 0.025824143 0.028708971 0.027356785 0.030722204 0.031148728 0.033709427 0.033763329 0.037195793 0.035577434 0.039501208 0.039869431 0.041121967 0.042214984 0.044024566 0.045209504 0.045295172 0.045672482 0.0464203 0.045654252 0.048283833 0.050745036 0.04987205 0.051204217 0.052673895 0.049585751 0.051921167 0.052815528 0.049334303 0.054303358 0.053424288 0.055582412 0.057837963 0.059664597 0.060983418 0.060626113 0.060070208 0.060704766 0.065155971 0.0683453 0.070943106 0.070214783 0.06924541 0.078785503 0.085779413 0.081438589 0.098702815 0 0 0 0 0 0 0 0.069373919 0.095325794 -0.012835984 0.222435772 0.492667818 7.030872696 -8.900736374
510.418 0 0 0 0 0 0 0 0 0 0 0 0 0 0 0 0 0 0 0 0 0 0 0 0 0 0 0 0 0 0 0 0.002927294 0.002686854 0.004628459 0.00450442 0.00391296 0.002799384 0.004566674 0.004581808 0.006547325 0.006119674 0.005398713 0.00750291 0.008061252 0.009211958 0.011288558 0.010388866 0.012086709 0.013311181 0.016963713 0.017688499 0.016774021 0.019177855 0.022632199 0.021326283 0.020711835 0.026211406 0.025290094 0.027927432 0.027094085 0.030308618 0.031936231 0.029136012 0.033258871 0.033868042 0.036607669 0.035421961 0.038193162 0.039947395 0.03970692 0.040608985 0.04442556 0.046514322 0.046698614 0.044212962 0.046419009 0.047140731 0.048770064 0.047403996 0.0498177 0.050967767 0.048585432 0.050451082 0.04902922 0.053635358 0.050091929 0.051113492 0.053594273 0.057275734 0.057817554 0.057761342 0.059987605 0.065078431 0.064177167 0.060554302 0.063927661 0.07094836 0.076263737 0.076629514 0.074116873 0.083369994 0.082036286 0.091793389 0 0 0 0 0 0 0.10259859 0.15759533 0.09583814 0.198084136 0.360293765 1.10089426 2.730139976 2.681600527
513.742 0 0 0 0 0 0 0 0 0 0 0 0 0 0 0 0 0 0 0 0 0 0 0 0 0 0 0 0 0 0 0.002134054 0.001250817 0.001384871 0.002431755 0.002407189 0.000568 0.003523508 0.004449236 0.005405991 0.005034958 0.006045952 0.00451737 0.007831239 0.007843754 0.007591553 0.009263045 0.009149019 0.010743302 0.011870224 0.011761322 0.016875056 0.014080539 0.018898293 0.018922089 0.019764943 0.022236739 0.021252405 0.023505398 0.026602856 0.026916443 0.026976638 0.029864179 0.030274253 0.034305458 0.030865974 0.034691316 0.033290168 0.034190224 0.037803419 0.039407957 0.03903704 0.04055309 0.041503458 0.041185477 0.043092606 0.042349374 0.04459908 0.044723213 0.046060801 0.045309344 0.047026088 0.047382358 0.047995974 0.048408671 0.052033689 0.047355979 0.050198135 0.051448365 0.05307822 0.053098828 0.054031945 0.057224679 0.055424317 0.053941651 0.0622705 0.058141661 0.063604571 0.068307094 0.064521289 0.071277466 0.072205687 0.079660339 0 0 0 0 0 0 0.098255247 0.09346808 0.095300492 0.099362115 0.073432081 -0.377764758 -1.376114668 0.472419521 -22.40479407
517.068 0 0 0 0 0 0 0 0 0 0 0 0 0 0 0 0 0 0 0 0 0 0 0 0 0 0 0 0 0 0.001559327 0.001493501 9.27e-05 0.003534043 0.002675312 0.002345256 0.003082171 0.003740003 0.00345167 0.004968728 0.005161848 0.006256122 0.00565646 0.008590958 0.006937031 0.007788917 0.009983829 0.011863122 0.012178657 0.01082788 0.012774403 0.015188629 0.018173276 0.018085887 0.01845244 0.020653126 0.023375086 0.02220074 0.024675042 0.02341749 0.022647391 0.027452072 0.027396443 0.026669481 0.029762871 0.029786055 0.03208671 0.032922366 0.032561966 0.035038967 0.035848988 0.038747799 0.036214471 0.040355754 0.039553984 0.040879476 0.039783173 0.040915094 0.042428242 0.04200369 0.043239651 0.047850201 0.04268028 0.044523602 0.043197649 0.043593441 0.044399746 0.046403133 0.048774378 0.050890084 0.048520601 0.052684708 0.052830117 0.051882649 0.05349449 0.05567351 0.056444702 0.061060158 0.063585186 0.062895813 0.068332591 0.076178417 0.074160132 0 0 0 0 0 0 0.070203036 0.072844971 0.039402368 0.062420894 -0.032934195 -0.310299907 -0.222345036 -5.047312263 -13.53491724
520.394 0 0 0 0 0 0 0 0 0 0 0 0 0 0 0 0 0 0 0 0 0 0 0 0 0 0 0 0 0.003485318 0.002942928 0.004885835 0.004139667 0.005549245 0.007399362 0.00571899 0.005493228 0.00687935 0.007214591 0.005831381 0.007199662 0.007547123 0.008632416 0.008251061 0.010339868 0.009563797 0.010678448 0.012930114 0.014699073 0.013061515 0.013096294 0.017322619 0.018877608 0.020149726 0.021889918 0.022638383 0.022805675 0.023901079 0.0262814 0.027817919 0.029623527 0.02807063 0.03098632 0.029744628 0.03150727 0.031054382 0.033057134 0.035417487 0.036140797 0.036108015 0.038094961 0.037878612 0.038728944 0.039652488 0.038981392 0.039956559 0.043274095 0.043547662 0.041348578 0.043305555 0.043755294 0.043417641 0.042758427 0.044606842 0.043191837 0.045674085 0.049148951 0.048847988 0.049687443 0.049480693 0.053808699 0.050344447 0.053665361 0.055711642 0.053905717 0.056800459 0.061492763 0.060125039 0.063044103 0.068669841 0.069816421 0.078379788 0 0 0 0 0 0 0.104500566 0.12837821 0.104219685 0.087765215 0.131804188 0.335025025 0.59231424 1.453501277 11.1004067 38.14424888
523.721 0 0 0 0 0 0 0 0 0 0 0 0 0 0 0 0 0 0 0 0 0 0 0 0 0 0 0 0.003008119 0.007028673 0.00415726 0.002749237 0.003902223 0.003843454 0.001629781 0.004537772 0.005466493 0.005203403 0.004938219 0.007011347 0.00600261 0.008777636 0.008447826 0.00909662 0.009368295 0.010643847 0.010829663 0.012183492 0.016574163 0.013625329 0.015818297 0.015010145 0.018835984 0.019723786 0.020192969 0.01888779 0.0221813 0.021370755 0.025230979 0.02601204 0.025064537 0.028067355 0.02939062 0.027341032 0.0297962 0.031326289 0.031886615 0.033538706 0.033030917 0.034879835 0.036507053 0.036053825 0.039132615 0.036363683 0.038249928 0.039245675 0.040250278 0.042145035 0.0414635 0.0433142 0.040781739 0.043361005 0.042620648 0.041849422 0.043570154 0.043608419 0.044554371 0.046037231 0.045334258 0.04399045 0.047372629 0.04994554 0.051695419 0.05237415 0.051607864 0.056289331 0.054236676 0.057937689 0.064634983 0.063644424 0.065086335 0.071450806 0 0 0 0 0 0 0.094216972 0.092420881 0.107283557 0.116374208 0.196031305 0.351106854 0.31527711 -0.059287584 4.895311277 2.741259935
527.048 0 0 0 0 0 0 0 0 0 0 0 0 0 0 0 0 0 0 0 0 0 0 0 0 0 0 0.004707492 0.004515875 0.001139464 0.004160891 0.005028391 0.008445291 0.002505402 0.005056293 0.003463697 0.005034464 0.005475695 0.0069584 0.005589836 0.007773617 0.005871468 0.008062275 0.007920336 0.008941843 0.010285162 0.010386698 0.010655651 0.014484096 0.013190838 0.014795099 0.016547438 0.016817112 0.017665164 0.020926828 0.019232424 0.021030831 0.023074518 0.022538691 0.027373896 0.02606727 0.024694824 0.02722062 0.028381631 0.029591645 0.028351605 0.028991381 0.03165746 0.031137127 0.032957063 0.033685022 0.033861235 0.0349059 0.035180022 0.036701513 0.03590508 0.036378222 0.038792282 0.039401014 0.040813886 0.03838854 0.037606236 0.038241217 0.041227491 0.040611824 0.040329694 0.043570276 0.041172635 0.045833772 0.046555597 0.04627151 0.042171213 0.048944595 0.048131966 0.050022737 0.050782119 0.058289322 0.056213056 0.061829119 0.064127927 0.058495184 0 0 0 0 0 0 0.093266157 0.097483847 0.088861509 0.103121358 0.085371971 0.094993174 0.324706338 0.404502904 0.001631077 -3.037914807 -5.482353405
530.377 0 0 0 0 0 0 0 0 0 0 0 0 0 0 0 0 0 0 0 0 0 0 0 0 0 -0.000586 -0.000676 0.002474069 0.000726 0.000991 0.001424428 -0.000631 0.002590494 0.003109509 0.002308975 0.003865861 0.003604837 0.003186609 0.006126676 0.005757093 0.007935073 0.004971472 0.00805998 0.007012516 0.010340278 0.009655875 0.008935603 0.011405766 0.011172102 0.010484397 0.014229103 0.016611837 0.016463285 0.017472521 0.01726057 0.019179781 0.020197249 0.022016924 0.019804821 0.02083972 0.024037401 0.022919755 0.02345057 0.02340298 0.02595811 0.026075903 0.029473155 0.027440201 0.030003935 0.030840882 0.030466455 0.033559233 0.032122918 0.036141799 0.031353822 0.033973438 0.033134629 0.034354429 0.037854705 0.034602035 0.037175455 0.034408773 0.034470954 0.036539826 0.035190828 0.03745498 0.037563328 0.042365257 0.038422511 0.040507584 0.04041659 0.038923734 0.044861182 0.045919575 0.047664014 0.046382457 0.04748489 0.047809674 0.054176827 0.059159767 0 0 0 0 0 0 0.074635784 0.085212829 0.07069283 0.096690065 0.038447731 0.015965967 0.047781786 0.088707794 0.396414934 -2.798490958 -20.17770858
533.706 0 0 0 0 0 0 0 0 0 0 0 0 0 0 0 0 0 0 0 0 0 0 0 0 0.002935895 0.002110037 0.000897 0.001723202 0.00165965 0.000896 0.001617165 0.001735785 0.003263547 0.004363274 0.003315813 0.004896247 0.004145746 0.004495073 0.00667255 0.005563517 0.007408898 0.007728564 0.008619389 0.00954207 0.007938748 0.011096511 0.011170304 0.009392224 0.015476334 0.015123094 0.012724189 0.017411855 0.016290267 0.017762973 0.018211859 0.019829973 0.02015998 0.020768042 0.019993757 0.022346597 0.02208506 0.024665522 0.022073384 0.024052572 0.025548259 0.025678868 0.027537949 0.027964809 0.030254362 0.030358764 0.03274387 0.030962384 0.030063831 0.028984706 0.032905533 0.030239065 0.031830138 0.035458187 0.034384043 0.033846339 0.033265808 0.033952248 0.037685147 0.03550707 0.036165275 0.037955856 0.03905741 0.039025257 0.035949752 0.042282816 0.042501837 0.042305272 0.041644684 0.043980358 0.048447925 0.045805119 0.050400133 0.05205128 0.057155196 0 0 0 0 0 0 0.076065134 0.084715442 0.086407892 0.088323256 0.101197443 0.080184619 0.079338563 -0.114735133 -0.034495781 -0.168527926 -4.45501314 1.854794783
537.037 0 0 0 0 0 0 0 0 0 0 0 0 0 0 0 0 0 0 0 0 0 0 0 0.000381 -0.001112341 0.002246769 0.000452 -0.000325 0.001987037 0.001903313 0.006804679 0.002574358 0.002107888 0.004320689 0.004120817 0.005453472 0.003978235 0.007817905 0.00606756 0.006731796 0.007199239 0.008056931 0.008003006 0.008550424 0.007846472 0.007809628 0.01238134 0.011597386 0.012652608 0.01186813 0.010043915 0.014935673 0.014465664 0.016198446 0.017832087 0.018607376 0.01713026 0.019418894 0.020241728 0.021048657 0.02126521 0.021752926 0.022653623 0.023095171 0.025686198 0.026262721 0.027053761 0.027644823 0.028469016 0.026928198 0.027997573 0.029722251 0.028445475 0.028844468 0.032487377 0.031554948 0.033527733 0.033885317 0.032485331 0.032370208 0.034052446 0.033399509 0.03256054 0.034430062 0.034972358 0.034517818 0.0374807 0.040367201 0.038646567 0.040665691 0.035727492 0.039224137 0.041348735 0.043286069 0.044671829 0.043342605 0.048555441 0.048682089 0.051215138 0 0 0 0 0 0 0.065458334 0.061149234 0.072004136 0.081697967 0.055386757 0.093023692 0.115178664 0.137067792 0.426641904 0.912382386 3.550957534 -33.37547108
540.367 0 0 0 0 0 0 0 0 0 0 0 0 0 0 0 0 0 0 0 0 0 0 -0.002440893 0.002468569 0.003123852 0.000238 0.000686 0.000551 0.002971763 -0.0005 0.002915563 0.005122198 0.003077365 0.002386133 0.001654228 0.00305936 0.004304453 0.003927313 0.007793198 0.007132771 0.00624085 0.006606526 0.008066627 0.007286476 0.006555464 0.008203045 0.009080349 0.009100352 0.010749325 0.011113076 0.011739528 0.012476743 0.011918255 0.01354392 0.017060646 0.017239415 0.016642572 0.014356727 0.018736314 0.020661691 0.020959696 0.021546654 0.02231786 0.023484743 0.024036072 0.023400018 0.023220233 0.026191143 0.027336564 0.025933026 0.027903753 0.026819915 0.024057035 0.02975032 0.028449099 0.027670476 0.029439407 0.032891853 0.030326971 0.030513204 0.028645546 0.031816846 0.030913145 0.031620604 0.029956693 0.029907131 0.031579461 0.034261724 0.036091283 0.034133338 0.036551529 0.038679513 0.040132445 0.041909317 0.038761843 0.040598513 0.045823716 0.044015863 0 0 0 0 0 0 0.048655465 0.060469146 0.061125109 0.063135498 0.057502162 0.057268542 0.018041968 -0.067636177 -0.131102598 -0.663833437 -2.423430327 -0.468708874 4.727821194
543.699 0 0 0 0 0 0 0 0 0 0 0 0 0 0 0 0 0 0 0 0 0 0.002843228 0.001508074 0.000789 0.001770121 0.001939595 0.002670679 0.001782184 0.002036939 0.000823 0.005405455 0.005554497 0.005889527 0.004107397 0.003588024 0.005290198 0.005256203 0.005321425 0.006652628 0.007111096 0.006453248 0.007451245 0.008257597 0.008323824 0.009295539 0.010702015 0.010141649 0.011966984 0.01188728 0.015021467 0.014133985 0.015969655 0.014138917 0.017354361 0.01855719 0.018224853 0.019893145 0.017022397 0.020428455 0.019044233 0.020515228 0.019695096 0.021361198 0.022097045 0.024317312 0.025643201 0.023787365 0.027066926 0.027797295 0.026100183 0.02789506 0.027401488 0.026785409 0.027350998 0.028330255 0.028951025 0.028573649 0.030848653 0.030938635 0.032867994 0.029180812 0.029409338 0.032639834 0.030299758 0.032134157 0.033204903 0.035618074 0.036266672 0.038480666 0.036221327 0.038289077 0.037414976 0.042774499 0.039429113 0.039529722 0.043656041 0.048074361 0.050993471 0 0 0 0 0 0 0.068185475 0.066062832 0.078579359 0.068266954 0.083766045 0.053398867 0.109795358 0.117986523 0.315335941 0.472533135 -0.936357586 -0.730116986 8.553815394
547.031 0 0 0 0 0 0 0 0 0 0 0 0 0 0 0 0 0 0 0 0 0.001185536 -0.003590622 0.001519341 0.001856691 0.001272832 0.000731 -0.000705 0.001909193 0.004106326 -0.000615 0.002775036 0.005788964 0.00418564 0.00511403 0.002731556 0.003729966 0.006063945 0.005498878 0.005587687 0.006221395 0.006738206 0.006696927 0.008232518 0.005364725 0.008766125 0.008711216 0.009578926 0.012060225 0.010412636 0.012265233 0.012653736 0.013238543 0.014180809 0.015513294 0.014783873 0.017292218 0.016822848 0.016291392 0.019188696 0.016205446 0.018604089 0.018662992 0.019647178 0.020993552 0.018089004 0.024167775 0.021908381 0.022196402 0.022608791 0.027759744 0.024769785 0.025058124 0.023997576 0.024203332 0.026467213 0.024526098 0.026934292 0.027617702 0.028019549 0.029620325 0.027377393 0.029305414 0.029056896 0.029615988 0.030989031 0.029736682 0.033302932 0.033486146 0.031603755 0.032175314 0.036660084 0.037073204 0.034546908 0.035844636 0.036468926 0.042869256 0.039821937 0 0 0 0 0 0 0.05977003 0.061857971 0.072220746 0.064058605 0.063831755 0.031254439 0.057220131 0.040006019 0.026819004 0.092574748 -0.272923041 -0.936363581 -3.1619034 -9.570154249
550.364 0 0 0 0 0 0 0 0 0 0 0 0 0 0 0 0 0 0 0 -0.001085672 0.002696031 0.001587893 0.001530077 0.00468238 0.003466821 0.001969077 0.001766499 0.002260372 0.001197529 0.001042983 0.004089277 0.005253786 0.005446773 0.002533355 0.005097027 0.004369795 0.004981905 0.006493544 0.007000604 0.006634362 0.00758492 0.005554502 0.008335724 0.009408806 0.008494384 0.009721829 0.011325931 0.008240917 0.012930942 0.01117655 0.012283106 0.011786054 0.013363488 0.016168916 0.014953653 0.016542997 0.01656511 0.01941183 0.017827038 0.019667586 0.020641868 0.019729159 0.020027029 0.022182031 0.020576572 0.018344468 0.023247506 0.021842762 0.023328681 0.023209201 0.023287763 0.024007665 0.024495398 0.024965445 0.024678477 0.026903847 0.026082092 0.028517397 0.027169643 0.026747651 0.027765115 0.027153981 0.027531114 0.029030262 0.027568561 0.029328141 0.029088692 0.031520978 0.031320873 0.035046246 0.034084649 0.031181091 0.037943581 0.036694103 0.040112213 0.039630455 0.041210755 0 0 0 0 0 0 0.065163882 0.058361945 0.063133243 0.065798855 0.057469435 0.045215814 0.054159093 0.051297531 0.073050631 -0.00704818 0.443081055 -1.480034374 -6.611056689 3.864695544
553.698 0 0 0 0 0 0 0 0 0 0 0 0 0 0 0 0 0 0 -0.006083687 -0.000937 -0.002409808 -0.006393687 -0.00657533 -0.0016154 -0.001034377 -0.002227339 0.002840406 -0.001362582 0.000989 -0.000625 -0.002303676 0.003363017 0.000437 -0.000497 0.002602243 0.003311829 0.002820157 0.003434945 0.004838423 0.006139944 0.004641312 0.005402068 0.005975712 0.005319688 0.007263474 0.006176725 0.005530841 0.007692834 0.00831899 0.009662519 0.007053777 0.011327021 0.011806315 0.012121272 0.010299554 0.011764014 0.012861924 0.013780069 0.014835793 0.016574667 0.014627681 0.01493894 0.018392662 0.017935316 0.018385999 0.018053868 0.019709672 0.019275718 0.018760043 0.019266501 0.020164804 0.019565821 0.021116572 0.023427477 0.023026091 0.021614014 0.022900256 0.023911183 0.023130523 0.022483615 0.024648792 0.025198047 0.026078351 0.026235414 0.024211174 0.027403957 0.025737324 0.027600882 0.029647401 0.026462066 0.031688439 0.026643618 0.032844613 0.029910003 0.033068666 0.034571801 0 0 0 0 0 0 0.045483315 0.043059878 0.044761087 0.045644847 0.045561343 0.036851821 0.044668693 0.032961 0.016713082 -0.126940571 -0.092837891 -0.612396459 -2.144379003 -10.35800399 -23.24814022
557.032 0 0 0 0 0 0 0 0 0 0 0 0 0 0 0 0 0 0.005930939 0.008014715 0.001404577 0.002264517 0.001460195 0.001121225 0.002022311 0.006076888 0.006939492 0.004864091 0.005689549 0.00470889 0.003983608 0.002409546 0.004710882 0.005664891 0.006835828 0.00480648 0.004711928 0.006926923 0.00619463 0.007489896 0.006845086 0.007590407 0.007208094 0.008196098 0.008441741 0.008886345 0.009008332 0.012577109 0.012007259 0.011114258 0.013462332 0.012906187 0.012537279 0.013882039 0.016975274 0.015406304 0.016148893 0.016750439 0.014281027 0.018619991 0.01565289 0.017978682 0.019522049 0.017177339 0.020314493 0.019131577 0.022416542 0.02109137 0.021631944 0.021997749 0.020984433 0.020964346 0.024310887 0.022435051 0.023066347 0.026040098 0.023807417 0.025677699 0.02545121 0.025525691 0.024430357 0.025495395 0.026196897 0.024804388 0.028511218 0.026491628 0.025062449 0.02889009 0.02806073 0.028862129 0.030297894 0.031477871 0.029456678 0.032128793 0.035127518 0.036009912 0.035663151 0 0 0 0 0 0 0.055945826 0.056351067 0.049377701 0.059645348 0.059674239 0.056133617 0.059315864 0.077217231 0.051500896 0.113591628 0.27184359 0.706100592 2.627720532 11.11355625 13.58405209
560.367 0 0 0 0 0 0 0 0 0 0 0 0 0 0 0 0 -0.001538771 0.004469763 0.001936636 0.002507577 0.000454 0.003363794 0.001268757 0.0016206 0.00195084 0.001121342 0.003940398 0.000459 0.002978803 0.004538138 0.003437216 0.00174398 0.000261 0.004225355 0.004755789 0.002253033 0.004052241 0.005679954 0.004308349 0.00587299 0.00635074 0.006416722 0.007325794 0.005151952 0.008552993 0.009006507 0.011347513 0.008502776 0.010627111 0.010377659 0.012139554 0.011119498 0.012046866 0.01319367 0.012910353 0.014935992 0.014015415 0.016060348 0.01479009 0.017932715 0.016154227 0.016619691 0.016871627 0.017105061 0.017178722 0.019137287 0.018516868 0.020603599 0.019344523 0.022674928 0.020541421 0.018695662 0.021561299 0.020928459 0.021619445 0.020994806 0.023023713 0.021677154 0.024374376 0.021143944 0.02083119 0.022275247 0.02384611 0.023987252 0.023809656 0.024213865 0.024180542 0.026511555 0.027618064 0.02936907 0.027654042 0.027419898 0.030492849 0.031788173 0.032587769 0 0 0 0 0 0 0.040187035 0.043481243 0.064174295 0.047568275 0.055366932 0.045060098 0.053634145 0.056648037 0.067504668 0.048145969 0.134835096 0.101064889 -0.093032454 -0.665476468 -0.509094787 0.987770987
563.703 0 0 0 0 0 0 0 0 0 0 0 0 0 0 0 -0.000889 -0.002071737 0.00217085 -0.004728115 -0.001585853 0.000151 0.001921123 -0.000854 0.000408 0.001048247 0.001132242 -0.000845 0.00081 0.001671049 0.002130716 0.001224837 0.001078944 0.002873079 0.004515299 0.005047938 0.006980069 0.004951416 0.003843905 0.004348182 0.005712134 0.005734425 0.005957043 0.005972003 0.007223958 0.008970011 0.007199345 0.006818887 0.01008686 0.008546917 0.011193306 0.010377949 0.013108792 0.011653743 0.012895124 0.012250128 0.013078316 0.013161389 0.014507303 0.012720857 0.015811898 0.015503913 0.017820755 0.019470978 0.015947175 0.014998572 0.019863705 0.019373098 0.020055521 0.020463 0.017536929 0.017496552 0.01935313 0.019288368 0.020781303 0.022220874 0.019856529 0.021514364 0.020020496 0.020676427 0.0229435 0.024205881 0.023510657 0.022583256 0.024719342 0.022967578 0.026161306 0.02480717 0.027505003 0.024897785 0.024654018 0.02610144 0.026076347 0.028813163 0.03053787 0.032127712 0 0 0 0 0 0 0.040554075 0.042442304 0.04999272 0.051082106 0.051521071 0.047691428 0.038585669 0.051694577 0.04738373 -0.001762955 0.013791328 0.101994046 0.170148677 -0.543428809 -3.503386451 -22.65805268
567.039 0 0 0 0 0 0 0 0 0 0 0 0 0 0 0.004580098 0.003384727 0.004155626 0.008230688 -0.000165 0.006040557 0.004154962 0.0047485 0.002287219 0.004398682 0.005538806 0.007964959 0.005809378 -0.001973148 0.006478959 0.004601382 0.004917892 0.004316375 0.007135756 0.004786922 0.006067814 0.00393778 0.005549712 0.005405208 0.006871715 0.006661163 0.005856326 0.005649484 0.007470158 0.008611703 0.007422927 0.007965032 0.008909405 0.009904746 0.010205329 0.009393138 0.012619105 0.008775483 0.01011518 0.012671452 0.013015371 0.014620253 0.013977716 0.014081161 0.014395696 0.015176576 0.01440801 0.016933979 0.017101917 0.016018142 0.01506455 0.017348104 0.017778117 0.018514627 0.016558944 0.021838945 0.019552035 0.020831579 0.021646581 0.022646286 0.017193932 0.019342236 0.020810793 0.019708876 0.02043307 0.021230043 0.020374071 0.01926399 0.022471485 0.021890315 0.02276427 0.024626681 0.022881468 0.02269987 0.027483263 0.024586995 0.026034571 0.027133506 0.030318041 0.03222436 0 0 0 0 0 0 0.032533713 0.038338148 0.040701693 0.043998596 0.051617487 0.048836413 0.0541627 0.059572783 0.055045138 0.048729641 0.118120288 0.109343732 0.204611873 0.418238148 -0.857666103 4.290780733 14.88655005
570.375 0 0 0 0 0 0 0 0 0 0 0 0 0 -0.004970805 -0.004444539 -0.006483289 0.000173 -3.33e-07 -0.004133419 -0.00514443 0.001090118 -0.00195254 -0.002166277 -0.003887765 -0.002132967 -0.003322136 0.001835005 -0.003871045 0.000566 0.002487706 0.001036399 0.001289743 0.003832045 0.000253 0.004284086 0.003183122 0.00174416 0.004255857 0.00395971 0.003588916 0.005087142 0.005518577 0.005166937 0.005645764 0.005784169 0.005511353 0.005779586 0.006340821 0.006875015 0.009497213 0.004672776 0.007110475 0.008617041 0.006756136 0.007331571 0.011325948 0.009216089 0.009954183 0.010158116 0.010700777 0.009138884 0.010552885 0.010099348 0.010846954 0.0133426 0.012670848 0.014343452 0.016017581 0.012917894 0.014545248 0.016408248 0.014505524 0.015400406 0.015511456 0.015673612 0.018330527 0.014447139 0.018909098 0.01532016 0.020030697 0.01756758 0.018772206 0.01489807 0.019451213 0.020390811 0.019559883 0.020492499 0.019063409 0.021823881 0.021920887 0.022829041 0.024184911 0.021290049 0.02129178 0 0 0 0 0 0 0.031296073 0.028398658 0.038215241 0.025109207 0.033115694 0.033148985 0.038003495 0.033339529 0.024664916 0.014069353 -0.058558688 -0.062072204 -0.206745194 -0.537849618 -2.465607924 -13.51355868 -25.03288902
573.713 0 0 0 0 0 0 0 0 0 0 0 0 0.002762811 0.002491242 0.002787639 0.001985969 -0.000179 0.002212381 0.007290224 -0.000805 0.004049601 0.002553639 -0.002317709 0.000835 -0.001203647 0.00217719 0.001714863 0.005644948 0.002942925 0.00606942 0.0042556 0.001390499 0.002558574 0.001188583 0.006231147 0.00390648 0.00379088 0.006541594 0.005529719 0.006187159 0.004461424 0.00610168 0.007319244 0.007295517 0.00665829 0.005958195 0.007947188 0.01095316 0.008286417 0.008948104 0.009288306 0.009965702 0.010466323 0.011979918 0.011599317 0.010599926 0.011850168 0.01278045 0.010958005 0.01412191 0.014955306 0.011198997 0.013894524 0.012629259 0.013947194 0.017574281 0.015071784 0.013428491 0.015450379 0.015231229 0.016445391 0.016938114 0.017599396 0.016514253 0.017758787 0.017221263 0.016770379 0.018616304 0.018466275 0.01667388 0.018781467 0.018816576 0.019458623 0.019941879 0.020206218 0.022475213 0.020538856 0.020797341 0.021268367 0.02312724 0.02251392 0.023096424 0.021637773 0 0 0 0 0 0 0.032613019 0.033352604 0.039494062 0.038302349 0.033367667 0.035699494 0.038760947 0.025849405 0.045696457 0.040635525 0.069274357 0.039884566 0.138377054 -0.066189732 0.231368158 -0.554393872 -4.35070871 -24.08253534
577.05 0 0 0 0 0 0 0 0 0 0 0 0.005299193 0.001580391 0.004606559 -0.001864712 0.000899 -0.001933729 -0.001705053 0.00182264 -3.07e-06 0.003278046 0.00150431 0.002464887 0.001671938 0.000667 0.002307686 0.00171783 0.00106046 0.001023575 0.00369202 0.002599559 0.001598274 0.003567113 0.004002976 0.00505897 0.003590342 0.002184121 0.007050548 0.003648864 0.006969025 0.005401267 0.00377431 0.006881684 0.006990423 0.005633932 0.00758433 0.007690168 0.006365347 0.008133962 0.009612796 0.010973112 0.005676003 0.007769766 0.009640854 0.009524619 0.010917698 0.010944362 0.012305017 0.012099375 0.01119018 0.012167319 0.012818776 0.012026816 0.012983962 0.011914849 0.014080195 0.013004096 0.015553386 0.012377995 0.014964605 0.014393227 0.016328456 0.01489998 0.016194003 0.014913087 0.016092973 0.016526934 0.015741592 0.017817729 0.015405173 0.015226078 0.015268157 0.016827741 0.019004312 0.01969693 0.020353045 0.019002381 0.019559825 0.020175392 0.021559452 0.019417734 0.0223679 0.022270833 0 0 0 0 0 0 0.032132031 0.030421986 0.036683894 0.033720256 0.038621945 0.041394818 0.041407262 0.030883001 0.046373936 0.020765641 0.052923251 0.062809609 0.10764497 0.037059986 0.193615842 0.430015108 1.789683078 -2.009870543
580.388 0 0 0 0 0 0 0 0 0 0 -0.002710816 -0.004269756 -0.006524124 -0.00344703 -0.001666785 -0.005228489 0.002807902 -0.000174 -0.000989 0.001288436 -0.002644316 -0.002548118 0.003472947 0.003619482 0.001469768 -0.003199322 0.003186917 0.00199735 0.000791 -0.000325 -0.000414 0.000594 0.001734858 0.003484144 0.002270288 0.002705903 0.004446925 0.002912815 0.00487483 0.004964712 0.003478141 0.005668471 0.003384227 0.003909069 0.005219252 0.004278648 0.007402266 0.005510626 0.002375085 0.007804045 0.009678506 0.009806998 0.007386432 0.006623669 0.007918794 0.004957854 0.009611021 0.009721951 0.01008894 0.008842093 0.00869519 0.01110137 0.012766845 0.011449585 0.011476951 0.008140632 0.012743777 0.011769053 0.011320583 0.013698021 0.013861919 0.013046444 0.012980027 0.013532626 0.012762751 0.012126019 0.015209938 0.01671327 0.013382885 0.016252866 0.015672406 0.014540098 0.012914096 0.016357621 0.014950356 0.016246237 0.017472907 0.017741777 0.019524695 0.016798588 0.017813734 0.018212822 0 0 0 0 0 0 0.026362641 0.025502224 0.024796813 0.027558259 0.020966201 0.030607531 0.025028525 0.032450572 0.033071446 0.010569714 0.035009287 0.031643169 0.047375531 -0.027710878 -0.066694078 0.056881085 -1.175163944 -1.031154447 -30.11131166
583.727 0 0 0 0 0 0 0 0 0 0.000214 -0.00354686 -0.001621585 -0.004336477 -0.005343303 -0.006663612 -0.001619678 -0.006819816 -0.006784097 -0.002148659 -0.005613833 -0.00512352 0.000143 -0.003174836 -0.005407266 -0.002397792 0.000766 -0.001955801 -0.0015222 -0.0009 -0.001401471 -0.001446239 -0.002370609 -0.000465 0.000589 0.000584 0.001580653 0.000865 0.001982748 0.004081731 0.003190384 0.002929916 0.004274754 0.003224556 0.004213296 0.006345909 0.003031359 0.004964928 0.00419382 0.0027757 0.002832941 0.004031804 0.008321192 0.005101458 0.007738957 0.00631454 0.005615682 0.008127637 0.00714555 0.005757669 0.006408798 0.008577811 0.007701951 0.009652431 0.009746085 0.008825526 0.009625858 0.00923614 0.009713492 0.010624321 0.012064163 0.009610785 0.010895722 0.012034855 0.010805048 0.011360807 0.011076172 0.011940098 0.012966024 0.013339974 0.014099659 0.014866795 0.013094499 0.012798669 0.012451648 0.013826617 0.015793954 0.013967263 0.01566028 0.017997724 0.016034448 0.016382497 0.017206482 0 0 0 0 0 0 0.0140073 0.022598009 0.020762812 0.023081238 0.025029835 0.025878631 0.019653816 0.020962041 0.023491421 0.009374421 0.011139164 -0.003461891 -0.068093811 -0.02736226 -0.294686882 -0.976071403 -2.337135956 -8.384095358 -6.007876018
587.066 0 0 0 0 0 0 0 0 0.00176696 -0.004281164 0.00208271 0.00365561 0.00236681 0.000955 0.001665018 0.0111462 0.004542452 0.002884475 0.005613252 0.007219731 0.004660928 0.003444353 0.001009322 0.000835 0.005590255 0.001786019 0.004397289 0.0014057 0.002708356 0.00550459 0.002997873 0.003864029 0.00290812 0.003554522 0.002933206 0.003253542 0.004215674 0.00403884 0.00563741 0.005390431 0.005176958 0.005034325 0.005605069 0.00542421 0.006575797 0.006182223 0.007849882 0.008164683 0.008583309 0.009889152 0.010283019 0.007255025 0.010282414 0.007530889 0.009545696 0.009735965 0.010195723 0.010513628 0.00997141 0.010774073 0.011829357 0.010979262 0.008629933 0.01016549 0.012994925 0.013847129 0.011165326 0.012854609 0.013925213 0.013223177 0.013464572 0.011600797 0.013357963 0.012596771 0.014425386 0.012088459 0.014492958 0.015789013 0.014420425 0.015728612 0.014324002 0.014980086 0.016096933 0.016678453 0.015673534 0.012143404 0.014627381 0.013559192 0.0185185 0.020471498 0.018950252 0 0 0 0 0 0 0.021230447 0.027700065 0.030016516 0.02294155 0.032089115 0.024061271 0.035140304 0.043656317 0.041914384 0.040649251 0.041401501 0.044413197 0.043258075 0.049284152 0.141148553 0.014689312 0.095473512 1.536437742 -1.261882344 10.99264204
590.406 0 0 0 0 0 0 0.010357429 0.013754989 0.00490674 0.006700739 0.004841977 0.011677208 0.004573268 0.012536224 0.001678884 0.005626456 0.004766085 0.005823121 0.000666 0.004210032 0.00439146 0.006352139 0.005829098 0.006166918 0.002421073 0.00219125 0.006911614 0.004616384 0.006493523 0.004364331 0.005119719 0.004105196 0.006990189 0.007443996 0.005082063 0.007627099 0.004115071 0.006085731 0.002488013 0.007167558 0.004095546 0.005565678 0.00511252 0.005162618 0.007105826 0.007432556 0.006846489 0.009713856 0.008093144 0.009579837 0.007591694 0.007636829 0.008987272 0.008900227 0.007686214 0.007793463 0.010455033 0.011203059 0.011985952 0.010795626 0.008575126 0.011450421 0.01173977 0.011953965 0.008835404 0.010290704 0.011279505 0.013440205 0.010662489 0.013213444 0.012379543 0.013141013 0.013987397 0.011196781 0.013955617 0.01446374 0.015320697 0.013577965 0.014909562 0.014864051 0.014472579 0.012462699 0.013947642 0.01797376 0.014515377 0.018611729 0.018429932 0.018125674 0.019492334 0.020683193 0.01979238 0 0 0 0 0 0 0.026599058 0.024010214 0.024795058 0.027974212 0.032648085 0.029958202 0.029450858 0.041592201 0.040490464 0.048373822 0.035382118 0.046473483 0.055496792 0.057456019 0.107828471 0.453957394 0.697976123 3.860645263 -5.40394465 -4.034448589
593.746 0 0 0 0 0 0.002678625 -0.002627982 -0.001394182 -0.002024076 0.001735796 -0.001064987 0.003301313 0.002606857 -0.002334129 0.00377203 -0.005683654 -0.000537 -0.002769281 0.001174956 0.004081735 0.001105706 0.001373012 0.003234731 0.002116766 -0.000408 0.004810988 0.001119357 0.003582879 0.001956616 0.00176114 0.004110833 0.003542021 0.007235771 0.00292625 0.002819101 0.002669535 0.003039657 0.003322183 0.00343493 0.004767058 0.003385458 0.004115819 0.005055962 0.004778906 0.004721426 0.004979669 0.005266596 0.007310986 0.007830615 0.004871572 0.004271801 0.006926949 0.007431242 0.007166882 0.00819394 0.00778681 0.008441106 0.008122768 0.009462595 0.007804098 0.009944378 0.007581649 0.007664024 0.009087513 0.008581512 0.009489872 0.010673521 0.009370226 0.009860232 0.009206504 0.01205116 0.011252147 0.011772787 0.00961299 0.012692968 0.01115344 0.010736961 0.011918627 0.011403054 0.013476874 0.011313099 0.01257029 0.012028188 0.013979421 0.012060488 0.012785095 0.013486971 0.015194983 0.014925154 0.015897981 0 0 0 0 0 0 0.017707803 0.020630976 0.024546272 0.019620058 0.025402138 0.019729151 0.024033079 0.02943657 0.025119172 0.038984001 0.016583618 0.0327268 0.013773885 0.022708053 0.059945269 0.003637456 0.045562591 -0.154494981 -1.123549468 0.783806539 -3.050797133
597.086 0 0 0 0 0.001768893 0.000247 0.001682144 -0.000467 0.001588021 -0.001536464 0.003002063 0.002086471 0.005066644 0.004512364 -0.001519703 0.002220506 0.003237392 0.00348516 0.000512 0.001650776 0.004630012 0.003698477 0.00474498 0.002569529 1.86e-06 0.005376625 0.004897733 0.005900239 0.002894644 0.00399434 0.003614137 0.001131074 0.003450708 0.004349818 0.003879396 0.002859248 0.004786906 0.005899838 0.004662113 0.002375129 0.005521734 0.003318808 0.004638141 0.006225078 0.006641048 0.004892487 0.005172152 0.005646037 0.009494944 0.006330888 0.009431397 0.008400649 0.008845493 0.007375273 0.01032774 0.008236335 0.006619196 0.010383236 0.007863665 0.010434609 0.008352498 0.008190454 0.008781814 0.009677205 0.010752507 0.009160261 0.009893402 0.011829289 0.009264911 0.012254128 0.010981292 0.01055039 0.010225518 0.010046373 0.011469626 0.010134439 0.010965199 0.011532371 0.012327883 0.014284783 0.011976821 0.011674738 0.013454825 0.013942109 0.013503519 0.014200328 0.01511677 0.017488788 0.015758181 0.015392264 0 0 0 0 0 0 0.019311118 0.027352627 0.022807568 0.022864915 0.015652711 0.023951993 0.027727634 0.028834843 0.025321853 0.033248972 0.022747714 0.01918273 0.032616241 0.016829293 0.031131885 0.081481624 0.128913395 0.569289592 -0.634101791 -0.268049016 39.01553427
600.427 0 0 0 -0.001333 0.000512 0.00549383 0.00632611 0.000707 0.006447183 -0.002012205 -0.002827595 0.001269312 0.003484433 0.002588545 -0.001355626 0.006562392 -0.000186 -0.002128597 0.006542835 0.001169149 -0.003403341 0.003433342 0.007824636 0.002166341 -0.001390034 0.001197197 0.000637 0.000734 0.004237163 0.002031863 0.003560845 0.000637 0.002172985 0.002470586 0.002711655 0.003648135 0.004932984 0.004508404 0.004528225 0.002582204 0.00432992 0.003863631 0.004035487 0.003352295 0.005009799 0.006834543 0.006788111 0.005650498 0.005539506 0.005069534 0.005278681 0.006289423 0.007986315 0.007704922 0.004865549 0.008045646 0.005599532 0.004969562 0.008965841 0.007799933 0.007817451 0.008773288 0.007486609 0.009211337 0.007927956 0.009876641 0.008109037 0.010679003 0.010089829 0.007762037 0.012407611 0.011439731 0.010014324 0.010482102 0.009864667 0.011905549 0.01175728 0.012053903 0.008715424 0.012304311 0.011652639 0.011919063 0.013654488 0.010979239 0.011859627 0.009766769 0.013199125 0.014494328 0.013924256 0 0 0 0 0 0 0.017608752 0.016508318 0.020076228 0.019370982 0.018786091 0.01712239 0.022701357 0.026869564 0.029266287 0.029601718 0.034899812 0.028736958 0.029231914 0.033118936 0.061019868 0.017858012 0.075427272 0.061599161 0.000892 0.514164027 -3.457999785 13.56438695
603.768 0 0 -0.009452926 0.004019382 -0.00078 0.007064925 0.005652387 -0.004314271 0.000232 0.005640999 0.00439425 0.001281282 0.003324094 0.006037293 0.0029223 0.00492731 0.004049304 0.004291024 -0.002440681 0.002025583 -0.000658 -0.002059135 -0.00319437 0.002481925 0.002384163 -0.000943 0.001285658 0.002593873 0.002500938 0.002281354 0.001201917 0.004919512 0.003158558 0.00124608 0.002121918 0.003937766 0.002221666 0.002987526 0.00293733 0.002609896 0.003603822 0.004855119 0.004758128 0.003721159 0.004520744 0.005018512 0.004172968 0.006112869 0.006547363 0.005893473 0.0055016 0.006356996 0.006455841 0.004490725 0.006884704 0.007657664 0.006064051 0.006321387 0.006523521 0.007320429 0.009516357 0.008306866 0.009277461 0.008518559 0.006117288 0.007716461 0.011039074 0.010477702 0.007416387 0.00967304 0.010436881 0.010301723 0.0100473 0.009578 0.009252578 0.01046523 0.010538165 0.009280462 0.009163411 0.011506361 0.011485422 0.012045138 0.010178205 0.012658738 0.009880224 0.012971586 0.012559846 0.01438286 0.011257646 0 0 0 0 0 0 0.020783396 0.018312452 0.018053138 0.012112933 0.018616327 0.020848929 0.022478931 0.025620116 0.02038916 0.01611309 0.01744922 0.03142374 0.031993819 0.014252197 0.023426638 0.055885166 0.054520245 -0.123503621 0.162714129 1.040227364 -9.919678886 11.58762263
607.109 0 0.006615211 0.005307153 0.0056614 -0.001568122 0.005076104 0.002215214 0.006008552 0.011463362 0.000682 0.000441 0.007519761 0.003964953 0.001618933 0.003725959 0.002856294 -0.001852997 0.003950017 0.004373227 -0.000516 0.004277098 0.006981016 0.006267949 0.002641715 0.009593866 0.004056611 0.001811943 -0.001116796 0.004662892 0.004354349 0.004714329 0.003579027 0.003179373 0.004221383 0.003911047 0.003370464 0.005398993 0.003228772 0.004257839 0.004139182 0.005176034 0.004126884 0.005518983 0.004409388 0.005696431 0.007076694 0.005333493 0.006549395 0.007362281 0.005754001 0.006621539 0.006797453 0.00687732 0.006097918 0.006465497 0.008095857 0.007150664 0.008357326 0.007743526 0.006888366 0.00851509 0.009383657 0.010593334 0.01245108 0.008315403 0.008855247 0.010934922 0.009504543 0.009165192 0.010720773 0.011173723 0.008568927 0.010248789 0.009629567 0.010600446 0.010449774 0.009955269 0.011962841 0.010498028 0.012573774 0.011913852 0.01211086 0.012054433 0.01194149 0.011399462 0.013295052 0.013933387 0.015620068 0 0 0 0 0 0 0.017721874 0.017892286 0.015683353 0.01739979 0.015346893 0.022831532 0.020331656 0.025155369 0.022151873 0.027715154 0.04031938 0.022991731 0.046430525 0.034626465 0.034488123 0.039668969 0.026077738 0.069615898 0.148547242 0.102748757 2.939139336 5.941432672 -3.14887166
610.451 0.000291 -0.00292678 -0.004232211 -0.005991868 0.002898173 0.000512 -0.002231202 -0.004610568 -0.003071748 -0.004585947 -0.001785413 -0.001304341 -0.008018037 0.000205 0.001585782 -0.006543757 -0.000188 0.001821517 0.001940915 -0.00343292 -0.005485704 -0.001286757 -0.003705933 -0.001483921 -0.000713 0.00041 -0.000655 -0.001504057 0.000369 -0.00322544 0.000445 0.000752 0.004388857 -0.000638 0.001256707 0.000935 0.00178975 0.003337921 0.001734261 0.002297684 0.00324153 0.003406651 0.003504006 0.003045384 0.001958836 0.001523404 0.002873359 0.004899616 0.005688892 0.003036271 0.00287834 0.003511106 0.003824514 0.002660018 0.00437931 0.004890434 0.003612314 0.00448482 0.004876909 0.001618521 0.004739091 0.002464689 0.003843135 0.007760063 0.004112384 0.004258173 0.006345818 0.007600187 0.006118933 0.00611047 0.008616612 0.006848998 0.008714037 0.007295008 0.0074295 0.007521703 0.00804414 0.007839796 0.007935102 0.007766141 0.008875023 0.010892083 0.00911126 0.010077868 0.006743729 0.009857594 0.010732292 0.009916882 0 0 0 0 0 0 0.0127191 0.011753425 0.013637783 0.016364257 0.013143072 0.014181706 0.018207571 0.014358285 0.016651517 0.015458845 0.019364854 0.019683379 0.010642352 0.019996681 -0.008477791 -0.014978521 0.020325825 -0.003592622 -0.173349268 -0.061122202 -1.319596212 -7.082003769 -26.75662795
613.792 -0.006272506 0.000586 -0.00307376 -0.000538 0.002354205 -0.003552805 -0.002464729 -0.004564886 -0.007020751 -0.003401038 0.000669 -0.000858 -0.002709397 0.00384391 -0.001759276 -4.06e-07 -0.002218231 -0.002335838 0.001751783 -0.000675 -0.000823 0.000483 0.0059639 0.001762995 0.000425 0.004598059 0.000258 0.0027326 0.001205909 -0.001364413 0.001316453 0.003150241 -0.000583 0.002876567 0.002667702 0.00219171 0.003934144 0.00202801 0.002197929 0.00297318 0.001708419 0.003372876 0.002418584 0.001898636 0.00545495 0.004651121 0.004124737 0.000889 0.003724678 0.002749533 0.003688805 0.004373879 0.004019132 0.004669179 0.004032183 0.005239458 0.002276019 0.003918334 0.005376074 0.007835186 0.00650746 0.004974212 0.005795924 0.00432751 0.005804564 0.00818312 0.003997867 0.005307547 0.007614745 0.007199506 0.007477497 0.004993322 0.008406742 0.007880114 0.008005859 0.007944812 0.009744037 0.007833345 0.008499839 0.007833049 0.009008543 0.010490348 0.008343508 0.007936103 0.00773675 0.008331588 0.009145343 0 0 0 0 0 0 0.011600046 0.010728235 0.013640645 0.012413319 0.010952915 0.014347617 0.018529649 0.018027844 0.016073784 0.014941657 0.0225188 0.01817984 0.024937757 0.029676281 0.020384785 0.053767194 0.003732257 -0.040062895 -0.022181925 0.054376689 -0.305580381 -1.503152576 -1.360785176 -37.0981992
617.135 0.003351767 0.008556738 0.00256854 0.00468308 0.00853301 0.003107365 0.007071688 0.00417544 0.004781675 0.002323807 0.003378116 -1.6e-06 0.006189535 0.004548977 0.005007449 0.008178405 0.009656629 0.008813975 0.002319786 0.006603392 0.007230268 0.004370322 0.004998506 0.006157491 0.004035681 0.005249975 0.007143914 0.008755899 0.006478186 0.004100162 0.005152136 0.005682491 0.004537602 0.003394893 0.002089236 0.005941355 0.005201498 0.003837249 0.004070584 0.003872624 0.004601939 0.002828764 0.003437292 0.005133484 0.006007113 0.005423385 0.00450536 0.006693736 0.004336762 0.008778413 0.006167802 0.00578766 0.00868769 0.008387267 0.010027672 0.005028873 0.007637679 0.005426888 0.008192766 0.009257644 0.008702299 0.007000395 0.005922286 0.00929474 0.010444761 0.009825646 0.009590426 0.010279728 0.008969182 0.008373422 0.011881878 0.010965024 0.00926821 0.008946228 0.010391605 0.008995275 0.009592504 0.007277728 0.010801191 0.009398834 0.011134533 0.01056696 0.010070818 0.008750821 0.010983869 0.014104549 0.012013458 0 0 0 0 0 0 0.014674623 0.014178724 0.01598348 0.017979528 0.017169149 0.015854066 0.019697816 0.021848243 0.010957838 0.03132216 0.019474508 0.027358993 0.019912012 0.035708964 0.042330573 0.013744923 0.08611399 0.145513554 0.11221183 0.095946583 0.560599633 2.934881163 10.75500394 35.71870309
