NaN 600 596.73 593.46 590.19 586.92 583.65 580.38 577.11 573.84 570.57 567.3 564.03 560.76 557.49 554.22 550.95 547.68 544.41 541.14 537.87 534.6 531.33 528.06 524.79 521.52 518.25 514.98 511.71 508.44 505.17 501.9 498.63 495.36 492.09 488.82 485.55 482.28 479.01 475.74 472.47 469.2 465.93 462.66 459.39 456.12 452.85 449.58 446.31 443.04 439.77 436.5 433.23 429.96 426.69 423.42 420.15 416.88 413.61 410.34 407.07 403.8 400.53 397.26 393.99 390.72 387.45 384.18 380.91 377.64 374.37 371.1 367.83 364.56 361.29 358.02 354.75 351.48 348.21 344.94 341.67 338.4 335.13 331.86 328.59 325.32 322.05 318.78 315.51 312.24 308.97 305.7 302.43 299.16 295.89 292.62 289.35 286.08 282.81 279.54 276.27 273 269.73 266.46 263.19 259.92 256.65 253.38 250.11 246.84 243.57 240.3 237.03 233.76 230.49 227.22 223.95 220.68
NaN NaN NaN NaN NaN NaN NaN NaN NaN NaN NaN NaN NaN NaN NaN NaN NaN NaN NaN NaN NaN NaN NaN NaN NaN NaN NaN NaN NaN NaN NaN NaN NaN NaN NaN NaN NaN NaN NaN NaN NaN NaN NaN NaN NaN NaN NaN NaN NaN NaN NaN NaN NaN NaN NaN NaN NaN NaN NaN NaN NaN NaN NaN NaN NaN NaN NaN NaN NaN NaN NaN NaN NaN NaN NaN NaN NaN NaN NaN NaN NaN NaN NaN NaN NaN NaN NaN NaN NaN NaN NaN NaN NaN NaN NaN NaN NaN NaN NaN NaN NaN NaN NaN NaN NaN NaN NaN NaN NaN NaN NaN NaN NaN NaN NaN NaN NaN NaN
NaN NaN NaN NaN NaN NaN NaN NaN NaN NaN NaN NaN NaN NaN NaN NaN NaN NaN NaN NaN NaN NaN NaN NaN NaN NaN NaN NaN NaN NaN NaN NaN NaN NaN NaN NaN NaN NaN NaN NaN NaN NaN NaN NaN NaN NaN NaN NaN NaN NaN NaN NaN NaN NaN NaN NaN NaN NaN NaN NaN NaN NaN NaN NaN NaN NaN NaN NaN NaN NaN NaN NaN NaN NaN NaN NaN NaN NaN NaN NaN NaN NaN NaN NaN NaN NaN NaN NaN NaN NaN NaN NaN NaN NaN NaN NaN NaN NaN NaN NaN NaN NaN NaN NaN NaN NaN NaN NaN NaN NaN NaN NaN NaN NaN NaN NaN NaN NaN
210.901 0 0 0 0 0 0 0 0 0 0 0 0 0 0 0 0 0 0 0 0 0 0 0 0 0 0 0 0 0 0 0 0 0 0 0 0 0 0 0 0 0 0 0 0 0 0 0 0 0 0 0 0 0 0 0 0 0 0 0 0 0 0 0 0 0 0 0 0 0 0 0 0 0 0 0 0 0 0 0 0 0 0 0 0 0 0 0 0 0 0 0 0 0 0 0 0 0 0 0 0 0 0 0 0 0 0 0 0 0 0 0 0 0 0 0 0 0
214.065 0 0 0 0 0 0 0 0 0 0 0 0 0 0 0 0 0 0 0 0 0 0 0 0 0 0 0 0 0 0 0 0 0 0 0 0 0 0 0 0 0 0 0 0 0 0 0 0 0 0 0 0 0 0 0 0 0 0 0 0 0 0 0 0 0 0 0 0 0 0 0 0 0 0 0 0 0 0 0 0 0 0 0 0 0 0 0 0 0 0 0 0 0 0 0 0 0 0 0 0 0 0 0 0 0 0 0 0 0 0 0 0 0 0 0 0 0
217.232 0 0 0 0 0 0 0 0 0 0 0 0 0 0 0 0 0 0 0 0 0 0 0 0 0 0 0 0 0 0 0 0 0 0 0 0 0 0 0 0 0 0 0 0 0 0 0 0 0 0 0 0 0 0 0 0 0 0 0 0 0 0 0 0 0 0 0 0 0 0 0 0 0 0 0 0 0 0 0 0 0 0 0 0 0 0 0 0 0 0 0 0 0 0 0 0 0 0 0 0 0 0 0 0 0 0 0 0 0 0 0 0 0 0 0 0 0
220.402 0 0 0 0 0 0 0 0 0 0 0 0 0 0 0 0 0 0 0 0 0 0 0 0 0 0 0 0 0 0 0 0 0 0 0 0 0 0 0 0 0 0 0 0 0 0 0 0 0 0 0 0 0 0 0 0 0 0 0 0 0 0 0 0 0 0 0 0 0 0 0 0 0 0 0 0 0 0 0 0 0 0 0 0 0 0 0 0 0 0 0 0 0 0 0 0 0 0 0 0 0 0 0 0 0 0 0 0 0 0 0 0 0 0 0 0 0
223.574 0 0 0 0 0 0 0 0 0 0 0 0 0 0 0 0 0 0 0 0 0 0 0 0 0 0 0 0 0 0 0 0 0 0 0 0 0 0 0 0 0 0 0 0 0 0 0 0 0 0 0 0 0 0 0 0 0 0 0 0 0 0 0 0 0 0 0 0 0 0 0 0 0 0 0 0 0 0 0 0 0 0 0 0 0 0 0 0 0 0 0 0 0 0 0 0 0 0 0 0 0 0 0 0 0 0 0 0 0 0 0 0 0 0 0 0 0
226.748 0 0 0 0 0 0 0 0 0 0 0 0 0 0 0 0 0 0 0 0 0 0 0 0 0 0 0 0 0 0 0 0 0 0 0 0 0 0 0 0 0 0 0 0 0 0 0 0 0 0 0 0 0 0 0 0 0 0 0 0 0 0 0 0 0 0 0 0 0 0 0 0 0 0 0 0 0 0 0 0 0 0 0 0 0 0 0 0 0 0 0 0 0 0 0 0 0 0 0 0 0 0 0 0 0 0 0 0 0 0 0 0 0 0 0 0 0
229.925 0 0 0 0 0 0 0 0 0 0 0 0 0 0 0 0 0 0 0 0 0 0 0 0 0 0 0 0 0 0 0 0 0 0 0 0 0 0 0 0 0 0 0 0 0 0 0 0 0 0 0 0 0 0 0 0 0 0 0 0 0 0 0 0 0 0 0 0 0 0 0 0 0 0 0 0 0 0 0 0 0 0 0 0 0 0 0 0 0 0 0 0 0 0 0 0 0 0 0 0 0 0 0 0 0 0 0 0 0 0 0 0 0 0 0 0 0
233.104 0 0 0 0 0 0 0 0 0 0 0 0 0 0 0 0 0 0 0 0 0 0 0 0 0 0 0 0 0 0 0 0 0 0 0 0 0 0 0 0 0 0 0 0 0 0 0 0 0 0 0 0 0 0 0 0 0 0 0 0 0 0 0 0 0 0 0 0 0 0 0 0 0 0 0 0 0 0 0 0 0 0 0 0 0 0 0 0 0 0 0 0 0 0 0 0 0 0 0 0 0 0 0 0 0 0 0 0 0 0 0 0 0 0 0 0 7.683912535
236.285 0 0 0 0 0 0 0 0 0 0 0 0 0 0 0 0 0 0 0 0 0 0 0 0 0 0 0 0 0 0 0 0 0 0 0 0 0 0 0 0 0 0 0 0 0 0 0 0 0 0 0 0 0 0 0 0 0 0 0 0 0 0 0 0 0 0 0 0 0 0 0 0 0 0 0 0 0 0 0 0 0 0 0 0 0 0 0 0 0 0 0 0 0 0 0 0 0 0 0 0 0 0 0 0 0 0 0 0 0 0 0 0 0 0 0 -2.432211904 -1.908344495
239.469 0 0 0 0 0 0 0 0 0 0 0 0 0 0 0 0 0 0 0 0 0 0 0 0 0 0 0 0 0 0 0 0 0 0 0 0 0 0 0 0 0 0 0 0 0 0 0 0 0 0 0 0 0 0 0 0 0 0 0 0 0 0 0 0 0 0 0 0 0 0 0 0 0 0 0 0 0 0 0 0 0 0 0 0 0 0 0 0 0 0 0 0 0 0 0 0 0 0 0 0 0 0 0 0 0 0 0 0 0 0 0 0 0 0 -1.764282368 -2.430018958 -7.560914607
242.655 0 0 0 0 0 0 0 0 0 0 0 0 0 0 0 0 0 0 0 0 0 0 0 0 0 0 0 0 0 0 0 0 0 0 0 0 0 0 0 0 0 0 0 0 0 0 0 0 0 0 0 0 0 0 0 0 0 0 0 0 0 0 0 0 0 0 0 0 0 0 0 0 0 0 0 0 0 0 0 0 0 0 0 0 0 0 0 0 0 0 0 0 0 0 0 0 0 0 0 0 0 0 0 0 0 0 0 0 0 0 0 0 0 0.254923996 1.523571328 0.483063468 -16.99506375
245.844 0 0 0 0 0 0 0 0 0 0 0 0 0 0 0 0 0 0 0 0 0 0 0 0 0 0 0 0 0 0 0 0 0 0 0 0 0 0 0 0 0 0 0 0 0 0 0 0 0 0 0 0 0 0 0 0 0 0 0 0 0 0 0 0 0 0 0 0 0 0 0 0 0 0 0 0 0 0 0 0 0 0 0 0 0 0 0 0 0 0 0 0 0 0 0 0 0 0 0 0 0 0 0 0 0 0 0 0 0 0 0 0 -0.04192156 0.145678767 1.231303093 0.505239302 16.0152593
249.035 0 0 0 0 0 0 0 0 0 0 0 0 0 0 0 0 0 0 0 0 0 0 0 0 0 0 0 0 0 0 0 0 0 0 0 0 0 0 0 0 0 0 0 0 0 0 0 0 0 0 0 0 0 0 0 0 0 0 0 0 0 0 0 0 0 0 0 0 0 0 0 0 0 0 0 0 0 0 0 0 0 0 0 0 0 0 0 0 0 0 0 0 0 0 0 0 0 0 0 0 0 0 0 0 0 0 0 0 0 0 0 -0.029281911 -0.104634606 -0.071152344 -1.391490513 1.676037557 -11.2973779
252.228 0 0 0 0 0 0 0 0 0 0 0 0 0 0 0 0 0 0 0 0 0 0 0 0 0 0 0 0 0 0 0 0 0 0 0 0 0 0 0 0 0 0 0 0 0 0 0 0 0 0 0 0 0 0 0 0 0 0 0 0 0 0 0 0 0 0 0 0 0 0 0 0 0 0 0 0 0 0 0 0 0 0 0 0 0 0 0 0 0 0 0 0 0 0 0 0 0 0 0 0 0 0 0 0 0 0 0 0 0 0 0.018691247 0.018318253 0.016630536 0.47875251 0.794329859 4.780208207 26.98649427
255.423 0 0 0 0 0 0 0 0 0 0 0 0 0 0 0 0 0 0 0 0 0 0 0 0 0 0 0 0 0 0 0 0 0 0 0 0 0 0 0 0 0 0 0 0 0 0 0 0 0 0 0 0 0 0 0 0 0 0 0 0 0 0 0 0 0 0 0 0 0 0 0 0 0 0 0 0 0 0 0 0 0 0 0 0 0 0 0 0 0 0 0 0 0 0 0 0 0 0 0 0 0 0 0 0 0 0 0 0 0 -0.027212078 -0.008503309 0.035189693 -0.040145419 0.030740583 0.238331416 -2.749088049 1.523178346
258.621 0 0 0 0 0 0 0 0 0 0 0 0 0 0 0 0 0 0 0 0 0 0 0 0 0 0 0 0 0 0 0 0 0 0 0 0 0 0 0 0 0 0 0 0 0 0 0 0 0 0 0 0 0 0 0 0 0 0 0 0 0 0 0 0 0 0 0 0 0 0 0 0 0 0 0 0 0 0 0 0 0 0 0 0 0 0 0 0 0 0 0 0 0 0 0 0 0 0 0 0 0 0 0 0 0 0 0 0 -0.00062 0.009391105 -0.050650122 -0.104267532 -0.130048658 0.123404779 -0.245407718 2.438696482 -2.398217047
261.821 0 0 0 0 0 0 0 0 0 0 0 0 0 0 0 0 0 0 0 0 0 0 0 0 0 0 0 0 0 0 0 0 0 0 0 0 0 0 0 0 0 0 0 0 0 0 0 0 0 0 0 0 0 0 0 0 0 0 0 0 0 0 0 0 0 0 0 0 0 0 0 0 0 0 0 0 0 0 0 0 0 0 0 0 0 0 0 0 0 0 0 0 0 0 0 0 0 0 0 0 0 0 0 0 0 0 0 0.001495206 0.013213596 -0.041737161 -0.069068059 -0.099753053 -0.110365634 0.270706933 -0.258354027 -2.322684801 -8.305224907
265.023 0 0 0 0 0 0 0 0 0 0 0 0 0 0 0 0 0 0 0 0 0 0 0 0 0 0 0 0 0 0 0 0 0 0 0 0 0 0 0 0 0 0 0 0 0 0 0 0 0 0 0 0 0 0 0 0 0 0 0 0 0 0 0 0 0 0 0 0 0 0 0 0 0 0 0 0 0 0 0 0 0 0 0 0 0 0 0 0 0 0 0 0 0 0 0 0 0 0 0 0 0 0 0 0 0 0 0.009451342 0.016340267 0.02430672 0.013411798 0.033059648 0.066367979 0.347262108 1.070014348 2.148806312 7.531499314 26.86023088
268.228 0 0 0 0 0 0 0 0 0 0 0 0 0 0 0 0 0 0 0 0 0 0 0 0 0 0 0 0 0 0 0 0 0 0 0 0 0 0 0 0 0 0 0 0 0 0 0 0 0 0 0 0 0 0 0 0 0 0 0 0 0 0 0 0 0 0 0 0 0 0 0 0 0 0 0 0 0 0 0 0 0 0 0 0 0 0 0 0 0 0 0 0 0 0 0 0 0 0 0 0 0 0 0 0 0 -0.010547984 -0.004048124 0.01318453 -0.044374178 0.006412154 -0.036387606 -0.027618992 -0.085432873 -0.700670423 -0.87643601 -3.835575937 -1.756473785
271.434 0 0 0 0 0 0 0 0 0 0 0 0 0 0 0 0 0 0 0 0 0 0 0 0 0 0 0 0 0 0 0 0 0 0 0 0 0 0 0 0 0 0 0 0 0 0 0 0 0 0 0 0 0 0 0 0 0 0 0 0 0 0 0 0 0 0 0 0 0 0 0 0 0 0 0 0 0 0 0 0 0 0 0 0 0 0 0 0 0 0 0 0 0 0 0 0 0 0 0 0 0 0 0 0 -0.005118866 0.004966447 -0.011535736 -0.031824798 -0.012023499 -0.020078958 -0.018756759 -0.018762379 -0.16047242 0.434590021 1.061313671 -4.380227509 -6.323671954
274.643 0 0 0 0 0 0 0 0 0 0 0 0 0 0 0 0 0 0 0 0 0 0 0 0 0 0 0 0 0 0 0 0 0 0 0 0 0 0 0 0 0 0 0 0 0 0 0 0 0 0 0 0 0 0 0 0 0 0 0 0 0 0 0 0 0 0 0 0 0 0 0 0 0 0 0 0 0 0 0 0 0 0 0 0 0 0 0 0 0 0 0 0 0 0 0 0 0 0 0 0 0 0 0 -0.00828501 -0.003466464 -0.011271674 -0.017605118 -0.014963085 -0.009362989 0.011837844 -0.015689266 -0.139390643 -0.08808576 -0.140936287 -2.322370278 -4.437552202 -27.3716553
277.854 0 0 0 0 0 0 0 0 0 0 0 0 0 0 0 0 0 0 0 0 0 0 0 0 0 0 0 0 0 0 0 0 0 0 0 0 0 0 0 0 0 0 0 0 0 0 0 0 0 0 0 0 0 0 0 0 0 0 0 0 0 0 0 0 0 0 0 0 0 0 0 0 0 0 0 0 0 0 0 0 0 0 0 0 0 0 0 0 0 0 0 0 0 0 0 0 0 0 0 0 0 0 -0.003601087 -0.002532553 0.006872436 -0.014631648 -0.005650087 -0.027121382 -0.018302824 0.011890483 0.024529128 0.003192817 -0.163531713 -0.017577917 0.56835747 2.331076006 -14.65552987
281.068 0 0 0 0 0 0 0 0 0 0 0 0 0 0 0 0 0 0 0 0 0 0 0 0 0 0 0 0 0 0 0 0 0 0 0 0 0 0 0 0 0 0 0 0 0 0 0 0 0 0 0 0 0 0 0 0 0 0 0 0 0 0 0 0 0 0 0 0 0 0 0 0 0 0 0 0 0 0 0 0 0 0 0 0 0 0 0 0 0 0 0 0 0 0 0 0 0 0 0 0 0 0.000983 0.007614586 -0.000271 -0.007342124 -0.022541794 -0.027592051 0.001182662 -0.004374042 0.00644888 -0.047026345 -0.044391025 -0.108450765 -0.246997802 -1.417817621 -6.530847177 -12.84251164
284.283 0 0 0 0 0 0 0 0 0 0 0 0 0 0 0 0 0 0 0 0 0 0 0 0 0 0 0 0 0 0 0 0 0 0 0 0 0 0 0 0 0 0 0 0 0 0 0 0 0 0 0 0 0 0 0 0 0 0 0 0 0 0 0 0 0 0 0 0 0 0 0 0 0 0 0 0 0 0 0 0 0 0 0 0 0 0 0 0 0 0 0 0 0 0 0 0 0 0 0 0 0.006461381 0.006364663 0.008404661 0.002160026 0.003107835 0.010573404 -0.000878 -0.004213135 0.017296914 0.029729378 0.043006791 0.150238992 0.234288682 0.052114584 1.174881107 4.375902887 8.053198615
287.501 0 0 0 0 0 0 0 0 0 0 0 0 0 0 0 0 0 0 0 0 0 0 0 0 0 0 0 0 0 0 0 0 0 0 0 0 0 0 0 0 0 0 0 0 0 0 0 0 0 0 0 0 0 0 0 0 0 0 0 0 0 0 0 0 0 0 0 0 0 0 0 0 0 0 0 0 0 0 0 0 0 0 0 0 0 0 0 0 0 0 0 0 0 0 0 0 0 0 0 0.017665023 0.014061453 0.002540523 0.00416364 0.003053779 -0.010095267 0.005780007 0.002019793 0.004728447 0.015698076 -0.005258334 0.001657868 0.071270749 -0.159083072 -0.189919377 -0.779063081 -2.965738707 -13.45703135
290.72 0 0 0 0 0 0 0 0 0 0 0 0 0 0 0 0 0 0 0 0 0 0 0 0 0 0 0 0 0 0 0 0 0 0 0 0 0 0 0 0 0 0 0 0 0 0 0 0 0 0 0 0 0 0 0 0 0 0 0 0 0 0 0 0 0 0 0 0 0 0 0 0 0 0 0 0 0 0 0 0 0 0 0 0 0 0 0 0 0 0 0 0 0 0 0 0 0 0 0.014536836 0.016731761 0.023791306 0.016820802 0.007536959 -0.003031731 0.004835476 0.017180884 0.023561095 0.011364838 0.005613813 0.053722543 0.060239051 0.05788888 0.052105357 0.372838596 0.109035585 2.238153336 0.020495358
293.942 0 0 0 0 0 0 0 0 0 0 0 0 0 0 0 0 0 0 0 0 0 0 0 0 0 0 0 0 0 0 0 0 0 0 0 0 0 0 0 0 0 0 0 0 0 0 0 0 0 0 0 0 0 0 0 0 0 0 0 0 0 0 0 0 0 0 0 0 0 0 0 0 0 0 0 0 0 0 0 0 0 0 0 0 0 0 0 0 0 0 0 0 0 0 0 0 0 0.024248013 0.028856432 0.030810319 0.027218839 0.017228097 -0.000205 0.017732884 0.024693478 0.020472137 0.035024302 0.007132065 0.02073177 0.01832963 0.051156117 0.081063888 0.102681859 0.166955411 -0.054968085 1.105655131 10.43049158
297.166 0 0 0 0 0 0 0 0 0 0 0 0 0 0 0 0 0 0 0 0 0 0 0 0 0 0 0 0 0 0 0 0 0 0 0 0 0 0 0 0 0 0 0 0 0 0 0 0 0 0 0 0 0 0 0 0 0 0 0 0 0 0 0 0 0 0 0 0 0 0 0 0 0 0 0 0 0 0 0 0 0 0 0 0 0 0 0 0 0 0 0 0 0 0 0 0 0.026302373 0.027735274 0.036090653 0.033792395 0.0205256 0.007867006 0.017599162 0.02484157 0.022001267 0.025286853 0.02993395 0.032145477 0.047774426 0.045259686 0.063514444 0.097818392 0.076085164 0.362529036 0.210279669 -0.652073358 -36.73912502
300.392 0 0 0 0 0 0 0 0 0 0 0 0 0 0 0 0 0 0 0 0 0 0 0 0 0 0 0 0 0 0 0 0 0 0 0 0 0 0 0 0 0 0 0 0 0 0 0 0 0 0 0 0 0 0 0 0 0 0 0 0 0 0 0 0 0 0 0 0 0 0 0 0 0 0 0 0 0 0 0 0 0 0 0 0 0 0 0 0 0 0 0 0 0 0 0 0.014460657 0.020944734 0.027669281 0.033248042 0.035415104 0.028300531 0.023864229 0.027470287 0.027487266 0.026388935 0.02103072 0.04634965 0.043409615 0.029840351 0.03297903 0.050230304 0.026544416 -0.056698769 -0.081571147 -0.524487132 1.523423326 -11.0143345
303.62 0 0 0 0 0 0 0 0 0 0 0 0 0 0 0 0 0 0 0 0 0 0 0 0 0 0 0 0 0 0 0 0 0 0 0 0 0 0 0 0 0 0 0 0 0 0 0 0 0 0 0 0 0 0 0 0 0 0 0 0 0 0 0 0 0 0 0 0 0 0 0 0 0 0 0 0 0 0 0 0 0 0 0 0 0 0 0 0 0 0 0 0 0 0 0.015043571 0.019920398 0.029830329 0.039456804 0.043359749 0.042198852 0.04352579 0.034152179 0.034588308 0.036173054 0.034757583 0.039074143 0.04112842 0.05710257 0.051966371 0.062653704 0.095042616 0.102608949 -0.043892052 0.310094177 -0.208680631 0.002868305 22.83296707
306.85 0 0 0 0 0 0 0 0 0 0 0 0 0 0 0 0 0 0 0 0 0 0 0 0 0 0 0 0 0 0 0 0 0 0 0 0 0 0 0 0 0 0 0 0 0 0 0 0 0 0 0 0 0 0 0 0 0 0 0 0 0 0 0 0 0 0 0 0 0 0 0 0 0 0 0 0 0 0 0 0 0 0 0 0 0 0 0 0 0 0 0 0 0 0.010640581 0.014542518 0.024845538 0.033135712 0.043484597 0.03157253 0.03980255 0.046816839 0.041108847 0.040349957 0.035627165 0.037572081 0.040813571 0.044778099 0.045885642 0.073187962 0.07689575 0.092225212 0.158985946 0.163682709 -0.114691298 2.156121101 -0.003840569 16.9657091
310.082 0 0 0 0 0 0 0 0 0 0 0 0 0 0 0 0 0 0 0 0 0 0 0 0 0 0 0 0 0 0 0 0 0 0 0 0 0 0 0 0 0 0 0 0 0 0 0 0 0 0 0 0 0 0 0 0 0 0 0 0 0 0 0 0 0 0 0 0 0 0 0 0 0 0 0 0 0 0 0 0 0 0 0 0 0 0 0 0 0 0 0 0 0.002567783 0.006174195 0.018761314 0.02138772 0.033764812 0.033547279 0.03730573 0.038982839 0.039712203 0.034513514 0.031173402 0.025356612 0.025818379 0.032295137 0.026607658 0.047348632 0.029127659 0.054888408 0.001739867 -0.064630906 -0.113233303 -0.147122369 -2.419023268 -9.94620133 -21.1636041
313.316 0 0 0 0 0 0 0 0 0 0 0 0 0 0 0 0 0 0 0 0 0 0 0 0 0 0 0 0 0 0 0 0 0 0 0 0 0 0 0 0 0 0 0 0 0 0 0 0 0 0 0 0 0 0 0 0 0 0 0 0 0 0 0 0 0 0 0 0 0 0 0 0 0 0 0 0 0 0 0 0 0 0 0 0 0 0 0 0 0 0 0 0.00397676 0.007019711 0.014442359 0.020362961 0.030932961 0.034911671 0.036416073 0.043661358 0.052649691 0.048580707 0.038081938 0.032579628 0.036708194 0.031301363 0.046652921 0.046122694 0.044071678 0.051722727 0.035101694 0.024504951 -0.029537465 0.10113267 -0.081982665 -0.000921 4.577945858 5.981599075
316.553 0 0 0 0 0 0 0 0 0 0 0 0 0 0 0 0 0 0 0 0 0 0 0 0 0 0 0 0 0 0 0 0 0 0 0 0 0 0 0 0 0 0 0 0 0 0 0 0 0 0 0 0 0 0 0 0 0 0 0 0 0 0 0 0 0 0 0 0 0 0 0 0 0 0 0 0 0 0 0 0 0 0 0 0 0 0 0 0 0 0 0.01110561 0.010536936 0.014673325 0.019759387 0.030105624 0.035649848 0.047539206 0.053209162 0.052824188 0.059504358 0.056499273 0.054136755 0.045602259 0.04443908 0.048152073 0.060879972 0.068185627 0.062245692 0.086673029 0.095286432 0.131355374 0.155389893 0.223659266 0.71423837 1.281902798 1.328106668 10.32538042
319.791 0 0 0 0 0 0 0 0 0 0 0 0 0 0 0 0 0 0 0 0 0 0 0 0 0 0 0 0 0 0 0 0 0 0 0 0 0 0 0 0 0 0 0 0 0 0 0 0 0 0 0 0 0 0 0 0 0 0 0 0 0 0 0 0 0 0 0 0 0 0 0 0 0 0 0 0 0 0 0 0 0 0 0 0 0 0 0 0 0 0.012350504 0.011954871 0.015056603 0.018895208 0.024168721 0.035599162 0.041142599 0.045512472 0.054643744 0.06245682 0.056695453 0.059516131 0.057829227 0.050476426 0.048441505 0.048097378 0.058273537 0.054321464 0.066091971 0.062888314 0.072300845 0.10722618 0.174102753 0.064192555 0.250340405 1.288380749 0.883573579 -14.68404267
323.031 0 0 0 0 0 0 0 0 0 0 0 0 0 0 0 0 0 0 0 0 0 0 0 0 0 0 0 0 0 0 0 0 0 0 0 0 0 0 0 0 0 0 0 0 0 0 0 0 0 0 0 0 0 0 0 0 0 0 0 0 0 0 0 0 0 0 0 0 0 0 0 0 0 0 0 0 0 0 0 0 0 0 0 0 0 0 0 0 0.010827427 0.01328319 0.019939364 0.020684813 0.025443975 0.034290478 0.039964669 0.050121405 0.057553072 0.065797595 0.068198582 0.063439861 0.061848728 0.055117191 0.056701535 0.057162031 0.053722993 0.04590734 0.059678588 0.077600065 0.093436034 0.106396222 0.050780233 0.089214317 0.085482799 0.393193514 0.108487122 11.08368158 4.423333827
326.273 0 0 0 0 0 0 0 0 0 0 0 0 0 0 0 0 0 0 0 0 0 0 0 0 0 0 0 0 0 0 0 0 0 0 0 0 0 0 0 0 0 0 0 0 0 0 0 0 0 0 0 0 0 0 0 0 0 0 0 0 0 0 0 0 0 0 0 0 0 0 0 0 0 0 0 0 0 0 0 0 0 0 0 0 0 0 0 0.011870415 0.016565743 0.019890198 0.021883242 0.028103818 0.030091623 0.036094147 0.043928936 0.055167188 0.068046138 0.073504532 0.074319888 0.069965292 0.072180522 0.068243135 0.062427322 0.070398216 0.067138252 0.063950378 0.07738749 0.078036089 0.10097411 0.10062974 0.126652869 0.252458108 0.114712513 0.649667338 1.073278371 0.951498657 15.48259258
329.517 0 0 0 0 0 0 0 0 0 0 0 0 0 0 0 0 0 0 0 0 0 0 0 0 0 0 0 0 0 0 0 0 0 0 0 0 0 0 0 0 0 0 0 0 0 0 0 0 0 0 0 0 0 0 0 0 0 0 0 0 0 0 0 0 0 0 0 0 0 0 0 0 0 0 0 0 0 0 0 0 0 0 0 0 0 0 0.013347935 0.016205747 0.018982809 0.023848293 0.026252485 0.030577861 0.03537639 0.044916277 0.05459821 0.065032902 0.072890479 0.077338938 0.074452736 0.080254467 0.075449856 0.070612353 0.067518059 0.060325336 0.061176958 0.058688142 0.064980919 0.078476642 0.091107391 0.094963708 0.118497615 0.183404267 0.254593165 0.518740503 -0.002005811 2.579862134 15.7506048
332.763 0 0 0 0 0 0 0 0 0 0 0 0 0 0 0 0 0 0 0 0 0 0 0 0 0 0 0 0 0 0 0 0 0 0 0 0 0 0 0 0 0 0 0 0 0 0 0 0 0 0 0 0 0 0 0 0 0 0 0 0 0 0 0 0 0 0 0 0 0 0 0 0 0 0 0 0 0 0 0 0 0 0 0 0 0 0.014450443 0.017565836 0.020805999 0.024364654 0.02616777 0.034277562 0.041946476 0.046963175 0.04962531 0.064894244 0.077295645 0.0735905 0.079937736 0.084489403 0.078771832 0.079223713 0.069643657 0.071834919 0.071153968 0.062548303 0.068828637 0.085474424 0.077822049 0.111021128 0.128232875 0.116390229 0.208582789 0.348449043 0.688631351 1.454294929 1.902476213 6.565244312
336.011 0 0 0 0 0 0 0 0 0 0 0 0 0 0 0 0 0 0 0 0 0 0 0 0 0 0 0 0 0 0 0 0 0 0 0 0 0 0 0 0 0 0 0 0 0 0 0 0 0 0 0 0 0 0 0 0 0 0 0 0 0 0 0 0 0 0 0 0 0 0 0 0 0 0 0 0 0 0 0 0 0 0 0 0 0.011305676 0.011916606 0.018777456 0.022531346 0.027614834 0.031768361 0.036864145 0.043509232 0.045699479 0.057388429 0.068642094 0.077604751 0.073396235 0.080131587 0.083209321 0.073940718 0.069657296 0.071067133 0.058627745 0.059181139 0.060926178 0.06167605 0.067690219 0.071383479 0.067690544 0.11526085 0.120306138 0.042509739 -1.11e-05 -0.163402745 0.70040845 -5.297398937 -27.29530222
339.261 0 0 0 0 0 0 0 0 0 0 0 0 0 0 0 0 0 0 0 0 0 0 0 0 0 0 0 0 0 0 0 0 0 0 0 0 0 0 0 0 0 0 0 0 0 0 0 0 0 0 0 0 0 0 0 0 0 0 0 0 0 0 0 0 0 0 0 0 0 0 0 0 0 0 0 0 0 0 0 0 0 0 0 0.006671135 0.011748681 0.015245645 0.021903692 0.025501236 0.030800099 0.03490695 0.042493976 0.050684161 0.054054814 0.06274285 0.070970424 0.074835407 0.08527945 0.08339011 0.084735935 0.077660273 0.08245927 0.078187491 0.070658278 0.069808023 0.068052713 0.075650446 0.081005386 0.076951425 0.093298239 0.06764106 0.109595545 0.120993345 0.216658674 0.34568449 0.877726503 -3.099305873 9.403025284
342.512 0 0 0 0 0 0 0 0 0 0 0 0 0 0 0 0 0 0 0 0 0 0 0 0 0 0 0 0 0 0 0 0 0 0 0 0 0 0 0 0 0 0 0 0 0 0 0 0 0 0 0 0 0 0 0 0 0 0 0 0 0 0 0 0 0 0 0 0 0 0 0 0 0 0 0 0 0 0 0 0 0 0 0.008911403 0.011714725 0.016336919 0.020757573 0.026911872 0.032576168 0.036601536 0.03694624 0.044572586 0.053215687 0.058904073 0.065165133 0.074994574 0.082185355 0.087905996 0.090836174 0.083534149 0.07995469 0.078039477 0.078256042 0.076470561 0.075504643 0.06769968 0.073811706 0.081718598 0.097774615 0.093630339 0.127954859 0.140687237 0.088646258 0.126234377 0.383499585 0.354313432 -2.164152503 -17.89312167
345.766 0 0 0 0 0 0 0 0 0 0 0 0 0 0 0 0 0 0 0 0 0 0 0 0 0 0 0 0 0 0 0 0 0 0 0 0 0 0 0 0 0 0 0 0 0 0 0 0 0 0 0 0 0 0 0 0 0 0 0 0 0 0 0 0 0 0 0 0 0 0 0 0 0 0 0 0 0 0 0 0 0 0.010110477 0.013334772 0.016171618 0.018037224 0.024158569 0.027388967 0.040766994 0.036490529 0.039979573 0.047824909 0.052204158 0.063473073 0.070067014 0.077048059 0.082699987 0.087099152 0.08240371 0.086408498 0.084071009 0.075128308 0.077271503 0.069677391 0.072519159 0.071305094 0.076595494 0.092004431 0.098086725 0.086092611 0.104412682 0.083761352 0.162204063 0.084908854 0.534012627 -0.470485265 2.429876928 -1.865682661
349.021 0 0 0 0 0 0 0 0 0 0 0 0 0 0 0 0 0 0 0 0 0 0 0 0 0 0 0 0 0 0 0 0 0 0 0 0 0 0 0 0 0 0 0 0 0 0 0 0 0 0 0 0 0 0 0 0 0 0 0 0 0 0 0 0 0 0 0 0 0 0 0 0 0 0 0 0 0 0 0 0 0.012128594 0.010859322 0.016235281 0.019857632 0.025104851 0.026266429 0.035990373 0.037920232 0.043804898 0.050116693 0.056254468 0.066262729 0.067432565 0.073659587 0.081311555 0.087731265 0.090660576 0.086144064 0.085135374 0.086935487 0.079428637 0.075327121 0.072757567 0.075893082 0.082300876 0.071191627 0.092815075 0.089769686 0.091894862 0.135412618 0.149460663 0.181187443 0.215194345 0.112025442 1.021475128 -2.457438586 11.5983404
352.278 0 0 0 0 0 0 0 0 0 0 0 0 0 0 0 0 0 0 0 0 0 0 0 0 0 0 0 0 0 0 0 0 0 0 0 0 0 0 0 0 0 0 0 0 0 0 0 0 0 0 0 0 0 0 0 0 0 0 0 0 0 0 0 0 0 0 0 0 0 0 0 0 0 0 0 0 0 0 0 0.010914684 0.013726659 0.017304826 0.02038561 0.024509189 0.030318872 0.037899689 0.041837142 0.044908762 0.048473969 0.056989611 0.062911114 0.066209307 0.072365038 0.078274364 0.083849307 0.090468633 0.08920122 0.086946693 0.088641954 0.087367275 0.086250505 0.083961939 0.074388212 0.079505247 0.080464486 0.096997894 0.095036729 0.117535177 0.128273882 0.139161773 0.152248424 0.304297394 0.555582732 0.646871764 1.162829469 3.028642814 -1.900311327
355.537 0 0 0 0 0 0 0 0 0 0 0 0 0 0 0 0 0 0 0 0 0 0 0 0 0 0 0 0 0 0 0 0 0 0 0 0 0 0 0 0 0 0 0 0 0 0 0 0 0 0 0 0 0 0 0 0 0 0 0 0 0 0 0 0 0 0 0 0 0 0 0 0 0 0 0 0 0 0 0.011857872 0.016000823 0.016974581 0.022207833 0.027975642 0.027188693 0.035961969 0.042030268 0.040738966 0.051650809 0.053919731 0.064681647 0.067275223 0.072756784 0.078845914 0.080492203 0.084327242 0.098236164 0.093260852 0.09524207 0.090754488 0.094549145 0.093723307 0.090756983 0.095601811 0.094971753 0.093609564 0.103637298 0.108289537 0.14101621 0.129396056 0.148304812 0.173546974 0.19090644 0.140961368 0.444006279 1.924255569 4.848135415 17.97350986
358.798 0 0 0 0 0 0 0 0 0 0 0 0 0 0 0 0 0 0 0 0 0 0 0 0 0 0 0 0 0 0 0 0 0 0 0 0 0 0 0 0 0 0 0 0 0 0 0 0 0 0 0 0 0 0 0 0 0 0 0 0 0 0 0 0 0 0 0 0 0 0 0 0 0 0 0 0 0 0.011069307 0.012339796 0.017430289 0.020308914 0.024237421 0.027635914 0.033018909 0.039413154 0.043097269 0.052855304 0.053227605 0.060309413 0.067603257 0.068888912 0.077664527 0.082491033 0.08109719 0.087989041 0.093838272 0.092501145 0.089995514 0.087954927 0.094198965 0.088953812 0.088888576 0.093481058 0.097730831 0.091825648 0.108944805 0.110460366 0.119480238 0.114732405 0.109540559 0.140945561 0.03867925 0.240158643 0.214791245 0.564686645 -3.093380964 -20.19084614
362.061 0 0 0 0 0 0 0 0 0 0 0 0 0 0 0 0 0 0 0 0 0 0 0 0 0 0 0 0 0 0 0 0 0 0 0 0 0 0 0 0 0 0 0 0 0 0 0 0 0 0 0 0 0 0 0 0 0 0 0 0 0 0 0 0 0 0 0 0 0 0 0 0 0 0 0 0 0.007332876 0.010977044 0.014135569 0.022225824 0.023484263 0.028657391 0.034192086 0.038684616 0.046359174 0.052705793 0.052966615 0.062474031 0.067257126 0.070323849 0.074607988 0.073284782 0.077626197 0.089789467 0.088228433 0.090931203 0.097972061 0.091224327 0.091470328 0.090273007 0.085401151 0.090046045 0.093207922 0.096228798 0.095358008 0.102508056 0.115335383 0.133941554 0.159198233 0.12512669 0.152195718 0.110029786 0.075826561 0.000431 -0.629112174 0.540436579 -38.73796013
365.325 0 0 0 0 0 0 0 0 0 0 0 0 0 0 0 0 0 0 0 0 0 0 0 0 0 0 0 0 0 0 0 0 0 0 0 0 0 0 0 0 0 0 0 0 0 0 0 0 0 0 0 0 0 0 0 0 0 0 0 0 0 0 0 0 0 0 0 0 0 0 0 0 0 0 0 0.008750879 0.01274413 0.016965921 0.022117225 0.026028981 0.028896277 0.034706921 0.043745159 0.046109838 0.051022911 0.055161985 0.06547431 0.064917976 0.075210878 0.076025114 0.083460036 0.081944386 0.086368071 0.09027296 0.094624694 0.099357179 0.0964902 0.099898691 0.096641626 0.091961805 0.102581033 0.11569512 0.103401086 0.105896151 0.122165481 0.11385248 0.135755366 0.142673559 0.165989465 0.205856184 0.200160424 0.26776391 0.335869939 0.555908469 0.126126339 9.451542016 9.22774147
368.591 0 0 0 0 0 0 0 0 0 0 0 0 0 0 0 0 0 0 0 0 0 0 0 0 0 0 0 0 0 0 0 0 0 0 0 0 0 0 0 0 0 0 0 0 0 0 0 0 0 0 0 0 0 0 0 0 0 0 0 0 0 0 0 0 0 0 0 0 0 0 0 0 0 0 0.008337316 0.013125681 0.014735286 0.01896584 0.025046399 0.032097695 0.035817965 0.04320312 0.047070266 0.050731389 0.055266169 0.063821848 0.066875064 0.075007834 0.078911799 0.084443989 0.085214084 0.089680233 0.090007681 0.098535052 0.097747915 0.100001426 0.0956799 0.099145769 0.094616866 0.100300308 0.099984497 0.103680197 0.115828003 0.111856081 0.11083196 0.124865817 0.138476915 0.158833346 0.166454782 0.15907571 0.157454795 0.114630681 0.244943692 -0.318202989 0.066678727 8.177757183 -1.008976395
371.859 0 0 0 0 0 0 0 0 0 0 0 0 0 0 0 0 0 0 0 0 0 0 0 0 0 0 0 0 0 0 0 0 0 0 0 0 0 0 0 0 0 0 0 0 0 0 0 0 0 0 0 0 0 0 0 0 0 0 0 0 0 0 0 0 0 0 0 0 0 0 0 0 0 0.010970683 0.015313466 0.017729904 0.022472828 0.027827192 0.03100291 0.037903422 0.04339737 0.049000584 0.049857496 0.060534053 0.06467184 0.070066013 0.079463278 0.081607725 0.081528794 0.089180814 0.090773581 0.096932602 0.097475525 0.097154538 0.103378874 0.103940018 0.107849678 0.109717566 0.103869684 0.105515221 0.108685569 0.120192631 0.124475662 0.128027044 0.133526649 0.151597934 0.151055835 0.171969255 0.189153957 0.175279166 0.22480079 0.265545462 0.322284729 0.438707756 1.151131227 -0.551494306 12.37462125
375.128 0 0 0 0 0 0 0 0 0 0 0 0 0 0 0 0 0 0 0 0 0 0 0 0 0 0 0 0 0 0 0 0 0 0 0 0 0 0 0 0 0 0 0 0 0 0 0 0 0 0 0 0 0 0 0 0 0 0 0 0 0 0 0 0 0 0 0 0 0 0 0 0 0.007538953 0.01273832 0.016788223 0.019485907 0.026835456 0.0317118 0.037374755 0.040092603 0.046206106 0.050767625 0.059521848 0.06452334 0.065885065 0.075389968 0.081968545 0.08470704 0.092084366 0.095608804 0.099895117 0.100440799 0.097491611 0.10936123 0.106034419 0.108739554 0.11037358 0.106541048 0.105536755 0.111977686 0.117959862 0.123361885 0.123887934 0.136728264 0.13463906 0.143273092 0.16101629 0.157335796 0.188980752 0.175891505 0.203862876 0.208866906 0.123196973 0.600719426 0.967357146 1.31949317 -1.063383613
378.399 0 0 0 0 0 0 0 0 0 0 0 0 0 0 0 0 0 0 0 0 0 0 0 0 0 0 0 0 0 0 0 0 0 0 0 0 0 0 0 0 0 0 0 0 0 0 0 0 0 0 0 0 0 0 0 0 0 0 0 0 0 0 0 0 0 0 0 0 0 0 0 0.009974119 0.012080994 0.014312791 0.021578001 0.025652098 0.028499524 0.034886606 0.040470477 0.04751575 0.050104986 0.059075018 0.066206322 0.068855677 0.07946467 0.081776161 0.086805943 0.09070151 0.096797089 0.098980294 0.100626456 0.105360577 0.103663846 0.107147889 0.107920114 0.110952568 0.107490593 0.108987598 0.11557593 0.11790391 0.112688065 0.124186089 0.130256278 0.142208436 0.138031057 0.153935114 0.174828002 0.186134074 0.22036357 0.211682117 0.204632805 0.294297546 0.151628726 0.552253168 2.221114803 2.081390917 12.2390426
381.672 0 0 0 0 0 0 0 0 0 0 0 0 0 0 0 0 0 0 0 0 0 0 0 0 0 0 0 0 0 0 0 0 0 0 0 0 0 0 0 0 0 0 0 0 0 0 0 0 0 0 0 0 0 0 0 0 0 0 0 0 0 0 0 0 0 0 0 0 0 0 0.007085643 0.012488127 0.012417299 0.016766729 0.023287552 0.027692496 0.032733605 0.04089485 0.046683188 0.049465449 0.055920571 0.064906609 0.072953559 0.077909901 0.084079577 0.084174633 0.089955169 0.096093099 0.097428306 0.100727268 0.104506075 0.103914703 0.104811263 0.110931423 0.111358875 0.109793822 0.113650093 0.106623651 0.108915988 0.113896564 0.120231789 0.1208185 0.132293055 0.134131293 0.139725025 0.153681464 0.159217533 0.1702533 0.163790327 0.147703328 0.161632333 0.173547899 0.113521288 -0.885612655 0.762359568 -9.104255799 -5.099824032
384.947 0 0 0 0 0 0 0 0 0 0 0 0 0 0 0 0 0 0 0 0 0 0 0 0 0 0 0 0 0 0 0 0 0 0 0 0 0 0 0 0 0 0 0 0 0 0 0 0 0 0 0 0 0 0 0 0 0 0 0 0 0 0 0 0 0 0 0 0 0 0.007966979 0.008725355 0.013064853 0.016254944 0.02258766 0.027614296 0.036171021 0.041692763 0.047182616 0.051688298 0.058569668 0.06049091 0.073988711 0.078160302 0.082650482 0.085670264 0.090882805 0.096779372 0.099626661 0.100336299 0.108528804 0.110502349 0.111905128 0.111854533 0.11054639 0.111430869 0.114391915 0.119088361 0.116903917 0.116368695 0.11201685 0.12565343 0.126233451 0.139289128 0.151512616 0.147255973 0.159235363 0.173595634 0.193774698 0.195314234 0.161233048 0.170429323 0.242936535 0.278553776 0.254690291 -1.572004984 -6.45643428 -28.3581725
388.223 0 0 0 0 0 0 0 0 0 0 0 0 0 0 0 0 0 0 0 0 0 0 0 0 0 0 0 0 0 0 0 0 0 0 0 0 0 0 0 0 0 0 0 0 0 0 0 0 0 0 0 0 0 0 0 0 0 0 0 0 0 0 0 0 0 0 0 0 0.007186864 0.010006603 0.014986391 0.017482654 0.021359104 0.02708996 0.032974724 0.037912901 0.046764813 0.056371965 0.058309353 0.064139733 0.072471478 0.074389846 0.082865366 0.089748058 0.094203356 0.099198998 0.100679863 0.104479086 0.108713961 0.11287568 0.110185386 0.114298821 0.112499017 0.118149552 0.11572918 0.118215158 0.119667774 0.117841195 0.118186061 0.118897632 0.120943935 0.132922211 0.140795256 0.142770227 0.163084466 0.157212755 0.188240937 0.192347729 0.176445007 0.187920407 0.214539504 0.038428209 0.134092992 0.368333888 -0.746561186 -0.519555314 -44.17060789
391.5 0 0 0 0 0 0 0 0 0 0 0 0 0 0 0 0 0 0 0 0 0 0 0 0 0 0 0 0 0 0 0 0 0 0 0 0 0 0 0 0 0 0 0 0 0 0 0 0 0 0 0 0 0 0 0 0 0 0 0 0 0 0 0 0 0 0 0 0.00925094 0.012657974 0.012258701 0.018095392 0.023361919 0.029647946 0.032797672 0.041741923 0.045373239 0.05474879 0.060245429 0.06775175 0.07154582 0.080307826 0.084845411 0.092748175 0.093206088 0.100520369 0.101273526 0.109057837 0.110957052 0.109908984 0.117172717 0.113014422 0.120910578 0.116284765 0.116231841 0.117582653 0.119024031 0.121883705 0.119689003 0.127659572 0.128578527 0.132806535 0.138482328 0.14851947 0.169821819 0.165569746 0.186700228 0.196341306 0.211283521 0.206159519 0.222631938 0.251712858 0.345225851 0.387410071 0.304170215 1.710545243 1.762349307 17.72596808
394.78 0 0 0 0 0 0 0 0 0 0 0 0 0 0 0 0 0 0 0 0 0 0 0 0 0 0 0 0 0 0 0 0 0 0 0 0 0 0 0 0 0 0 0 0 0 0 0 0 0 0 0 0 0 0 0 0 0 0 0 0 0 0 0 0 0 0 0.01040434 0.009205471 0.012664032 0.015475213 0.019266253 0.025249298 0.031205608 0.036429609 0.045550902 0.051404485 0.058236064 0.061816824 0.069362603 0.077730483 0.08580487 0.088464415 0.096711212 0.101357903 0.102575578 0.105926898 0.107832124 0.115119975 0.114948276 0.115325009 0.11648749 0.119992263 0.117140628 0.118907505 0.120221778 0.122940204 0.12492257 0.119334751 0.123884512 0.128598485 0.131129181 0.136233715 0.146535893 0.142831327 0.156691829 0.16902998 0.191290212 0.221684115 0.185507186 0.205314245 0.155198998 0.187071472 0.210856073 -0.151047849 -1.274427318 -0.991928564 -10.80935856
398.061 0 0 0 0 0 0 0 0 0 0 0 0 0 0 0 0 0 0 0 0 0 0 0 0 0 0 0 0 0 0 0 0 0 0 0 0 0 0 0 0 0 0 0 0 0 0 0 0 0 0 0 0 0 0 0 0 0 0 0 0 0 0 0 0 0 0.006271244 0.009378496 0.012377876 0.016951929 0.020795241 0.025995192 0.033320457 0.04012828 0.044267387 0.051915796 0.056741098 0.067909844 0.068914428 0.07675777 0.087613683 0.092633674 0.094992402 0.099144533 0.106759476 0.107983565 0.109503512 0.11338849 0.115662935 0.116377766 0.122373802 0.12254704 0.121741811 0.121967578 0.124025123 0.118709206 0.126215502 0.126344858 0.129129567 0.123815025 0.131233792 0.132685545 0.143646004 0.153368974 0.15791079 0.165816766 0.188564614 0.189494056 0.211128187 0.227425156 0.224567377 0.232733728 0.299084149 0.538956702 0.485931881 0.479469075 2.492466934 17.41505094
401.343 0 0 0 0 0 0 0 0 0 0 0 0 0 0 0 0 0 0 0 0 0 0 0 0 0 0 0 0 0 0 0 0 0 0 0 0 0 0 0 0 0 0 0 0 0 0 0 0 0 0 0 0 0 0 0 0 0 0 0 0 0 0 0 0 0.006617558 0.005585478 0.012614311 0.017491727 0.017743903 0.025432972 0.030847394 0.035098923 0.042875156 0.049657935 0.05528876 0.061889008 0.067641377 0.078980037 0.082912755 0.087775645 0.094270093 0.098263156 0.102896172 0.10831032 0.109475652 0.111994505 0.112624809 0.121719909 0.123007115 0.121723324 0.12236011 0.125369421 0.120170336 0.126698809 0.12412098 0.124981423 0.127116004 0.129680516 0.125564391 0.132439759 0.131910096 0.141766671 0.15511026 0.15345014 0.171410776 0.177158666 0.200363912 0.204187925 0.210265833 0.206191076 0.20636916 0.182741688 0.41905595 0.129783343 -1.185461511 0.739176664 -33.44153251
404.627 0 0 0 0 0 0 0 0 0 0 0 0 0 0 0 0 0 0 0 0 0 0 0 0 0 0 0 0 0 0 0 0 0 0 0 0 0 0 0 0 0 0 0 0 0 0 0 0 0 0 0 0 0 0 0 0 0 0 0 0 0 0 0 0.008958382 0.010912902 0.012449332 0.015669943 0.021656233 0.02492789 0.030047505 0.036883369 0.0420467 0.047902237 0.055922405 0.064837631 0.069875578 0.076601849 0.0823739 0.087112464 0.096154899 0.099881722 0.10477396 0.109705669 0.112220862 0.112509081 0.116739888 0.122276533 0.124226094 0.124166162 0.124981046 0.127765843 0.125319118 0.125018003 0.127392871 0.124149261 0.124246913 0.127836804 0.130105943 0.13230568 0.129185786 0.13441847 0.14499234 0.154948955 0.177953812 0.184495537 0.186323704 0.209531383 0.206155767 0.227682734 0.237894351 0.259984831 0.258037151 0.311244609 0.092241927 1.834408062 5.608807673 11.4857644
407.912 0 0 0 0 0 0 0 0 0 0 0 0 0 0 0 0 0 0 0 0 0 0 0 0 0 0 0 0 0 0 0 0 0 0 0 0 0 0 0 0 0 0 0 0 0 0 0 0 0 0 0 0 0 0 0 0 0 0 0 0 0 0 0.007096035 0.006047181 0.010392153 0.012764159 0.01853676 0.020980007 0.02557799 0.031355638 0.036839376 0.043923105 0.05103429 0.057664847 0.064898541 0.070047945 0.077714916 0.084423505 0.093004779 0.098092749 0.101301973 0.104801082 0.109174722 0.115366891 0.117411693 0.115038923 0.119252217 0.124436793 0.126040593 0.123528996 0.124519828 0.124988093 0.127547324 0.126382571 0.124180947 0.125119328 0.127225613 0.1320605 0.12641238 0.135996786 0.136798791 0.132530924 0.153970878 0.15730305 0.168704101 0.18262136 0.189526758 0.204610379 0.214463378 0.195435732 0.143019921 0.161340939 0.183035763 0.091417413 -1.354326602 -8.249196967 -23.70401686
411.2 0 0 0 0 0 0 0 0 0 0 0 0 0 0 0 0 0 0 0 0 0 0 0 0 0 0 0 0 0 0 0 0 0 0 0 0 0 0 0 0 0 0 0 0 0 0 0 0 0 0 0 0 0 0 0 0 0 0 0 0 0 0.000734 0.004823686 0.009896881 0.011637911 0.01431422 0.019299906 0.025342378 0.028896746 0.036720585 0.040436078 0.046960118 0.057246305 0.05939934 0.066032722 0.073294856 0.082116035 0.085183049 0.092190243 0.097087995 0.102196475 0.104239275 0.106143989 0.113456652 0.114155985 0.116185963 0.118337221 0.119487077 0.123035464 0.123699238 0.123181758 0.125719006 0.119926212 0.122610617 0.121464772 0.119863318 0.123682045 0.122390821 0.122920024 0.129160705 0.130470234 0.139442823 0.148220121 0.156976819 0.157601429 0.173568498 0.177165521 0.197448537 0.189891781 0.180676366 0.185736636 0.032581238 -0.041682216 -0.469299043 -3.016644627 -14.82476901 -41.19884391
414.488 0 0 0 0 0 0 0 0 0 0 0 0 0 0 0 0 0 0 0 0 0 0 0 0 0 0 0 0 0 0 0 0 0 0 0 0 0 0 0 0 0 0 0 0 0 0 0 0 0 0 0 0 0 0 0 0 0 0 0 0 0.004293493 0.007762374 0.006937083 0.011989949 0.013674375 0.020138573 0.0229406 0.028464739 0.032272654 0.038284991 0.046188481 0.052550653 0.060522448 0.06595825 0.070695454 0.079010191 0.081886539 0.087433573 0.096279259 0.102755509 0.101153687 0.110551503 0.109618736 0.115568859 0.116086469 0.119391911 0.123275464 0.125203038 0.120569775 0.122764223 0.121914139 0.121755028 0.126650135 0.123468692 0.127584934 0.12299062 0.120894301 0.123551049 0.123734897 0.127183365 0.142072614 0.140048216 0.15212896 0.172128778 0.176015192 0.181293721 0.199651852 0.219663922 0.196346089 0.231469612 0.265331347 0.186745005 0.082587927 -0.196681541 -0.345183662 -0.723648322 -13.92978208
417.778 0 0 0 0 0 0 0 0 0 0 0 0 0 0 0 0 0 0 0 0 0 0 0 0 0 0 0 0 0 0 0 0 0 0 0 0 0 0 0 0 0 0 0 0 0 0 0 0 0 0 0 0 0 0 0 0 0 0 0 0.006878743 0.008050781 0.010167576 0.011866048 0.013424198 0.019496083 0.02145182 0.026858801 0.032239958 0.036252676 0.042903484 0.050126334 0.053931749 0.061740824 0.070148413 0.075756212 0.07921384 0.089219135 0.095975913 0.100008592 0.102054778 0.107492806 0.109240928 0.112486961 0.116052524 0.117707543 0.118731583 0.125093323 0.119868957 0.124904228 0.126837011 0.124335253 0.125213737 0.124874712 0.125194479 0.123877956 0.125087141 0.126578449 0.125508939 0.124379773 0.132146047 0.133418094 0.14405871 0.154145311 0.172354444 0.180889529 0.19047268 0.205859531 0.194416861 0.213891906 0.237745839 0.2545206 0.215695363 0.244127455 0.423385025 0.17128541 2.34284805 9.145006735
421.069 0 0 0 0 0 0 0 0 0 0 0 0 0 0 0 0 0 0 0 0 0 0 0 0 0 0 0 0 0 0 0 0 0 0 0 0 0 0 0 0 0 0 0 0 0 0 0 0 0 0 0 0 0 0 0 0 0 0 0.003599841 0.006158304 0.009614727 0.012726126 0.016183541 0.017922537 0.020941032 0.024428165 0.029745626 0.035390825 0.038091284 0.048186465 0.056517154 0.055495493 0.065223105 0.070156218 0.078476465 0.084515233 0.088327208 0.097096406 0.097776621 0.104004201 0.108733325 0.1122885 0.114956255 0.113669817 0.117304276 0.118269095 0.121518244 0.123742565 0.121221486 0.124922897 0.125766211 0.12344327 0.122811228 0.125465502 0.127656614 0.125234962 0.120148418 0.120255126 0.131164958 0.128247004 0.146160236 0.141814798 0.157483928 0.1716236 0.173960606 0.183533255 0.199684531 0.209478104 0.19369078 0.216198236 0.195049216 0.210386678 0.234972595 0.017701436 0.506109326 1.170975624 1.815644832
424.362 0 0 0 0 0 0 0 0 0 0 0 0 0 0 0 0 0 0 0 0 0 0 0 0 0 0 0 0 0 0 0 0 0 0 0 0 0 0 0 0 0 0 0 0 0 0 0 0 0 0 0 0 0 0 0 0 0 0.004754427 0.007548 0.011120297 0.013547672 0.013119727 0.01622357 0.02074254 0.023016258 0.029877043 0.030926719 0.03912947 0.045248319 0.049651357 0.055446161 0.061505388 0.069092838 0.075474765 0.081447757 0.086679947 0.093433288 0.099705625 0.104480982 0.106908326 0.109217197 0.112015483 0.113768853 0.118392978 0.116420357 0.119395901 0.120899024 0.122808016 0.121396319 0.12389381 0.123401859 0.123533719 0.123041205 0.120062268 0.120792847 0.122981765 0.127359068 0.12557362 0.12555433 0.138397187 0.140847466 0.146800245 0.158375144 0.177342318 0.177272439 0.188587957 0.195028414 0.211729771 0.228946126 0.23585145 0.236476606 0.339875304 0.240010016 0.589853847 0.781483854 0.011185324 0
427.657 0 0 0 0 0 0 0 0 0 0 0 0 0 0 0 0 0 0 0 0 0 0 0 0 0 0 0 0 0 0 0 0 0 0 0 0 0 0 0 0 0 0 0 0 0 0 0 0 0 0 0 0 0 0 0 0 0.005348387 0.008373589 0.007226894 0.011463049 0.01362495 0.014461612 0.015796826 0.02264951 0.027561547 0.031505121 0.03337349 0.040105284 0.044472139 0.051928592 0.059007365 0.061735866 0.06951416 0.077571489 0.083435879 0.08616318 0.095234733 0.095303983 0.101634948 0.104447637 0.106229899 0.110644724 0.110650086 0.114357209 0.114723017 0.116158588 0.11773113 0.122890077 0.120602543 0.117144752 0.121321608 0.119559827 0.118790724 0.120096457 0.119024614 0.121059596 0.119591617 0.125436947 0.126696984 0.127854237 0.13646956 0.14500795 0.156655621 0.161284766 0.170645447 0.183327345 0.204763941 0.189319006 0.224013849 0.204758369 0.223412128 0.169404229 0.342460008 0.736224505 -1.156049001 6.341177502 0
430.952 0 0 0 0 0 0 0 0 0 0 0 0 0 0 0 0 0 0 0 0 0 0 0 0 0 0 0 0 0 0 0 0 0 0 0 0 0 0 0 0 0 0 0 0 0 0 0 0 0 0 0 0 0 0 0 0.00554019 0.006008014 0.007677452 0.010260747 0.0141078 0.01549123 0.017390292 0.021734524 0.025815806 0.025474415 0.034766343 0.039594462 0.041488922 0.049404329 0.047970514 0.056007316 0.065933307 0.071752832 0.081219964 0.083921317 0.087955359 0.093566407 0.1017643 0.103593588 0.107319302 0.107294775 0.111409998 0.11042328 0.113201576 0.116828438 0.116575768 0.116636925 0.118151426 0.119240189 0.120431487 0.122591723 0.120563991 0.121539689 0.117158033 0.119291918 0.117273697 0.125597384 0.123126395 0.130625702 0.130448793 0.136758959 0.148684293 0.155328107 0.161800007 0.178513851 0.192015939 0.192212615 0.196296248 0.213873256 0.22467534 0.235978968 0.230019683 0.268833406 0.358398659 3.508669758 0 0
434.249 0 0 0 0 0 0 0 0 0 0 0 0 0 0 0 0 0 0 0 0 0 0 0 0 0 0 0 0 0 0 0 0 0 0 0 0 0 0 0 0 0 0 0 0 0 0 0 0 0 0 0 0 0 0 0.007973963 0.00633174 0.008997453 0.010879701 0.014219091 0.018996108 0.018193056 0.023811003 0.026329897 0.027999164 0.030959072 0.03604558 0.039708834 0.046232164 0.050105737 0.06014005 0.063378653 0.070899731 0.073741759 0.08017487 0.082699634 0.088356171 0.095091193 0.101304676 0.104746943 0.103891922 0.109808615 0.112229037 0.111016276 0.112497336 0.115893383 0.117666777 0.121933421 0.116692567 0.118976309 0.121188219 0.119873906 0.123501931 0.120204241 0.117997767 0.118814937 0.122338265 0.124031212 0.126966687 0.130010643 0.138725137 0.137776356 0.150599042 0.162436721 0.176078828 0.189600145 0.196940038 0.202752393 0.209451924 0.238196762 0.210821086 0.240525396 0.269431218 0.34043161 0.272534918 2.243023798 0 0
437.548 0 0 0 0 0 0 0 0 0 0 0 0 0 0 0 0 0 0 0 0 0 0 0 0 0 0 0 0 0 0 0 0 0 0 0 0 0 0 0 0 0 0 0 0 0 0 0 0 0 0 0 0 0 0.006309286 0.006627302 0.006926654 0.010149237 0.012038697 0.014744401 0.015575487 0.018099609 0.023871234 0.022820273 0.027382301 0.03529439 0.039674079 0.0415472 0.048498414 0.052899649 0.056788851 0.064551034 0.070974995 0.074987218 0.079813312 0.085546656 0.091114853 0.093892016 0.099387716 0.10090563 0.106534006 0.106502669 0.109546001 0.109665632 0.112420065 0.113284334 0.113484934 0.115352575 0.118412996 0.118129051 0.117795904 0.11490599 0.118097485 0.118272323 0.116065803 0.118340207 0.12099613 0.119717478 0.122845738 0.127119629 0.132822626 0.137329451 0.143661668 0.153896355 0.167486497 0.180051172 0.193868274 0.20341407 0.203611563 0.195784586 0.182659925 0.280758475 0.232545455 0.281312688 0.612582032 0 0 0
440.848 0 0 0 0 0 0 0 0 0 0 0 0 0 0 0 0 0 0 0 0 0 0 0 0 0 0 0 0 0 0 0 0 0 0 0 0 0 0 0 0 0 0 0 0 0 0 0 0 0 0 0 0 0.005818236 0.009259306 0.009225559 0.011300417 0.013051809 0.016967758 0.019215122 0.023125677 0.024300039 0.024522718 0.030117699 0.030649303 0.038407112 0.042375109 0.044910546 0.050147994 0.053795307 0.060786076 0.067015871 0.073572758 0.07662324 0.080934537 0.086943267 0.091050784 0.096800572 0.099664174 0.101001859 0.1051761 0.10531861 0.110251566 0.107351991 0.110417566 0.113670704 0.111069236 0.113297362 0.115632356 0.119572277 0.115986427 0.114430293 0.119041705 0.116801746 0.116291618 0.118495007 0.11709478 0.121418421 0.121096278 0.127424341 0.128794661 0.137053601 0.145126818 0.161783056 0.178501217 0.187426159 0.195433748 0.194596567 0.222843168 0.210146587 0.225784446 0.243319251 0.311461908 0.293801368 0.713223673 0 0 0
444.149 0 0 0 0 0 0 0 0 0 0 0 0 0 0 0 0 0 0 0 0 0 0 0 0 0 0 0 0 0 0 0 0 0 0 0 0 0 0 0 0 0 0 0 0 0 0 0 0 0 0 0 0.007459861 0.007450912 0.010517049 0.008340764 0.011223748 0.01215322 0.015984273 0.018477862 0.020775971 0.025722875 0.028174944 0.030890676 0.034696373 0.036694701 0.040162561 0.044825655 0.051960141 0.057516566 0.062095607 0.067881933 0.07028986 0.076839067 0.083722933 0.084316973 0.090018093 0.092417282 0.09556068 0.099133679 0.101116977 0.103762109 0.107049902 0.106689311 0.106926352 0.109240942 0.111158324 0.108983828 0.11797061 0.109805838 0.111449367 0.115756168 0.111037877 0.113481822 0.113308271 0.114688235 0.116091573 0.112896172 0.120028775 0.12503813 0.131811236 0.13908898 0.146464776 0.159615813 0.162658783 0.189182392 0.188290762 0.196858373 0.204905762 0.201743945 0.21088713 0.234942738 0.215338386 0.194545211 0 0 0 0
447.451 0 0 0 0 0 0 0 0 0 0 0 0 0 0 0 0 0 0 0 0 0 0 0 0 0 0 0 0 0 0 0 0 0 0 0 0 0 0 0 0 0 0 0 0 0 0 0 0 0 0 0.00574589 0.008561915 0.009071153 0.01014274 0.013137891 0.013002343 0.019878085 0.019424227 0.021164463 0.02346731 0.026136709 0.029337625 0.030794197 0.035656084 0.040135849 0.042104371 0.049889371 0.055112657 0.058433053 0.062460046 0.066268426 0.071883882 0.075574882 0.080257917 0.08523499 0.088944259 0.091333502 0.091400006 0.096358227 0.100872396 0.103507589 0.105804713 0.105740033 0.107653612 0.105284687 0.106728319 0.11120873 0.111795621 0.109368762 0.110463579 0.113531513 0.10877682 0.111915724 0.110962052 0.11532743 0.111545387 0.11646077 0.115790866 0.119956374 0.12723583 0.136088695 0.145103015 0.144056539 0.162024084 0.174781029 0.181162443 0.201340937 0.194618974 0.188859535 0.214869492 0.207239977 0.274521776 0.251550544 0 0 0 0
450.755 0 0 0 0 0 0 0 0 0 0 0 0 0 0 0 0 0 0 0 0 0 0 0 0 0 0 0 0 0 0 0 0 0 0 0 0 0 0 0 0 0 0 0 0 0 0 0 0 0 0.004791758 0.006531879 0.007169722 0.009640974 0.0124824 0.01366511 0.015317768 0.017863717 0.020994376 0.02115842 0.02515839 0.025236934 0.030656929 0.032484612 0.036960847 0.038909328 0.041966061 0.046413803 0.055298337 0.057811363 0.064134433 0.06732907 0.070924035 0.073926362 0.079481346 0.082887243 0.083821448 0.089719548 0.089557291 0.09482518 0.096699902 0.095346357 0.100831443 0.100287156 0.097952616 0.10196066 0.103652686 0.103880533 0.105470304 0.106835512 0.10848943 0.103846816 0.106814804 0.106341438 0.108240769 0.109592617 0.110519398 0.109216598 0.110374069 0.119894847 0.121987149 0.131635805 0.140778303 0.140023572 0.155845995 0.160469572 0.183652999 0.181783405 0.187083711 0.174358277 0.183818191 0.1760622 0.167657453 0 0 0 0 0
454.06 0 0 0 0 0 0 0 0 0 0 0 0 0 0 0 0 0 0 0 0 0 0 0 0 0 0 0 0 0 0 0 0 0 0 0 0 0 0 0 0 0 0 0 0 0 0 0 0 0.004254457 0.005485549 0.006929713 0.009010876 0.013230448 0.014984334 0.014696057 0.016654025 0.018162261 0.022876435 0.023130155 0.025641396 0.028940645 0.032418967 0.039142279 0.035712 0.043382557 0.046616669 0.048871338 0.052598018 0.058397045 0.063004417 0.06620258 0.070477113 0.072454617 0.079446932 0.080835829 0.083425541 0.085640189 0.089734197 0.091249563 0.09409885 0.096648254 0.096940677 0.099097986 0.098729617 0.098355227 0.101169335 0.102822752 0.103724572 0.103858338 0.104660319 0.099825936 0.104050066 0.103119413 0.101424294 0.106704016 0.109067432 0.107332414 0.107210948 0.118294146 0.117766214 0.129319353 0.138406566 0.146508544 0.152942847 0.160160262 0.172136099 0.179471352 0.18621771 0.200845983 0.18954784 0.179016585 0.236083245 0 0 0 0 0
457.366 0 0 0 0 0 0 0 0 0 0 0 0 0 0 0 0 0 0 0 0 0 0 0 0 0 0 0 0 0 0 0 0 0 0 0 0 0 0 0 0 0 0 0 0 0 0 0 0.004042887 0.005180376 0.007600285 0.008992743 0.010407923 0.013040457 0.014740687 0.015133924 0.01782604 0.020557721 0.022449712 0.026341522 0.026496167 0.029800868 0.031158893 0.035643626 0.039196917 0.04006364 0.045674044 0.048682681 0.054872367 0.059548385 0.060938168 0.066950859 0.068957756 0.072097147 0.076343736 0.081017348 0.081201652 0.085818076 0.087057707 0.088860074 0.090333378 0.092907394 0.09331462 0.093321355 0.094099153 0.097559857 0.100069831 0.097479511 0.102051114 0.098930927 0.098121757 0.10110585 0.100096762 0.10485299 0.098720051 0.103752387 0.107237129 0.108344973 0.112752159 0.113660875 0.122368865 0.128982053 0.135551478 0.14123566 0.156732417 0.166931593 0.15811151 0.180263945 0.171545368 0.177467906 0.180426062 0.131432947 0 0 0 0 0 0
460.673 0 0 0 0 0 0 0 0 0 0 0 0 0 0 0 0 0 0 0 0 0 0 0 0 0 0 0 0 0 0 0 0 0 0 0 0 0 0 0 0 0 0 0 0 0 0 0.0041128 0.005665107 0.003595213 0.009933308 0.009411765 0.011656919 0.014406131 0.017346715 0.018319933 0.02166077 0.023010061 0.023657422 0.028182978 0.028630235 0.031397466 0.035278084 0.035501377 0.042934204 0.04398723 0.046219932 0.052168381 0.054469259 0.056269711 0.059378874 0.067036328 0.070593417 0.073750423 0.076349236 0.076234383 0.08087758 0.08413162 0.084844167 0.088254878 0.09007066 0.090737036 0.092980926 0.092069795 0.091409563 0.09390661 0.094720238 0.097233777 0.095824903 0.095346722 0.099508975 0.096931204 0.096859081 0.097016342 0.102966222 0.101407082 0.109018251 0.105681201 0.10899984 0.108344101 0.122835961 0.12631072 0.133772663 0.141416613 0.147780042 0.158644178 0.162210127 0.18265947 0.179543329 0.174325967 0.194432405 0 0 0 0 0 0 0
463.982 0 0 0 0 0 0 0 0 0 0 0 0 0 0 0 0 0 0 0 0 0 0 0 0 0 0 0 0 0 0 0 0 0 0 0 0 0 0 0 0 0 0 0 0 0 0.003291903 0.002879697 0.003665639 0.006663042 0.006393482 0.009899886 0.012898378 0.015010704 0.016269676 0.018892027 0.02159973 0.025572722 0.025140579 0.025803752 0.028067417 0.030818152 0.031269727 0.038095849 0.040491183 0.043737073 0.045135207 0.05008476 0.051142139 0.056385852 0.060957205 0.063038033 0.065849802 0.067190029 0.072425693 0.075269996 0.079485285 0.079787006 0.081822295 0.086420011 0.084896668 0.086333981 0.087475588 0.086993134 0.090819927 0.088944477 0.088304213 0.092095193 0.092885119 0.093617378 0.09346227 0.093936481 0.092714339 0.090667246 0.097193077 0.10101103 0.099083786 0.099005953 0.102177894 0.105023515 0.121976887 0.121849377 0.13055138 0.137889885 0.150899565 0.154521392 0.164741176 0.168438579 0.169019127 0.180118188 0.202323642 0 0 0 0 0 0 -4.237519128
467.292 0 0 0 0 0 0 0 0 0 0 0 0 0 0 0 0 0 0 0 0 0 0 0 0 0 0 0 0 0 0 0 0 0 0 0 0 0 0 0 0 0 0 0 0 0.002484697 0.003478935 0.004572797 0.005068868 0.00779418 0.008623142 0.011372451 0.013319754 0.014587522 0.018141968 0.018687492 0.021118848 0.024010916 0.026907944 0.028531482 0.029877149 0.033036899 0.034145381 0.037173536 0.040689404 0.043408806 0.045203181 0.047082999 0.052094006 0.055711326 0.05816203 0.060806317 0.06547207 0.068633641 0.070241149 0.072442973 0.074465258 0.07690159 0.0768099 0.079581617 0.080737337 0.082300883 0.083909114 0.084209018 0.083445084 0.081464354 0.08533543 0.088185588 0.089747862 0.08975879 0.08769796 0.091359479 0.08748967 0.092606697 0.088829186 0.093603403 0.098642888 0.098153488 0.100930158 0.109321619 0.110084846 0.118913935 0.122092538 0.131472968 0.144433906 0.151502539 0.15943947 0.156029518 0.165765008 0.15853498 0 0 0 0 0 0 0 1.734229788
470.603 0 0 0 0 0 0 0 0 0 0 0 0 0 0 0 0 0 0 0 0 0 0 0 0 0 0 0 0 0 0 0 0 0 0 0 0 0 0 0 0 0 0 0 0.002049656 0.002180588 0.00152124 0.00233118 0.005365517 0.00463565 0.007959836 0.010509093 0.012408703 0.016115245 0.017201413 0.019316803 0.020497772 0.023687516 0.024467033 0.027495801 0.030001498 0.031030994 0.033849264 0.035321621 0.039489575 0.041791159 0.043345396 0.047876775 0.051753744 0.055041935 0.054667598 0.061807841 0.062743075 0.065797608 0.066602143 0.069119762 0.069036929 0.07267902 0.07662675 0.076249505 0.079902064 0.079596811 0.080862839 0.081999554 0.07954451 0.081096347 0.083400105 0.084235122 0.084702018 0.085631673 0.085503914 0.085131242 0.087425885 0.087576308 0.090918977 0.090031744 0.094917267 0.090004884 0.093920272 0.095557857 0.105156395 0.113249653 0.118647088 0.123148152 0.142277867 0.144360075 0.137744497 0.158635391 0.145624501 0.152315547 0 0 0 0 0 0 -2.568135585 -21.00747988
473.915 0 0 0 0 0 0 0 0 0 0 0 0 0 0 0 0 0 0 0 0 0 0 0 0 0 0 0 0 0 0 0 0 0 0 0 0 0 0 0 0 0 0 0.001721865 0.001870332 0.002372882 0.004607525 0.005454061 0.005878015 0.007887241 0.010427315 0.014117818 0.01486126 0.017031783 0.020081436 0.022705837 0.021308721 0.027174171 0.02792141 0.031250129 0.028170124 0.033157728 0.03452723 0.0368918 0.041508903 0.042457207 0.046280725 0.049152681 0.05115237 0.056000678 0.056775656 0.059658723 0.064783297 0.066757044 0.06644323 0.068383004 0.068762842 0.071381088 0.073001085 0.075119019 0.075946356 0.076069073 0.078921201 0.077770714 0.078804341 0.077200988 0.080383766 0.082720349 0.082653462 0.081202136 0.081170451 0.082211 0.084554245 0.085676508 0.084598618 0.088391852 0.090468854 0.094736935 0.093383499 0.099886802 0.107627917 0.11150217 0.122289107 0.125537001 0.134118383 0.1500688 0.14823123 0.140958709 0.160321357 0 0 0 0 0 0 0 -8.571939858 -22.63582791
477.228 0 0 0 0 0 0 0 0 0 0 0 0 0 0 0 0 0 0 0 0 0 0 0 0 0 0 0 0 0 0 0 0 0 0 0 0 0 0 0 0 0 0.004336808 0.004819351 0.00493574 0.005849412 0.007733664 0.008790818 0.009095668 0.010983685 0.013492002 0.015364876 0.018195606 0.01983874 0.022088297 0.026246638 0.025831272 0.028293705 0.028906096 0.03366348 0.033037917 0.037755822 0.037392494 0.040506975 0.04341155 0.045355694 0.049761993 0.050309294 0.052265203 0.057207552 0.057778484 0.058902085 0.06069919 0.064770077 0.066098414 0.070970215 0.072693093 0.073359142 0.07231155 0.075391776 0.073925736 0.075885182 0.076783512 0.078244488 0.077920029 0.078761318 0.079173716 0.080499098 0.084151102 0.084345669 0.085604675 0.086328787 0.083531561 0.086205871 0.088862904 0.090567532 0.092908825 0.093713557 0.098965897 0.10450483 0.1093846 0.119169677 0.127094112 0.13333578 0.135731907 0.154818391 0.161945468 0.153687685 0.180718913 0 0 0 0 0 0 3.690026828 7.920624884 35.97284138
480.542 0 0 0 0 0 0 0 0 0 0 0 0 0 0 0 0 0 0 0 0 0 0 0 0 0 0 0 0 0 0 0 0 0 0 0 0 0 0 0 0 0.001898537 0.001127448 0.002891494 0.003734136 0.003914959 0.00407727 0.007088011 0.004898901 0.009529793 0.010748094 0.013086068 0.013600516 0.017367072 0.018418677 0.021569759 0.022532688 0.023693128 0.027437826 0.029375481 0.030042836 0.029832872 0.036111273 0.035883266 0.036505159 0.03871715 0.042225412 0.045220746 0.046825116 0.052114863 0.054957874 0.054914897 0.058547532 0.061523129 0.06253704 0.065265369 0.063786539 0.065004814 0.067364075 0.06724206 0.069212343 0.070542137 0.071757016 0.069757412 0.073142569 0.073089636 0.072163379 0.073473992 0.07224004 0.076680468 0.077496793 0.076481188 0.076690466 0.080486404 0.078542289 0.080882815 0.081631329 0.083803088 0.090457832 0.09119603 0.094294081 0.104438121 0.11278007 0.112972946 0.119829621 0.135301145 0.133672787 0.133825055 0 0 0 0 0 0 0 -2.338122154 -6.843122985 -44.35915026
483.858 0 0 0 0 0 0 0 0 0 0 0 0 0 0 0 0 0 0 0 0 0 0 0 0 0 0 0 0 0 0 0 0 0 0 0 0 0 0 0 0.00164068 0.002868666 0.00242871 0.002912593 0.002955214 0.003115822 0.006369115 0.006911277 0.008313412 0.007022896 0.010203385 0.013923718 0.016498255 0.018612534 0.019337836 0.022760847 0.022822048 0.028234247 0.027639033 0.029382778 0.030730357 0.033271504 0.035399028 0.036652744 0.03804615 0.04352015 0.044697851 0.044959155 0.049585351 0.049125199 0.052591238 0.055917021 0.056882507 0.058484936 0.061060129 0.063368382 0.06338861 0.065249234 0.065458686 0.067332403 0.067291684 0.06889901 0.069727846 0.070876386 0.069887323 0.069694982 0.071811345 0.07372875 0.071835408 0.074160654 0.073082581 0.078210166 0.079512054 0.078878178 0.08337318 0.082314588 0.086842688 0.084856785 0.087624112 0.091328932 0.09873622 0.10856386 0.108180858 0.122276962 0.120933957 0.13336715 0.136518765 0.144785905 0 0 0 0 0 0 0.260408434 -0.366791368 0.649818047 -20.23777339
487.174 0 0 0 0 0 0 0 0 0 0 0 0 0 0 0 0 0 0 0 0 0 0 0 0 0 0 0 0 0 0 0 0 0 0 0 0 0 0 0.003427028 0.004126799 0.003456734 0.005185119 0.005030858 0.00592123 0.007315173 0.00917367 0.008410637 0.01132318 0.014915041 0.015200354 0.018264478 0.018677741 0.021255603 0.021128177 0.029034638 0.02688433 0.029654717 0.029305006 0.032595467 0.035037113 0.037556197 0.03689926 0.040354949 0.040667362 0.043455774 0.044982717 0.046552196 0.050053056 0.05008841 0.054902764 0.055955371 0.057821537 0.057404225 0.061166878 0.062840181 0.065107899 0.062958402 0.066888551 0.066932897 0.068043653 0.067501615 0.070505599 0.069599908 0.069443549 0.068833777 0.070851653 0.073017294 0.073112363 0.073484442 0.074195431 0.075851735 0.075279225 0.075973073 0.079615951 0.083397716 0.084179867 0.088730873 0.091034826 0.094975363 0.102669396 0.113305176 0.122032796 0.121037687 0.122072987 0.126963105 0.145843341 0 0 0 0 0 0 0 0.293701721 2.83118521 -0.002870299 51.53516853
490.492 0 0 0 0 0 0 0 0 0 0 0 0 0 0 0 0 0 0 0 0 0 0 0 0 0 0 0 0 0 0 0 0 0 0 0 0 0 0.00199932 0.001276502 0.003436186 0.003344212 0.00500022 0.004795116 0.005178011 0.005580274 0.00613918 0.006834088 0.007903473 0.010911722 0.012898559 0.013323559 0.016198488 0.020896205 0.019921166 0.022932867 0.021212794 0.025044635 0.02794581 0.029118124 0.03021912 0.03430307 0.033703006 0.03422742 0.039111361 0.038444369 0.041546845 0.043826143 0.045899318 0.046450934 0.049729993 0.053971573 0.054493275 0.055837865 0.055390672 0.057894357 0.059808967 0.059056654 0.062374609 0.059753956 0.064061425 0.064174593 0.062828728 0.063366801 0.062852109 0.063890683 0.063968474 0.06373067 0.066389213 0.069115739 0.070829589 0.069628933 0.071821262 0.072778741 0.072874337 0.077689281 0.076023936 0.079271398 0.081203977 0.086048345 0.091115 0.098834075 0.099755152 0.111503456 0.119034189 0.119967722 0.128473633 0 0 0 0 0 0 0.163713303 -0.03269273 0.209756992 -3.466706514 -16.99879082
493.81 0 0 0 0 0 0 0 0 0 0 0 0 0 0 0 0 0 0 0 0 0 0 0 0 0 0 0 0 0 0 0 0 0 0 0 0 0.002182881 0.004178175 0.003493527 0.003811027 0.005305891 0.005039131 0.005852991 0.007649652 0.006897943 0.00698315 0.010216242 0.010573027 0.012163371 0.013929194 0.014867219 0.018079231 0.020379519 0.022389701 0.023465337 0.024341312 0.02555345 0.027580932 0.029024373 0.034688414 0.032664836 0.033379728 0.037125259 0.037948532 0.038770651 0.041725005 0.043073531 0.045615377 0.048115197 0.048959746 0.051198361 0.053858726 0.056099868 0.057005385 0.056582899 0.057639694 0.058907499 0.058205648 0.061446508 0.06141469 0.063199293 0.063509349 0.062164379 0.06313231 0.062340292 0.064135315 0.064325293 0.067504761 0.066717569 0.067149518 0.07045033 0.069911858 0.07112219 0.07326789 0.077360468 0.077189253 0.082412777 0.079221457 0.090569534 0.092120518 0.095731337 0.103264969 0.104993488 0.11523848 0.123360521 0 0 0 0 0 0 0 0.169899139 0.49109273 -0.573935706 5.856742549 -11.8470162
497.13 0 0 0 0 0 0 0 0 0 0 0 0 0 0 0 0 0 0 0 0 0 0 0 0 0 0 0 0 0 0 0 0 0 0 0 0.003068692 0.001188456 0.001759589 0.002167261 0.004761277 0.00527597 0.005822021 0.00667285 0.005908093 0.007452698 0.007368782 0.009261075 0.012759067 0.013103527 0.015909293 0.016396448 0.017596563 0.019919674 0.022002889 0.024748377 0.026646125 0.026791868 0.026942417 0.02961062 0.032561333 0.035520204 0.035885717 0.036407207 0.036037677 0.04068073 0.039030038 0.045026652 0.046359502 0.04489578 0.049321067 0.049916713 0.052058354 0.052598153 0.054894566 0.055602658 0.053894345 0.056622892 0.055869509 0.057953158 0.057367144 0.059471965 0.060906459 0.061513409 0.059844431 0.063275458 0.061487803 0.06489548 0.065057427 0.064509531 0.06905256 0.066218456 0.069257459 0.069762797 0.074694876 0.07546515 0.076762985 0.078639634 0.082560912 0.078783196 0.0920224 0.10171241 0.105381429 0.109813144 0.121799474 0.117501062 0 0 0 0 0 0 0.120899145 0.069387461 0.671961834 1.789801619 0.631367211 1.662675726
500.451 0 0 0 0 0 0 0 0 0 0 0 0 0 0 0 0 0 0 0 0 0 0 0 0 0 0 0 0 0 0 0 0 0 0 0.000585 0.00110188 0.001957983 0.000918 0.004267905 0.004717384 0.004357648 0.005145532 0.005626837 0.006561627 0.007381728 0.009534764 0.009183424 0.011964002 0.013094153 0.015088558 0.01676737 0.017162612 0.019987149 0.024071564 0.02401767 0.02465364 0.025611088 0.028501875 0.028353261 0.03135253 0.031517161 0.032349261 0.032939542 0.034748713 0.038554223 0.039773568 0.041756638 0.044316709 0.044917265 0.04701658 0.047406578 0.048156657 0.050196328 0.053021773 0.052881897 0.054922968 0.051630154 0.055635449 0.05820584 0.055380705 0.057179637 0.057912972 0.057065651 0.057768523 0.059534761 0.058819205 0.058454587 0.06062454 0.060850028 0.064086084 0.063494355 0.062738253 0.066873823 0.066262784 0.068438393 0.071431253 0.073885684 0.076915638 0.081234188 0.08487716 0.088037935 0.091449981 0.106534855 0.116935432 0 0 0 0 0 0 0 0.131170945 0.063718136 -0.264892402 -1.330966809 -3.932601776 10.37067291
503.772 0 0 0 0 0 0 0 0 0 0 0 0 0 0 0 0 0 0 0 0 0 0 0 0 0 0 0 0 0 0 0 0 0 0.002535301 0.002068577 -0.00021 0.003525058 0.004482231 0.004331598 0.00459423 0.004509092 0.006307274 0.007367289 0.007724568 0.00804583 0.009513974 0.009203465 0.011540842 0.012789577 0.014457343 0.016388224 0.021233213 0.020154649 0.020258121 0.023760413 0.026474495 0.025995924 0.028352896 0.029081866 0.031438042 0.032072298 0.033847527 0.035161224 0.033735919 0.035615819 0.03820846 0.040222503 0.043085477 0.044047633 0.047153136 0.047496841 0.045854544 0.045641516 0.050855335 0.049732474 0.052072027 0.051698644 0.053289047 0.053522079 0.057822682 0.055086978 0.056636998 0.055158988 0.058183636 0.057186586 0.054598532 0.056448581 0.057687857 0.059418261 0.05881641 0.062759743 0.06376703 0.065265771 0.067536755 0.069179585 0.073646813 0.076241574 0.078203423 0.079144189 0.08816953 0.092144098 0.094951988 0.104076303 0.104814393 0 0 0 0 0 0 0.059879732 0.051431922 0.12936704 0.118196092 0.434111417 -0.001973108 12.20132748
507.095 0 0 0 0 0 0 0 0 0 0 0 0 0 0 0 0 0 0 0 0 0 0 0 0 0 0 0 0 0 0 0 0 0.002275023 0.0015861 0.000824 0.001487392 0.001169492 0.003214911 0.00531077 0.004995581 0.004393228 0.005500216 0.007020661 0.007683631 0.008658893 0.009581429 0.010935406 0.011962011 0.013827855 0.013919358 0.016240718 0.01816546 0.020681018 0.021296149 0.021772938 0.023881064 0.025171533 0.02842705 0.029150855 0.027481602 0.031923955 0.031140061 0.032805551 0.033504647 0.037240941 0.037499856 0.040061659 0.039854371 0.040115537 0.04467602 0.045382351 0.046199305 0.046295012 0.046182618 0.04989032 0.04709681 0.050810978 0.051768316 0.049179653 0.05150395 0.054342084 0.051159348 0.050963996 0.054841935 0.050869007 0.056438159 0.054324041 0.057457659 0.059191116 0.061077456 0.061777194 0.060615731 0.06505395 0.064885834 0.063419201 0.067562297 0.069789433 0.075937412 0.074567046 0.079087098 0.081356732 0.08913934 0.093079689 0 0 0 0 0 0 0 0.033783742 0.085809015 0.032752698 0.085294072 0.108574234 2.024598603 -24.73789359
510.418 0 0 0 0 0 0 0 0 0 0 0 0 0 0 0 0 0 0 0 0 0 0 0 0 0 0 0 0 0 0 0 0.002482852 -0.000898 0.004478871 0.003606363 0.00348797 0.003457371 0.005451385 0.004525131 0.006742624 0.006425686 0.007185173 0.007809559 0.007909697 0.010134654 0.010790595 0.011229417 0.012567204 0.012577 0.015216117 0.016312011 0.018455336 0.019682506 0.022749335 0.023999672 0.022590443 0.028791423 0.026510212 0.028371874 0.028733312 0.028292225 0.03319227 0.032735656 0.033819143 0.036400937 0.039889088 0.038672223 0.039582684 0.040968733 0.040372976 0.044524628 0.046679719 0.047580551 0.046657263 0.044354 0.050044156 0.04823757 0.048603299 0.049301634 0.05133227 0.052888748 0.053535074 0.052307592 0.051197574 0.053875846 0.05251504 0.05437134 0.052989749 0.058945472 0.057095964 0.056348363 0.060321178 0.062268937 0.064651312 0.064811512 0.067480569 0.073590413 0.080114383 0.078170389 0.080898157 0.086181935 0.08702444 0.097888173 0 0 0 0 0 0 0.143087169 0.137010512 0.107794024 0.118516657 0.291095424 0.769516718 -1.372439851 -10.6733534
513.742 0 0 0 0 0 0 0 0 0 0 0 0 0 0 0 0 0 0 0 0 0 0 0 0 0 0 0 0 0 0 0.001114006 0.00178206 0.001636465 0.003727831 0.001808727 0.001783043 0.002484729 0.003873215 0.005233113 0.003799887 0.005695401 0.00617991 0.009294787 0.007974696 0.008105615 0.010261215 0.008787449 0.011566726 0.012965107 0.014658588 0.017192875 0.017824532 0.018623462 0.019358419 0.019356947 0.022104006 0.022398398 0.026643717 0.027665766 0.028081799 0.026982221 0.030335116 0.030822485 0.032326197 0.03457647 0.03548706 0.03316813 0.036526191 0.041260574 0.041564645 0.040790355 0.042374888 0.042454386 0.043306049 0.045065302 0.041566977 0.044433196 0.045883422 0.047361138 0.045854025 0.048463087 0.049841085 0.049341095 0.049918773 0.049306861 0.050778911 0.049338105 0.050539376 0.053669577 0.056269543 0.055735495 0.057987502 0.056982776 0.05498235 0.063874253 0.058327234 0.066370242 0.064175309 0.069324097 0.073955763 0.078748609 0.084267442 0 0 0 0 0 0 0.101583224 0.092124396 0.098436927 0.117337307 0.032982643 0.068901121 -1.100287586 -7.034867062 -21.30505957
517.068 0 0 0 0 0 0 0 0 0 0 0 0 0 0 0 0 0 0 0 0 0 0 0 0 0 0 0 0 0 -0.000292 0.001027284 0.000807 0.001975185 0.001989153 0.001666935 0.0026543 0.003090518 0.004087421 0.003099168 0.00570591 0.005903709 0.007157211 0.008318398 0.007450236 0.008460752 0.010987817 0.010168264 0.010459923 0.013181042 0.012178081 0.014374489 0.01884578 0.01833825 0.02062146 0.023155847 0.02276924 0.02411349 0.023388378 0.024100349 0.024943692 0.028028617 0.026674528 0.028685484 0.029128834 0.03167655 0.033537153 0.034536346 0.034577262 0.036004736 0.03828346 0.040001834 0.040776557 0.039751185 0.042930515 0.042007533 0.040644477 0.041776853 0.040941814 0.044108505 0.042748375 0.047752648 0.043704684 0.046716227 0.044716927 0.047781476 0.045757501 0.050060362 0.049456343 0.049156499 0.050111325 0.052831406 0.054716227 0.054884711 0.056331449 0.061755463 0.060035428 0.060837501 0.06556236 0.069573761 0.069434939 0.080799061 0.077415306 0 0 0 0 0 0 0.087872167 0.087375944 0.039278445 0.01244695 -0.019916106 -0.603912987 -0.277586973 -4.333179504 -23.28228676
520.394 0 0 0 0 0 0 0 0 0 0 0 0 0 0 0 0 0 0 0 0 0 0 0 0 0 0 0 0 0.005120497 0.005879431 0.005545008 0.004408176 0.004394982 0.005396862 0.005874191 0.005711364 0.005695378 0.00720969 0.007599952 0.006747541 0.007635508 0.009842136 0.008922295 0.010328218 0.010500217 0.011633064 0.013050814 0.015533023 0.013349747 0.013526837 0.016652197 0.020736608 0.021662988 0.021944206 0.022942162 0.022398101 0.02457476 0.027745303 0.027957016 0.027002033 0.030698321 0.030184715 0.031930896 0.032078514 0.031918345 0.034012591 0.034597044 0.036880843 0.035814177 0.040677307 0.040045173 0.038791908 0.040434745 0.044194856 0.044368531 0.044384899 0.04343663 0.042959768 0.044996804 0.045414038 0.043816178 0.049490195 0.044408393 0.046741471 0.046678669 0.049651417 0.051191058 0.052517034 0.054933876 0.055651378 0.053568697 0.057377574 0.054587978 0.055626941 0.058330505 0.059863184 0.064687435 0.061434838 0.071110711 0.075737535 0.080156422 0 0 0 0 0 0 0.10748202 0.118759513 0.094401303 0.154625248 0.096956083 0.193919748 0.260743355 0.10918136 5.736408478 39.5936162
523.721 0 0 0 0 0 0 0 0 0 0 0 0 0 0 0 0 0 0 0 0 0 0 0 0 0 0 0 0.001826431 0.003821901 0.000989 0.001896302 0.002539308 0.003596869 0.002954671 0.002925199 0.003718932 0.004811017 0.003765281 0.006120954 0.006454148 0.00685135 0.007011298 0.008772933 0.010032462 0.00959564 0.009297809 0.012181129 0.01293696 0.013540807 0.015289036 0.015208376 0.017003581 0.019712372 0.020378341 0.020640996 0.02039556 0.021488897 0.024903566 0.02355317 0.024379989 0.025434203 0.027852835 0.028067195 0.028387685 0.031149722 0.030299855 0.03306529 0.031798402 0.034518129 0.035008541 0.037325702 0.038232141 0.036778555 0.038337286 0.039643233 0.039825688 0.040923562 0.040202165 0.043231682 0.041645992 0.042068162 0.043017767 0.043550414 0.042530196 0.044195596 0.046219512 0.044334543 0.046642809 0.046412687 0.050286438 0.04799398 0.048216742 0.051885636 0.053063405 0.056321393 0.05702651 0.055710329 0.066509435 0.064235294 0.06361202 0.073058995 0 0 0 0 0 0 0.077988985 0.088580041 0.085596369 0.091863894 0.088299904 0.148406831 0.245290671 -1.074378905 2.308630467 -3.665900119
527.048 0 0 0 0 0 0 0 0 0 0 0 0 0 0 0 0 0 0 0 0 0 0 0 0 0 0 0.002356103 0.001182796 0.002791665 0.00099 0.003510985 0.006171699 0.001171869 0.004436334 0.003775298 0.006860625 0.006285408 0.006433554 0.00600721 0.006963696 0.005960637 0.007409311 0.008916716 0.009075191 0.010705752 0.010952716 0.012930889 0.013784995 0.016483233 0.014268774 0.014426483 0.015334513 0.018524715 0.02163414 0.020264592 0.020275295 0.023123229 0.025374133 0.024518382 0.026608955 0.026859288 0.026655286 0.030517454 0.029254603 0.028476739 0.031127654 0.033091761 0.032781634 0.034277155 0.032453627 0.03494187 0.03877684 0.036490483 0.038686142 0.037304365 0.038744893 0.038309339 0.037404518 0.038698979 0.040996705 0.03933296 0.039597956 0.042669295 0.042431138 0.04253899 0.042318272 0.04309131 0.045598285 0.04661139 0.044228727 0.042404107 0.045993077 0.048470428 0.050335296 0.054349998 0.056755362 0.05658282 0.0598168 0.061123464 0.063341181 0 0 0 0 0 0 0.091079435 0.096221892 0.088655177 0.096380232 0.038267179 0.104184064 0.222778087 0.333540543 0.227012849 -3.953589998 -18.16071931
530.377 0 0 0 0 0 0 0 0 0 0 0 0 0 0 0 0 0 0 0 0 0 0 0 0 0 0.000118 -0.004376699 -0.000215 0.000207 0.002473292 0.00076 0.000823 0.002679392 0.001945746 0.001003697 0.003941582 0.005084608 0.003442045 0.006960705 0.007622324 0.007844724 0.007282471 0.008054453 0.00762815 0.008608496 0.009426465 0.00911643 0.010775811 0.012366763 0.013007672 0.01660793 0.016459804 0.014244795 0.018570178 0.017700786 0.018354515 0.020175831 0.021989639 0.021998219 0.021790605 0.023145423 0.02260642 0.024884372 0.028493634 0.026907085 0.028068517 0.030908508 0.028679858 0.031458485 0.029079653 0.032723243 0.0325981 0.036117049 0.033075136 0.033316313 0.032810986 0.033265674 0.03408677 0.037411846 0.036836681 0.038587771 0.036979085 0.036960433 0.03760786 0.037394432 0.038237048 0.040009157 0.04189618 0.043059438 0.044970241 0.043252565 0.044082388 0.045660195 0.046041608 0.049722144 0.049406611 0.049985551 0.052423188 0.057235096 0.058656514 0 0 0 0 0 0 0.084471084 0.067378946 0.085043058 0.080333697 0.064307525 2.49e-05 0.013496653 0.017729583 -0.452154826 -3.247630697 -8.144506622
533.706 0 0 0 0 0 0 0 0 0 0 0 0 0 0 0 0 0 0 0 0 0 0 0 0 0.00293498 -0.000234 0.000899 0.007324804 0.00248586 0.002574901 0.002472895 0.002098033 0.003438285 0.004755922 0.00625163 0.004752222 0.00388664 0.005271644 0.005898952 0.008189969 0.007003844 0.008514879 0.008203513 0.008220257 0.009515797 0.010524458 0.009623972 0.010374463 0.013292365 0.012957805 0.014162433 0.017609864 0.017754613 0.018993044 0.01904765 0.019416088 0.019573706 0.021043441 0.016897604 0.022070574 0.023346186 0.025080339 0.024375419 0.02425184 0.025223628 0.028041472 0.029472857 0.026668911 0.029960577 0.032378385 0.031338969 0.029873207 0.033555227 0.031101469 0.034683396 0.034226013 0.034243035 0.035683002 0.035178102 0.035585211 0.036382744 0.037230395 0.037285836 0.03671471 0.038090454 0.04005369 0.039771391 0.038167323 0.040040954 0.040234844 0.042060554 0.043717007 0.044821548 0.046209316 0.049190657 0.048299713 0.050302864 0.054069651 0.062531538 0 0 0 0 0 0 0.079618331 0.074237531 0.084080636 0.069161667 0.086899678 0.07302943 0.12651396 -0.15555155 0.176127593 0.510452927 4.194854191 -4.527839594
537.037 0 0 0 0 0 0 0 0 0 0 0 0 0 0 0 0 0 0 0 0 0 0 0 -0.003732058 -0.00062 0.002485303 0.000907 -0.003910057 0.000313 0.001597906 0.004600466 0.000462 0.002790299 0.003458877 0.003736465 0.003907129 0.003513521 0.006695618 0.005106751 0.005556251 0.006790411 0.007836618 0.006939426 0.008873034 0.008216725 0.008149255 0.01237708 0.00954592 0.009390766 0.010060188 0.011421892 0.013649693 0.014320486 0.015463595 0.017412144 0.018119391 0.01803238 0.018860519 0.021260699 0.019288236 0.0197836 0.020619141 0.021417559 0.020672548 0.024525704 0.024224307 0.025439117 0.028691671 0.025796067 0.026154785 0.028759676 0.029669827 0.029393729 0.02989484 0.032200226 0.030383706 0.032536767 0.032626127 0.031855035 0.030728143 0.035224782 0.034634657 0.034541704 0.033378537 0.034060433 0.0360364 0.035610668 0.037469689 0.037263277 0.03843492 0.036554325 0.040293981 0.038119051 0.043507025 0.047156341 0.039411371 0.049054289 0.050325978 0.053433243 0 0 0 0 0 0 0.065985667 0.065229622 0.055088757 0.054320828 0.027047128 0.061300556 0.044649539 -0.18410793 -0.053289912 -1.428593852 -5.400264245 -33.10001505
540.367 0 0 0 0 0 0 0 0 0 0 0 0 0 0 0 0 0 0 0 0 0 0 -0.000682 0.001817814 0.001247065 -0.001438774 0.000459 0.002972055 0.000212 0.001717512 1.03e-06 0.002328577 0.00582748 0.002628817 0.002210058 0.003436158 0.004383061 0.004320308 0.006271806 0.008576012 0.006973643 0.007097418 0.00875708 0.007755892 0.008112758 0.009535188 0.010337819 0.009387043 0.01335539 0.010422383 0.015732457 0.013037527 0.013072286 0.015601095 0.0177807 0.019066744 0.018419695 0.017801776 0.017912669 0.01904417 0.021403217 0.022889995 0.022264817 0.024861829 0.022245357 0.023649284 0.023899183 0.025778653 0.026967384 0.026236165 0.026603037 0.026173472 0.029789016 0.030491185 0.030651694 0.028006742 0.030516301 0.03255709 0.030768546 0.030569618 0.030995126 0.033723731 0.032584282 0.031251727 0.033144855 0.034129771 0.033156903 0.035518715 0.036064435 0.036615944 0.03756077 0.041730492 0.04169887 0.041449754 0.040251845 0.043041162 0.047180038 0.046480849 0 0 0 0 0 0 0.059973715 0.067217892 0.068651827 0.068430388 0.054317555 0.053724905 0.033876045 0.029172582 0.006896156 -0.628408126 -1.902251186 2.396982172 -17.65517362
543.699 0 0 0 0 0 0 0 0 0 0 0 0 0 0 0 0 0 0 0 0 0 0.001849346 -0.000823 0.002765943 -0.000381 0.000971 0.004764071 0.001447697 0.003747743 0.003277127 0.00491424 0.005739483 0.005462317 0.00338515 0.005186007 0.005744705 0.005886849 0.005854577 0.00702258 0.008571013 0.007565703 0.008850264 0.009378278 0.008746157 0.009076949 0.0100522 0.009756213 0.010878733 0.012737346 0.015400245 0.015094064 0.015521231 0.015097937 0.016466302 0.016968851 0.017439416 0.019653277 0.020039411 0.020412114 0.020202001 0.022767326 0.020725253 0.022038692 0.022384011 0.025147144 0.024915788 0.024476265 0.027150055 0.024987225 0.025310422 0.026376778 0.027751743 0.025390269 0.027318869 0.028943643 0.032883349 0.02812998 0.031667288 0.02972303 0.031827952 0.029214952 0.030077374 0.032360298 0.034365459 0.03083048 0.033246655 0.035499551 0.036417275 0.038700532 0.038481744 0.038876588 0.039061365 0.042766343 0.037879622 0.044487231 0.046797281 0.049446453 0.05066223 0 0 0 0 0 0 0.070452676 0.064175454 0.084034924 0.077517098 0.07225251 0.075415922 0.093400802 0.199433938 0.153818156 0.181443367 -0.46699162 1.442391123 -0.011000453
547.031 0 0 0 0 0 0 0 0 0 0 0 0 0 0 0 0 0 0 0 0 -0.004911286 -0.003016907 -0.00262655 -0.001197926 -0.002297214 -0.004524307 -0.003630594 -0.003703875 0.001403035 -0.001964657 -0.00089 0.003224869 0.001048384 0.002761831 0.002092533 0.002437323 0.006491957 0.00332221 0.00465675 0.004742662 0.00589417 0.006423654 0.005559814 0.005639936 0.006299833 0.008767611 0.009575951 0.009135724 0.010407738 0.008844328 0.011048494 0.01271404 0.012983302 0.012644526 0.014901928 0.016428309 0.0163602 0.016581041 0.015550929 0.016178449 0.015526083 0.017415453 0.019924917 0.018571917 0.018613224 0.02244674 0.020910108 0.022713777 0.021533409 0.024264757 0.024945957 0.024805987 0.025854372 0.023974614 0.024415898 0.026165764 0.027515291 0.025875437 0.024477674 0.027792888 0.029644215 0.029109906 0.02973281 0.029664883 0.02886392 0.029621677 0.028855509 0.03121759 0.031494589 0.030633024 0.035673141 0.036003541 0.03255029 0.035780868 0.033886855 0.044344975 0.034935579 0 0 0 0 0 0 0.05448035 0.047432313 0.058000793 0.054011635 0.029043502 0.023525207 0.021241919 0.045312892 -0.065836861 -0.253679849 -0.842497017 -2.589599969 -5.814950504 -21.83882036
550.364 0 0 0 0 0 0 0 0 0 0 0 0 0 0 0 0 0 0 0 0.000466 0.000451 0.000867 0.002502259 0.005754465 0.003210636 0.003079185 0.002358948 0.003617327 0.00358698 0.004678506 0.004390105 0.006112226 0.00387237 0.00449997 0.00542675 0.0038361 0.005976355 0.007650757 0.006628028 0.007269485 0.007726741 0.006518625 0.009473395 0.00898023 0.009820494 0.01002101 0.011003391 0.008022457 0.013877266 0.010471485 0.013036729 0.015535166 0.016311617 0.015478061 0.015493221 0.017485685 0.016551046 0.019789012 0.01806678 0.019303286 0.019983688 0.020356906 0.02006929 0.021518685 0.019694721 0.021225833 0.023883507 0.023021753 0.023102235 0.024578718 0.021895206 0.023970093 0.025306133 0.025807912 0.026428932 0.026807845 0.026352689 0.027292033 0.02738195 0.029168939 0.028870351 0.028647828 0.028085549 0.029951584 0.031667401 0.029221777 0.030966633 0.032498669 0.034049244 0.035729988 0.035400993 0.036444514 0.033365268 0.038355415 0.041980601 0.04386755 0.046347458 0 0 0 0 0 0 0.058022887 0.062499887 0.068331994 0.073984702 0.064643381 0.076401015 0.092311989 0.031076733 0.069666537 0.021288721 0.405879704 -1.718099121 -9.508302707 -31.59524229
553.698 0 0 0 0 0 0 0 0 0 0 0 0 0 0 0 0 0 0 -0.005927889 -0.001089038 -0.002861049 -0.006249724 -0.005457038 -0.002153248 -0.002454069 -0.001856396 -0.000119 -0.000568 0.000438 0.001147804 -0.003306769 0.003648838 0.001503272 0.001643922 0.00472147 0.001541467 0.003533828 0.003567339 0.003582461 0.004056412 0.005113068 0.007290305 0.005242944 0.006270973 0.006985857 0.008632759 0.007285455 0.008950484 0.008473712 0.008950714 0.008728132 0.014646596 0.012080251 0.012526243 0.012718804 0.013069367 0.013588426 0.015191105 0.016988424 0.016377181 0.015102347 0.014715693 0.017274167 0.018961617 0.018525267 0.018169299 0.021762098 0.021252705 0.019451954 0.022457164 0.020349499 0.022793274 0.022736452 0.024334593 0.023724657 0.022429169 0.023489397 0.024045644 0.023275053 0.023989463 0.025287005 0.025068474 0.025863532 0.028086948 0.025561365 0.028364567 0.025942253 0.025143766 0.028791986 0.027308906 0.030961422 0.031837979 0.032377914 0.030461496 0.033767671 0.038027066 0 0 0 0 0 0 0.042412259 0.049599998 0.051028301 0.055139754 0.053791397 0.049156694 0.026875061 0.036207397 -0.010898785 -0.003298174 -0.021399921 -0.426319309 -2.083897769 -6.364335101 -23.98754924
557.032 0 0 0 0 0 0 0 0 0 0 0 0 0 0 0 0 0 0.001317058 0.002887688 0.003118549 0.007237947 0.007421431 0.004061534 0.002157034 0.004654488 0.005950923 0.004392935 0.004437728 0.005142153 0.006386077 0.007230327 0.006631427 0.006378673 0.008318882 0.003343142 0.008341604 0.007570727 0.007564065 0.007867771 0.008815946 0.007160862 0.007899782 0.008089942 0.00868392 0.009440866 0.009606516 0.0115318 0.013488939 0.010554674 0.013693952 0.012508739 0.012453589 0.013448231 0.016827534 0.016363308 0.015928729 0.018147427 0.015696774 0.017271269 0.017875572 0.017229515 0.01886884 0.020121355 0.021019635 0.020936713 0.022920545 0.019339574 0.023760036 0.025321808 0.0228491 0.025158703 0.02501909 0.024194767 0.023574875 0.025021381 0.026656515 0.025549323 0.025978009 0.025539507 0.029295178 0.027664644 0.02552467 0.026256614 0.028642295 0.026725602 0.029108287 0.031014679 0.032226123 0.030765787 0.033126875 0.034305081 0.03097246 0.034264038 0.03385992 0.037990518 0.035465602 0 0 0 0 0 0 0.052631043 0.056822089 0.052627996 0.054881697 0.061330503 0.076372095 0.081506409 0.07818578 0.089946578 0.190363992 0.30004396 0.426890912 1.728742476 7.846517598 21.16502295
560.367 0 0 0 0 0 0 0 0 0 0 0 0 0 0 0 0 0.00170958 -0.001161077 0.00193861 -0.000157 -2.39e-06 0.002634366 0.001126133 -0.00230942 0.001689745 0.001123439 0.001553512 0.004237504 0.000661 0.004636243 0.002022073 0.002903961 -0.000268 0.002984183 0.002790422 0.005363547 0.005557275 0.00463433 0.005892995 0.006673413 0.005775231 0.00688076 0.006348905 0.006272008 0.006987024 0.008339547 0.00977085 0.009248204 0.011102328 0.009580991 0.011045142 0.010213406 0.013106656 0.0136009 0.013805442 0.014787344 0.014747387 0.014836452 0.01612051 0.017301108 0.016901136 0.017431832 0.017668538 0.01618668 0.017640225 0.018323706 0.018483237 0.019756806 0.018680943 0.022714823 0.020588386 0.021472712 0.022925968 0.021777788 0.022857701 0.022611524 0.023747269 0.021097798 0.024587015 0.023058998 0.022882604 0.022824187 0.024118837 0.025130244 0.023517127 0.025254406 0.024952933 0.025515852 0.02599918 0.031264507 0.030321404 0.029037252 0.030995556 0.031530734 0.032971333 0 0 0 0 0 0 0.04547721 0.045371912 0.051871699 0.04383473 0.053437827 0.0445267 0.056936392 0.052632384 0.026234832 0.022169997 0.087411029 -0.086281093 -0.018510437 0.72101234 3.953163107 -3.85881699
563.703 0 0 0 0 0 0 0 0 0 0 0 0 0 0 0 -0.001597396 -0.001380754 -0.00435901 -0.007660122 -0.005701995 -0.00214571 0.003251066 -0.000712 -0.000823 -0.001446738 0.0032744 0.000241 -0.000231 -0.000667 0.003933714 0.000511 3.37e-06 0.001439542 0.003680769 0.00273276 0.005883454 0.005032658 0.002998097 0.005052421 0.005488618 0.005972765 0.004785315 0.006748624 0.005966638 0.007276542 0.006831151 0.005757668 0.009559083 0.010719296 0.010149173 0.009352169 0.01106467 0.011285127 0.013516279 0.013083032 0.014036194 0.011558405 0.010599871 0.013301867 0.012279698 0.01394537 0.015675581 0.016401028 0.014939653 0.014577789 0.019200584 0.017597249 0.015961387 0.018636744 0.018936995 0.01909033 0.019245511 0.018823554 0.019874426 0.022127442 0.019292823 0.022706833 0.019240542 0.019899064 0.022668124 0.024585754 0.020832022 0.023351795 0.023754197 0.023961191 0.023369443 0.026316771 0.025836034 0.027086087 0.023856298 0.027258167 0.026214674 0.02678049 0.026788399 0.031645564 0 0 0 0 0 0 0.041997881 0.032122922 0.040531673 0.041471264 0.057186507 0.048944591 0.054586989 0.042180089 0.024175874 0.003787117 -0.013540255 -0.007256371 -0.226571343 -1.212096697 -8.985144096 -29.27828214
567.039 0 0 0 0 0 0 0 0 0 0 0 0 0 0 -0.000734 0.005529514 0.00259973 0.002525383 -0.003603282 0.004772442 0.003846582 0.001486205 0.002571825 0.005085728 0.001318747 0.004553261 0.002785942 0.000348 0.004687823 0.002562933 0.005122874 0.004216002 0.006688529 0.004033144 0.005073162 0.003781886 0.004116621 0.006025962 0.004818104 0.005783253 0.006386538 0.004660876 0.008005464 0.008025806 0.007025498 0.00875926 0.008242287 0.008165316 0.010525277 0.006096827 0.010492595 0.007708454 0.010107201 0.014633047 0.012360822 0.013579336 0.013885893 0.015852312 0.014212875 0.017006179 0.013472221 0.013735335 0.015205745 0.016740289 0.015209027 0.017314444 0.016147158 0.017955409 0.017849457 0.020595956 0.017838666 0.018013035 0.020838446 0.022212436 0.018991379 0.019177956 0.021011911 0.02151826 0.020458134 0.023305627 0.021031921 0.020579267 0.02168622 0.022022156 0.024448818 0.024262633 0.02228407 0.025362478 0.024906951 0.024225467 0.024295709 0.024449657 0.026411387 0.029907355 0 0 0 0 0 0 0.033494117 0.037399331 0.042859735 0.047723552 0.045356901 0.045437446 0.054974477 0.037512602 0.053347069 0.030061673 0.082330434 0.071564014 -0.051011217 -0.322334158 -0.367099069 0.246895393 -25.53484505
570.375 0 0 0 0 0 0 0 0 0 0 0 0 0 -0.007272701 -0.002227414 -0.006849593 -0.002627613 -0.000511 -0.001653214 -0.00337554 0.002799801 -0.004651542 0.002023253 -4.46e-07 -0.0008 0.000767 0.001591504 -0.003637233 0.000451 0.003237724 0.000726 0.002280286 0.003197193 0.001273549 0.005128275 0.003503643 0.002630612 0.003961236 0.004739814 0.005292098 0.006063825 0.005137769 0.006850585 0.004318829 0.007157903 0.007429134 0.005643441 0.005347111 0.007281144 0.011440825 0.008543119 0.009166772 0.008026981 0.008456624 0.008180721 0.013424248 0.010813599 0.012323623 0.012298919 0.013268013 0.011089715 0.012724297 0.008960526 0.008829618 0.014472448 0.013041133 0.01632 0.016726442 0.01561805 0.014596271 0.018386463 0.017920773 0.014449426 0.01645624 0.016879334 0.016816511 0.017069736 0.018796434 0.018247492 0.018803086 0.019056856 0.017100213 0.016467075 0.020032037 0.021014016 0.021335679 0.020384532 0.023949838 0.021549262 0.02492859 0.025381359 0.026708132 0.024506304 0.025942819 0 0 0 0 0 0 0.030685158 0.035163074 0.038207406 0.029154302 0.040539345 0.048868754 0.035685438 0.029754999 0.030927201 0.004674549 -0.007431562 0.031028864 -0.169421783 -0.057427355 -1.352904982 -8.106448306 -30.78217456
573.713 0 0 0 0 0 0 0 0 0 0 0 0 -0.005541379 0.001343569 -0.000932 -0.000181 -0.004389483 -0.003243353 0.003647821 -0.001772918 -0.003739894 0.001653502 -0.007672309 -0.000417 -0.001871649 0.001793813 -0.002454161 0.002234395 -0.000226 -0.000432 -0.000207 0.002284204 0.002014167 0.00153175 0.006570683 0.00167536 0.002857843 0.003258952 0.003514387 0.00541079 0.003823093 0.006816427 0.00542328 0.007285694 0.007633512 0.006825586 0.007406783 0.008578799 0.007463327 0.00723692 0.006580458 0.009881189 0.009068987 0.010618711 0.010578558 0.010748516 0.012375567 0.011116671 0.011637716 0.010264709 0.011027513 0.011517365 0.011123104 0.013448407 0.012867592 0.014195476 0.013425243 0.012573499 0.015952078 0.014846961 0.016571131 0.014583056 0.014974349 0.0149072 0.016851415 0.015569384 0.01623349 0.014799735 0.018360716 0.016533227 0.017938693 0.018050674 0.017658512 0.019186961 0.019211841 0.022822497 0.01812537 0.020453947 0.019438036 0.019472633 0.023236261 0.022290281 0.021879908 0 0 0 0 0 0 0.02710759 0.03274068 0.035024586 0.036587969 0.028402858 0.029063977 0.031302024 0.031691916 0.038585126 0.02066431 0.012881313 -0.001924754 -0.006937369 -0.228879899 -0.537722479 -1.852218151 -5.60263056 -33.83449616
577.05 0 0 0 0 0 0 0 0 0 0 0 0.003877477 0.002179614 -0.000382 -0.003909128 -0.00506661 -0.002286269 -0.001708457 0.000334 0.002906818 0.003433395 0.002258193 0.000868 0.000697 0.00120129 0.001155367 0.002212226 0.002120233 -0.000226 0.003358581 0.002495806 0.002691387 0.002384105 0.00341002 0.004643485 0.003916088 0.001473431 0.002623849 0.002737841 0.006136751 0.006333316 0.005493368 0.006628164 0.006345492 0.006266282 0.007396638 0.008228417 0.005982006 0.007391876 0.01017914 0.007625307 0.006820283 0.009888725 0.010206196 0.009295431 0.010163996 0.011779899 0.011711984 0.01105428 0.014394717 0.01330746 0.011625984 0.01191206 0.014725102 0.013216227 0.014212801 0.014139762 0.013796026 0.014427644 0.013856678 0.014450152 0.01495816 0.01436729 0.014585827 0.015511125 0.015865846 0.016867344 0.013406322 0.017781257 0.014311502 0.017827533 0.015202065 0.018262154 0.018919613 0.019551621 0.01734315 0.019308362 0.020572372 0.017477004 0.021908703 0.018946151 0.021467801 0.020118908 0 0 0 0 0 0 0.02928167 0.028819346 0.037949604 0.039335313 0.038298598 0.03631617 0.034306752 0.049885255 0.026942689 0.036620652 0.057479691 0.096900705 0.024229697 -0.059158481 0.250272702 -0.312021893 0.504420621 17.96811948
580.388 0 0 0 0 0 0 0 0 0 0 -0.006696742 -0.006922746 -0.010877137 -0.000387 -0.002418501 -0.006681159 0.002281263 -0.005795913 0.002982363 -0.00177236 0.001559841 -0.003302178 0.001158781 0.001812114 -0.000265 -0.002944956 0.000613 0.001997823 -0.001130031 -0.000108 0.002074831 0.000892 0.002195807 0.00017 0.001602868 0.003109599 0.007093125 0.004752624 0.005070534 0.006562385 0.004996151 0.004049026 0.004226631 0.005434095 0.005678154 0.004526179 0.006392161 0.006352845 0.003274932 0.00715186 0.006340331 0.009724362 0.006358197 0.006191266 0.006830471 0.005257935 0.010369862 0.009463588 0.011634031 0.009277306 0.009664574 0.009743475 0.012232126 0.011769965 0.011303256 0.009477827 0.012723734 0.011893301 0.011604439 0.013392415 0.01413498 0.012389778 0.013641723 0.014208579 0.013498742 0.014408378 0.014135772 0.015600388 0.013355631 0.014957973 0.013529089 0.016781537 0.014848166 0.016646797 0.014880977 0.016586818 0.015808559 0.018162579 0.018995754 0.017415302 0.018815071 0.019041254 0 0 0 0 0 0 0.027732488 0.026380212 0.02280348 0.028176516 0.023400265 0.029202914 0.032485682 0.035709103 0.0361983 0.006437563 0.013499112 0.022233135 0.015098174 -4.53e-06 -0.073776843 -0.268925366 -1.234797642 -5.863335706 -18.93761838
583.727 0 0 0 0 0 0 0 0 0 0.005584338 0.001460505 0.003247605 -0.004337769 -0.005342822 0.000191 -0.000179 -0.001749878 5.09e-06 0.000335 0.000804 -0.000159 0.001942143 -0.003754657 0.002077467 -0.000936 0.005233478 0.001222243 0.002108673 0.001464589 0.001291952 0.001758642 0.001093755 -0.000183 0.004408612 0.002525169 0.003894072 0.002337599 0.004880616 0.004277126 0.005993188 0.004931494 0.005699908 0.005948157 0.006626492 0.005946254 0.006306845 0.005232454 0.003736529 0.004734803 0.005503813 0.007422896 0.010451689 0.007938844 0.008017939 0.009316782 0.008011472 0.008806205 0.009350424 0.011163899 0.010489838 0.012605184 0.011911906 0.012957732 0.01123169 0.012408727 0.012068122 0.011139884 0.010732392 0.012958434 0.014502065 0.009884679 0.013401683 0.013734676 0.013748616 0.013387127 0.014835629 0.013218744 0.014743949 0.015800376 0.015046847 0.016222985 0.01456278 0.014654362 0.014813742 0.016523973 0.017327132 0.016085322 0.017930585 0.019709791 0.017889193 0.019760316 0.019832097 0 0 0 0 0 0 0.02480103 0.028239801 0.025103078 0.027206774 0.03061655 0.03591374 0.027085021 0.026043396 0.03202026 0.029716225 0.035630865 0.021004157 0.034072858 0.048199937 -0.066203655 -0.573396611 -0.18058337 -1.994352798 -0.015429583
587.066 0 0 0 0 0 0 0 0 0.004201885 -0.001286668 -0.001251921 0.009336887 0.006112692 9.35e-07 0.000185 0.004499487 0.002973785 0.003058113 0.005288301 0.006101368 0.007299844 0.003895549 0.001007958 0.004994538 0.002263693 0.004596134 0.00366777 0.004452515 0.00236615 0.003127299 0.006307887 0.000892 0.004560807 0.005596617 0.005798545 0.003816037 0.003574002 0.004742789 0.005573489 0.003959027 0.00625122 0.005129897 0.006147197 0.006785799 0.005775774 0.00717117 0.006440554 0.007326475 0.006049086 0.010536126 0.008853596 0.008242481 0.009622262 0.010083958 0.009751905 0.009361851 0.009267071 0.011241197 0.009707078 0.010939399 0.009545994 0.011037077 0.009377546 0.013068369 0.012332184 0.01295264 0.011994682 0.014845946 0.014500848 0.012415978 0.015304454 0.013545679 0.013602042 0.013340915 0.013528033 0.013354024 0.011812189 0.014415026 0.014392912 0.017218494 0.015339673 0.013312333 0.016669402 0.01682113 0.018066819 0.012399771 0.014117877 0.014820824 0.017306143 0.019051893 0.019218001 0 0 0 0 0 0 0.023468119 0.026546825 0.026302621 0.023132017 0.030727869 0.033538499 0.032112229 0.032084934 0.036335549 0.036994185 0.051830558 0.026918774 0.043172534 0.028372647 0.089385854 -0.014710437 0.038153914 1.166361244 -5.056920342 -9.954604426
590.406 0 0 0 0 0 0 0.005904227 0.007116117 0.00111465 0.000434 0.001897083 0.005946969 0.003186604 0.009652397 -0.001309036 0.004730173 0.004771629 0.005839451 -0.000167 0.00616572 0.002509184 0.004389484 0.000873 0.006308208 0.004840572 0.003998418 0.006546385 0.004498294 0.003642216 0.007404451 0.000837 0.005503177 0.005529505 0.005397005 0.004416354 0.004338084 0.004786325 0.005723847 0.003667329 0.006498709 0.005180592 0.005326174 0.004307515 0.004729501 0.007221734 0.005433291 0.00677799 0.009483615 0.008421783 0.009086309 0.008543309 0.008093578 0.008540135 0.010187347 0.008256382 0.008322989 0.011296668 0.010113426 0.012673528 0.011412059 0.012646901 0.011417648 0.010422235 0.010511924 0.010725301 0.01035243 0.009940192 0.013187699 0.010875769 0.013271439 0.013519567 0.014113903 0.013252737 0.014729016 0.014697647 0.013286705 0.015324001 0.012933067 0.015289168 0.014313883 0.015360125 0.014931669 0.014089871 0.016396301 0.015066389 0.0196812 0.018329103 0.017103665 0.016525034 0.022381551 0.018211909 0 0 0 0 0 0 0.026428145 0.028726402 0.026751025 0.03175829 0.029710373 0.032410229 0.029692082 0.033354322 0.037820355 0.036461448 0.035310485 0.038395134 0.050687454 0.026758406 0.152882321 0.483078849 0.096687082 2.485999449 2.056034461 1.022456303
593.746 0 0 0 0 0 0.002936827 -0.004288479 -0.003009991 5.21e-06 0.003950704 0.00297752 1.06e-06 0.001607234 -0.006030794 0.006422041 -0.001466239 0.000535 -0.001209287 0.001013301 0.000819 0.000946 0.003052992 0.000735 -0.000285 -0.001222572 0.002082168 0.00274145 0.002627448 0.00046 0.003845157 0.006957315 0.004346073 0.005671514 0.00043 0.002744063 0.002106516 0.00274904 0.002523656 0.004624551 0.003812021 0.003484395 0.003825471 0.005356018 0.006326515 0.004429928 0.005230866 0.005265615 0.008166889 0.003496879 0.007098351 0.005553561 0.007154677 0.006756635 0.006003977 0.006867758 0.008396714 0.008352908 0.008110404 0.006039052 0.00679445 0.005781477 0.010707963 0.009646571 0.010941874 0.00665749 0.008822264 0.009321851 0.010714312 0.008506197 0.010590616 0.010587348 0.011444512 0.01259065 0.010933266 0.012055083 0.011618031 0.010123829 0.011340113 0.010415546 0.012713931 0.011859221 0.012147242 0.011221434 0.01329095 0.013474635 0.013774837 0.012213902 0.015277277 0.01421224 0.015893125 0 0 0 0 0 0 0.015569764 0.023053702 0.025938551 0.022671661 0.020957229 0.022588002 0.022789996 0.02274439 0.026981325 0.031043959 0.020688094 0.029094431 0.014530963 0.003572154 0.005824404 0.024568934 -0.262430881 -0.331085312 -0.810808507 -2.580046095 -6.051687786
597.086 0 0 0 0 -0.00303826 0.000245 0.000961 -0.008175703 -0.004089563 0.000659 -0.000215 0.000834 1.42e-06 -0.000202 -0.002857775 -1.58e-06 0.000899 0.001047242 0.001186759 -0.000661 0.004151468 0.004621928 0.002373389 0.002284691 0.001506844 0.001180469 0.004146251 0.00493695 0.001389019 0.001773014 0.00244521 -0.001109773 0.001311614 0.003746788 0.004227492 0.002696984 0.003668582 0.003203255 0.003197038 0.002317379 0.003412854 0.003367528 0.003922405 0.003675979 0.004995247 0.005145796 0.004136823 0.004469736 0.006301723 0.003997652 0.008694014 0.005414964 0.00846713 0.008028116 0.008329855 0.006465418 0.005430794 0.008518016 0.007769818 0.008321441 0.005553144 0.006895516 0.007447023 0.007185308 0.004615331 0.005632553 0.007982212 0.007741988 0.008428119 0.010831076 0.007751868 0.009232388 0.010840556 0.008903926 0.011317625 0.007554936 0.009656064 0.011024045 0.012650557 0.012679049 0.011614548 0.010746003 0.012937464 0.012794994 0.014537693 0.012910936 0.011980923 0.014631537 0.015396969 0.014112295 0 0 0 0 0 0 0.017957833 0.020060999 0.021152732 0.023945908 0.014830398 0.023454478 0.028472248 0.028247551 0.022726533 0.023392174 0.02039927 0.013164903 0.030107433 0.025182284 -0.01749699 -0.03537069 -0.158748668 0.038657599 -1.075745906 -2.875840486 16.19279027
600.427 0 0 0 -0.005571798 -0.003085778 -0.000251 0.005119176 -0.002843939 0.003455564 0.001124095 0.001305657 -0.000635 -0.002468508 6.5e-07 -0.003088845 0.001876743 -0.001094976 -0.004782287 0.006894686 0.002512475 -0.005183703 0.000937 0.006620042 -0.001448287 -3.17e-06 0.001331483 0.001657417 0.000489 0.00117522 0.001009103 0.002050893 0.001665949 0.002282397 0.001856562 0.003327646 0.003898002 0.002887297 0.003100958 0.005474553 0.002982268 0.004023387 0.004457817 0.004963034 0.004388141 0.004353422 0.006704311 0.003778059 0.006605307 0.002809955 0.004897566 0.005023954 0.003736579 0.00874161 0.006811304 0.005529818 0.008357141 0.006309816 0.007186243 0.006539842 0.005932862 0.008076558 0.008747314 0.009778486 0.009632441 0.007152781 0.009029192 0.00720899 0.009410411 0.008857909 0.00752383 0.009723316 0.009294824 0.009551672 0.010325712 0.009852654 0.01048006 0.009658686 0.011325107 0.008554092 0.011169774 0.011641855 0.010103974 0.010668208 0.010661203 0.01178334 0.009033611 0.013439308 0.012822179 0.016428382 0 0 0 0 0 0 0.018917008 0.013924589 0.016362332 0.017688244 0.01877774 0.016078959 0.024029614 0.031680419 0.022702934 0.031830205 0.029851182 0.018348505 0.028554855 0.018994081 0.02433813 -0.01375955 0.071724519 0.168765062 -0.279161735 -1.091999732 -3.970666806 13.45874922
603.768 0 0 0.002227744 0.000537 0.007030457 0.000505 0.004927359 -0.004308997 0.002095095 0.008826479 0.005937311 0.006204956 0.006234382 0.00564417 0.00254067 0.005122763 -0.000922 0.008778685 -0.001388913 0.003554965 -0.001804165 0.000468 0.001667017 0.003505127 0.00322437 0.001480672 0.004252009 0.000494 0.003087764 0.003064457 0.005997289 0.004392727 0.003845138 0.003663991 0.005574297 0.005950956 0.002382792 0.005296791 0.00498681 0.003999359 0.00452944 0.00585591 0.006269739 0.00410219 0.004942176 0.005734037 0.005586034 0.005871344 0.00585569 0.006829773 0.005743321 0.007637526 0.008601255 0.00381317 0.007858531 0.008129919 0.00597341 0.009251459 0.008418243 0.010214915 0.012150053 0.009024851 0.007995733 0.006048931 0.007399872 0.008201522 0.009724382 0.009509935 0.011731468 0.011256687 0.013275996 0.011687752 0.012214719 0.009928136 0.009885914 0.012297288 0.010185562 0.008826589 0.010772355 0.012074485 0.012988918 0.010136969 0.010475862 0.013587632 0.012150896 0.01399319 0.013496524 0.016687191 0.013969403 0 0 0 0 0 0 0.01812802 0.017731142 0.018476685 0.016876814 0.018978257 0.026252207 0.025904987 0.022540349 0.027533665 0.025272784 0.025906292 0.032332018 0.038063996 0.009184464 0.051652259 0.081673116 0.130521771 -0.124065195 -0.080444251 1.492429875 -0.772547514 16.71236221
607.109 0 0.000868 0.005030992 0.003235873 -0.001039695 0.000252 -0.003219813 -0.001927152 0.007955777 0.001136646 0.003095177 0.004086829 0.003760371 -0.000402 0.002944289 0.000763 0.002038638 -0.001800983 0.003151992 -0.001360093 0.001644447 0.004762784 0.004431189 0.002201186 0.010297022 0.007845898 0.004145355 0.00148981 0.003939639 0.001139059 0.002303297 0.004938774 0.003962667 0.004223499 0.004003488 0.004213537 0.005171988 0.001648548 0.005837327 0.003670837 0.004502 0.00422715 0.005777828 0.005016323 0.004483898 0.006747301 0.002843695 0.005336109 0.005540881 0.006523865 0.00560865 0.007114717 0.007103642 0.00639469 0.00767405 0.007697861 0.008845548 0.005389604 0.009193069 0.005464861 0.00820738 0.008984061 0.010661547 0.008114597 0.009431225 0.008333522 0.0097754 0.009325429 0.010242518 0.008947279 0.008749352 0.009518991 0.011324612 0.010055927 0.009650817 0.011362706 0.01201818 0.011223656 0.011259469 0.013216448 0.012555702 0.01070926 0.011672382 0.010833192 0.01246275 0.011457714 0.01243879 0.013473726 0 0 0 0 0 0 0.017232156 0.014851239 0.015647648 0.017824889 0.013807415 0.023381461 0.020947839 0.02814065 0.023176244 0.026816684 0.037295553 0.033052497 0.044934843 0.034559824 0.017620294 0.048219756 0.052068557 -0.036426169 0.085739786 0.243596556 1.042018299 1.341638985 -23.06849977
610.451 0.004532035 -0.007892407 -0.001693571 2.19e-06 -0.003432828 -0.001025895 0.009006277 -0.000487 0.000239 -0.002523279 -0.001563098 -0.003910321 -0.003166789 0.000619 0.003965967 -0.00077 0.002995305 0.002906356 -0.002830941 0.003266099 -0.004321719 -0.002247376 0.003548502 0 0.001422074 0.001366418 -0.000262 0.000125 0.003497552 0.00034 0.001108845 0.001703222 0.004491171 0.000726 0.001887623 0.000766 0.001873018 0.00477489 0.001526217 0.001648746 0.002822407 0.003457105 0.003926 0.002927274 0.00324379 0.00337544 0.002872291 0.003755755 0.005687274 0.005029073 0.00287436 0.00391469 0.005615317 0.005012926 0.005217435 0.00368717 0.005737844 0.007638838 0.005332034 0.005896296 0.006070954 0.00339334 0.005836903 0.008730191 0.007689524 0.006286697 0.006826362 0.005585251 0.007366061 0.008341452 0.00853106 0.009389528 0.009283247 0.007138131 0.00909303 0.005991757 0.00818832 0.008036186 0.008131695 0.008779012 0.008571687 0.011490382 0.009260549 0.011260409 0.007731367 0.008933535 0.010277829 0.011896203 0 0 0 0 0 0 0.011285893 0.012475522 0.015671311 0.017856807 0.015458417 0.012282252 0.024756389 0.015735118 0.016906803 0.020386414 0.016999447 0.020421106 0.022689993 0.014339811 0.00762969 -0.014982128 0.022280941 -0.003662591 -0.102356348 0.30734076 0.198467543 -4.327309959 5.349638572
613.792 0.001794978 0.008972565 -0.002515543 -0.001619229 0.004957471 -0.00152421 0.003715728 0.002649337 0.003746614 0.000454 0.002874277 0.002796443 0.004388297 0.005462319 0.007460732 -0.001526292 0.000927 0.002883695 0.001048713 0.005274978 -0.00180997 0.005082868 0.004739447 -0.000441 0.003667981 0.00351746 0.00233202 0.001738354 -0.001431498 0.001822352 0.00252175 0.004092251 0.001159843 0.003415503 0.00480299 0.002949979 0.003783072 0.002701063 0.003021951 0.003612606 0.002742905 0.003120755 0.003835044 0.003121528 0.00424206 0.005894889 0.006469748 0.005255397 0.002683597 0.005581713 0.004186937 0.006311927 0.005174477 0.006321523 0.006915472 0.006349755 0.005600218 0.005303281 0.005826629 0.00999378 0.004581485 0.008609593 0.009125879 0.006702732 0.00631666 0.009349721 0.003417755 0.006795255 0.009937671 0.007877802 0.009657948 0.00832809 0.010297112 0.010130186 0.007779551 0.009505629 0.009672864 0.01129804 0.008410502 0.01142227 0.009144353 0.010343772 0.011829812 0.007459084 0.010102071 0.010700375 0.010700521 0 0 0 0 0 0 0.014118125 0.013624965 0.014856181 0.014569463 0.017981956 0.019473956 0.023945309 0.029124947 0.021631652 0.024724482 0.023360896 0.023435981 0.029564205 0.034425407 0.039496877 0.062086187 0.045754574 -0.036007037 0.131200541 0.109143137 -0.263760185 0.457338853 -1.35726943 -28.36854392
617.135 0.003056682 0.005027401 -8.19e-08 0.004961306 0.001338141 -0.005449944 -0.00253119 -0.000985 0.00263006 0.004412037 0.004066684 -0.000219 0.002776218 0.00021 -0.000803 0.003897488 0.008523943 0.004231517 -0.001788481 0.006780384 0.003530833 0.000645 -0.00047 0.003004566 0.00417801 0.001935311 0.007148355 0.007865824 0.005490007 0.001163325 0.002128348 0.004928692 0.002568101 0.002938263 0.002727337 0.004391843 0.004181099 0.002529506 0.004070346 0.002917618 0.003119874 0.003753987 0.004723244 0.004328697 0.005386866 0.003882066 0.003922684 0.003801054 0.00344963 0.005441309 0.005305403 0.003881138 0.005288399 0.006306143 0.008386506 0.003162237 0.006551061 0.006129497 0.004743515 0.005392234 0.008581727 0.006788837 0.005261918 0.006758648 0.009993829 0.006453423 0.007408888 0.007996516 0.006421863 0.006641763 0.007322719 0.008742507 0.007514069 0.007296528 0.010528458 0.008105667 0.007557626 0.007039317 0.00852128 0.009762245 0.009714073 0.009360209 0.008595034 0.009708443 0.010487906 0.013087234 0.010845605 0 0 0 0 0 0 0.013636763 0.012255666 0.016458609 0.016275874 0.01515555 0.012578697 0.016820343 0.017553677 0.006412483 0.02684074 0.021509211 0.013827418 0.016291661 0.021005745 0.022066894 0.01543178 0.02779197 -8.86e-05 1.96e-05 -0.031859169 0.08275221 2.330405303 4.10444337 3.141210512
